16.000000       	0.000003  
47.000000       	0.000107  
65.000000       	0.000201  
77.000000       	0.000311  
82.000000       	0.000418  
85.000000       	0.000543  
87.000000       	0.000638  
88.000000       	0.000702  
89.000000       	0.000818  
90.000000       	0.000907  
92.000000       	0.001117  
93.000000       	0.001215  
94.000000       	0.001383  
95.000000       	0.001517  
96.000000       	0.001673  
97.000000       	0.001825  
98.000000       	0.002005  
99.000000       	0.002219  
100.000000      	0.002436  
101.000000      	0.002686  
102.000000      	0.002952  
103.000000      	0.003196  
104.000000      	0.003516  
105.000000      	0.004017  
106.000000      	0.004408  
107.000000      	0.004869  
108.000000      	0.005317  
109.000000      	0.005861  
110.000000      	0.006483  
111.000000      	0.007115  
112.000000      	0.007826  
113.000000      	0.008602  
114.000000      	0.009398  
115.000000      	0.010302  
116.000000      	0.011184  
117.000000      	0.012069  
118.000000      	0.013134  
119.000000      	0.014166  
120.000000      	0.015347  
121.000000      	0.016584  
122.000000      	0.017933  
123.000000      	0.019303  
124.000000      	0.020720  
125.000000      	0.022240  
126.000000      	0.023973  
127.000000      	0.025707  
128.000000      	0.027419  
129.000000      	0.029230  
130.000000      	0.031107  
131.000000      	0.033158  
132.000000      	0.035017  
133.000000      	0.037193  
134.000000      	0.039446  
135.000000      	0.041976  
136.000000      	0.044604  
137.000000      	0.047239  
138.000000      	0.049967  
139.000000      	0.052705  
140.000000      	0.055706  
141.000000      	0.058587  
142.000000      	0.061603  
143.000000      	0.064686  
144.000000      	0.067921  
145.000000      	0.071123  
146.000000      	0.074374  
147.000000      	0.077765  
148.000000      	0.081080  
149.000000      	0.084352  
150.000000      	0.087762  
151.000000      	0.091211  
152.000000      	0.094450  
153.000000      	0.098027  
154.000000      	0.101601  
155.000000      	0.105090  
156.000000      	0.108643  
157.000000      	0.112428  
158.000000      	0.116103  
159.000000      	0.119848  
160.000000      	0.123594  
161.000000      	0.127415  
162.000000      	0.131185  
163.000000      	0.134890  
164.000000      	0.138715  
165.000000      	0.142332  
166.000000      	0.146199  
167.000000      	0.149752  
168.000000      	0.152985  
169.000000      	0.156346  
170.000000      	0.159737  
171.000000      	0.163079  
172.000000      	0.166263  
173.000000      	0.169428  
174.000000      	0.172676  
175.000000      	0.176021  
176.000000      	0.179132  
177.000000      	0.182169  
178.000000      	0.185276  
179.000000      	0.188222  
180.000000      	0.191164  
181.000000      	0.194284  
182.000000      	0.197376  
183.000000      	0.200291  
184.000000      	0.203416  
185.000000      	0.206432  
186.000000      	0.209307  
187.000000      	0.212149  
188.000000      	0.215229  
189.000000      	0.218129  
190.000000      	0.221105  
191.000000      	0.224038  
192.000000      	0.226923  
193.000000      	0.229886  
194.000000      	0.232753  
195.000000      	0.235771  
196.000000      	0.238522  
197.000000      	0.241394  
198.000000      	0.244220  
199.000000      	0.246922  
200.000000      	0.249696  
201.000000      	0.252437  
202.000000      	0.255136  
203.000000      	0.257858  
204.000000      	0.260667  
205.000000      	0.263514  
206.000000      	0.266179  
207.000000      	0.268789  
208.000000      	0.271313  
209.000000      	0.274054  
210.000000      	0.276872  
211.000000      	0.279478  
212.000000      	0.282149  
213.000000      	0.284829  
214.000000      	0.287781  
215.000000      	0.290687  
216.000000      	0.293397  
217.000000      	0.296211  
218.000000      	0.298864  
219.000000      	0.301507  
220.000000      	0.304325  
221.000000      	0.307212  
222.000000      	0.310005  
223.000000      	0.312883  
224.000000      	0.315869  
225.000000      	0.318613  
226.000000      	0.321735  
227.000000      	0.324718  
228.000000      	0.327803  
229.000000      	0.330664  
230.000000      	0.333624  
231.000000      	0.336497  
232.000000      	0.339451  
233.000000      	0.342470  
234.000000      	0.345321  
235.000000      	0.348202  
236.000000      	0.351243  
237.000000      	0.354213  
238.000000      	0.357128  
239.000000      	0.360259  
240.000000      	0.363260  
241.000000      	0.366047  
242.000000      	0.368986  
243.000000      	0.371864  
244.000000      	0.374691  
245.000000      	0.377447  
246.000000      	0.380304  
247.000000      	0.383231  
248.000000      	0.386171  
249.000000      	0.389104  
250.000000      	0.392096  
251.000000      	0.395008  
252.000000      	0.397981  
253.000000      	0.400914  
254.000000      	0.403866  
255.000000      	0.406854  
256.000000      	0.409732  
257.000000      	0.412647  
258.000000      	0.415733  
259.000000      	0.418520  
260.000000      	0.421151  
261.000000      	0.424069  
262.000000      	0.426575  
263.000000      	0.429219  
264.000000      	0.431615  
265.000000      	0.434099  
266.000000      	0.436511  
267.000000      	0.438977  
268.000000      	0.441455  
269.000000      	0.443983  
270.000000      	0.446290  
271.000000      	0.448680  
272.000000      	0.451132  
273.000000      	0.453467  
274.000000      	0.455860  
275.000000      	0.458115  
276.000000      	0.460548  
277.000000      	0.462929  
278.000000      	0.465270  
279.000000      	0.467627  
280.000000      	0.469763  
281.000000      	0.471885  
282.000000      	0.473823  
283.000000      	0.475657  
284.000000      	0.477583  
285.000000      	0.479403  
286.000000      	0.481203  
287.000000      	0.482986  
288.000000      	0.484683  
289.000000      	0.486493  
290.000000      	0.488248  
291.000000      	0.489939  
292.000000      	0.491542  
293.000000      	0.493123  
294.000000      	0.494625  
295.000000      	0.496181  
296.000000      	0.497720  
297.000000      	0.499139  
298.000000      	0.500754  
299.000000      	0.502152  
300.000000      	0.503550  
301.000000      	0.505033  
302.000000      	0.506361  
303.000000      	0.507814  
304.000000      	0.509053  
305.000000      	0.510427  
306.000000      	0.511831  
307.000000      	0.513021  
308.000000      	0.514181  
309.000000      	0.515393  
310.000000      	0.516577  
311.000000      	0.517682  
312.000000      	0.518766  
313.000000      	0.519825  
314.000000      	0.520924  
315.000000      	0.521882  
316.000000      	0.522768  
317.000000      	0.523668  
318.000000      	0.524483  
319.000000      	0.525362  
320.000000      	0.526153  
321.000000      	0.526836  
322.000000      	0.527545  
323.000000      	0.528308  
324.000000      	0.529135  
325.000000      	0.529864  
326.000000      	0.530710  
327.000000      	0.531549  
328.000000      	0.532355  
329.000000      	0.533161  
330.000000      	0.534016  
331.000000      	0.534742  
332.000000      	0.535484  
333.000000      	0.536192  
334.000000      	0.536864  
335.000000      	0.537575  
336.000000      	0.538335  
337.000000      	0.539113  
338.000000      	0.539876  
339.000000      	0.540624  
340.000000      	0.541277  
341.000000      	0.542028  
342.000000      	0.542645  
343.000000      	0.543264  
344.000000      	0.543985  
345.000000      	0.544675  
346.000000      	0.545432  
347.000000      	0.546179  
348.000000      	0.546988  
349.000000      	0.547794  
350.000000      	0.548557  
351.000000      	0.549253  
352.000000      	0.549952  
353.000000      	0.550584  
354.000000      	0.551130  
355.000000      	0.551619  
356.000000      	0.552135  
357.000000      	0.552681  
358.000000      	0.553154  
359.000000      	0.553597  
360.000000      	0.554036  
361.000000      	0.554525  
362.000000      	0.554940  
363.000000      	0.555343  
364.000000      	0.555721  
365.000000      	0.556112  
366.000000      	0.556490  
367.000000      	0.556826  
368.000000      	0.557263  
369.000000      	0.557665  
370.000000      	0.558032  
371.000000      	0.558456  
372.000000      	0.558917  
373.000000      	0.559268  
374.000000      	0.559659  
375.000000      	0.560080  
376.000000      	0.560461  
377.000000      	0.560861  
378.000000      	0.561304  
379.000000      	0.561676  
380.000000      	0.562055  
381.000000      	0.562439  
382.000000      	0.562870  
383.000000      	0.563337  
384.000000      	0.563770  
385.000000      	0.564207  
386.000000      	0.564661  
387.000000      	0.565012  
388.000000      	0.565428  
389.000000      	0.565928  
390.000000      	0.566429  
391.000000      	0.566945  
392.000000      	0.567436  
393.000000      	0.567985  
394.000000      	0.568483  
395.000000      	0.569042  
396.000000      	0.569561  
397.000000      	0.570140  
398.000000      	0.570711  
399.000000      	0.571288  
400.000000      	0.571792  
401.000000      	0.572384  
402.000000      	0.572863  
403.000000      	0.573449  
404.000000      	0.574069  
405.000000      	0.574716  
406.000000      	0.575330  
407.000000      	0.575983  
408.000000      	0.576584  
409.000000      	0.577133  
410.000000      	0.577665  
411.000000      	0.578150  
412.000000      	0.578684  
413.000000      	0.579209  
414.000000      	0.579816  
415.000000      	0.580369  
416.000000      	0.580845  
417.000000      	0.581388  
418.000000      	0.581849  
419.000000      	0.582390  
420.000000      	0.582832  
421.000000      	0.583354  
422.000000      	0.583766  
423.000000      	0.584197  
424.000000      	0.584664  
425.000000      	0.585161  
426.000000      	0.585616  
427.000000      	0.586086  
428.000000      	0.586574  
429.000000      	0.587029  
430.000000      	0.587527  
431.000000      	0.587988  
432.000000      	0.588452  
433.000000      	0.588864  
434.000000      	0.589294  
435.000000      	0.589697  
436.000000      	0.590158  
437.000000      	0.590564  
438.000000      	0.590994  
439.000000      	0.591464  
440.000000      	0.591898  
441.000000      	0.592331  
442.000000      	0.592752  
443.000000      	0.593140  
444.000000      	0.593549  
445.000000      	0.593970  
446.000000      	0.594389  
447.000000      	0.594761  
448.000000      	0.595179  
449.000000      	0.595613  
450.000000      	0.596025  
451.000000      	0.596415  
452.000000      	0.596803  
453.000000      	0.597093  
454.000000      	0.597539  
455.000000      	0.597935  
456.000000      	0.598326  
457.000000      	0.598711  
458.000000      	0.599135  
459.000000      	0.599477  
460.000000      	0.599868  
461.000000      	0.600231  
462.000000      	0.600603  
463.000000      	0.600945  
464.000000      	0.601241  
465.000000      	0.601543  
466.000000      	0.601888  
467.000000      	0.602282  
468.000000      	0.602606  
469.000000      	0.602938  
470.000000      	0.603372  
471.000000      	0.603738  
472.000000      	0.604171  
473.000000      	0.604538  
474.000000      	0.604873  
475.000000      	0.605188  
476.000000      	0.605521  
477.000000      	0.605939  
478.000000      	0.606262  
479.000000      	0.606586  
480.000000      	0.606940  
481.000000      	0.607266  
482.000000      	0.607602  
483.000000      	0.607978  
484.000000      	0.608304  
485.000000      	0.608634  
486.000000      	0.608957  
487.000000      	0.609330  
488.000000      	0.609660  
489.000000      	0.609986  
490.000000      	0.610346  
491.000000      	0.610676  
492.000000      	0.611006  
493.000000      	0.611372  
494.000000      	0.611735  
495.000000      	0.612046  
496.000000      	0.612416  
497.000000      	0.612758  
498.000000      	0.613148  
499.000000      	0.613509  
500.000000      	0.613860  
501.000000      	0.614156  
502.000000      	0.614491  
503.000000      	0.614769  
504.000000      	0.615090  
505.000000      	0.615429  
506.000000      	0.615776  
507.000000      	0.616100  
508.000000      	0.616445  
509.000000      	0.616808  
510.000000      	0.617120  
511.000000      	0.617471  
512.000000      	0.617757  
513.000000      	0.618133  
514.000000      	0.618408  
515.000000      	0.618780  
516.000000      	0.619159  
517.000000      	0.619479  
518.000000      	0.619790  
519.000000      	0.620160  
520.000000      	0.620483  
521.000000      	0.620788  
522.000000      	0.621115  
523.000000      	0.621439  
524.000000      	0.621747  
525.000000      	0.622055  
526.000000      	0.622376  
527.000000      	0.622623  
528.000000      	0.622931  
529.000000      	0.623261  
530.000000      	0.623627  
531.000000      	0.623905  
532.000000      	0.624219  
533.000000      	0.624522  
534.000000      	0.624793  
535.000000      	0.625147  
536.000000      	0.625401  
537.000000      	0.625678  
538.000000      	0.626026  
539.000000      	0.626335  
540.000000      	0.626609  
541.000000      	0.626924  
542.000000      	0.627229  
543.000000      	0.627549  
544.000000      	0.627867  
545.000000      	0.628172  
546.000000      	0.628474  
547.000000      	0.628816  
548.000000      	0.629125  
549.000000      	0.629488  
550.000000      	0.629759  
551.000000      	0.630077  
552.000000      	0.630391  
553.000000      	0.630715  
554.000000      	0.631054  
555.000000      	0.631438  
556.000000      	0.631725  
557.000000      	0.632036  
558.000000      	0.632345  
559.000000      	0.632626  
560.000000      	0.632961  
561.000000      	0.633315  
562.000000      	0.633633  
563.000000      	0.633905  
564.000000      	0.634210  
565.000000      	0.634527  
566.000000      	0.634887  
567.000000      	0.635202  
568.000000      	0.635504  
569.000000      	0.635809  
570.000000      	0.636096  
571.000000      	0.636429  
572.000000      	0.636749  
573.000000      	0.637076  
574.000000      	0.637409  
575.000000      	0.637693  
576.000000      	0.637976  
577.000000      	0.638315  
578.000000      	0.638575  
579.000000      	0.638917  
580.000000      	0.639203  
581.000000      	0.639469  
582.000000      	0.639805  
583.000000      	0.640144  
584.000000      	0.640409  
585.000000      	0.640739  
586.000000      	0.641023  
587.000000      	0.641310  
588.000000      	0.641642  
589.000000      	0.641920  
590.000000      	0.642247  
591.000000      	0.642582  
592.000000      	0.642912  
593.000000      	0.643242  
594.000000      	0.643532  
595.000000      	0.643776  
596.000000      	0.644075  
597.000000      	0.644429  
598.000000      	0.644802  
599.000000      	0.645137  
600.000000      	0.645418  
601.000000      	0.645769  
602.000000      	0.646068  
603.000000      	0.646355  
604.000000      	0.646663  
605.000000      	0.647008  
606.000000      	0.647289  
607.000000      	0.647585  
608.000000      	0.647857  
609.000000      	0.648168  
610.000000      	0.648480  
611.000000      	0.648770  
612.000000      	0.649047  
613.000000      	0.649319  
614.000000      	0.649670  
615.000000      	0.650003  
616.000000      	0.650305  
617.000000      	0.650683  
618.000000      	0.650964  
619.000000      	0.651221  
620.000000      	0.651547  
621.000000      	0.651846  
622.000000      	0.652118  
623.000000      	0.652384  
624.000000      	0.652710  
625.000000      	0.652976  
626.000000      	0.653269  
627.000000      	0.653537  
628.000000      	0.653827  
629.000000      	0.654139  
630.000000      	0.654407  
631.000000      	0.654728  
632.000000      	0.655073  
633.000000      	0.655405  
634.000000      	0.655726  
635.000000      	0.655995  
636.000000      	0.656294  
637.000000      	0.656590  
638.000000      	0.656904  
639.000000      	0.657222  
640.000000      	0.657527  
641.000000      	0.657853  
642.000000      	0.658113  
643.000000      	0.658433  
644.000000      	0.658739  
645.000000      	0.659050  
646.000000      	0.659392  
647.000000      	0.659761  
648.000000      	0.660021  
649.000000      	0.660381  
650.000000      	0.660598  
651.000000      	0.660921  
652.000000      	0.661226  
653.000000      	0.661535  
654.000000      	0.661822  
655.000000      	0.662191  
656.000000      	0.662533  
657.000000      	0.662887  
658.000000      	0.663204  
659.000000      	0.663522  
660.000000      	0.663861  
661.000000      	0.664160  
662.000000      	0.664483  
663.000000      	0.664810  
664.000000      	0.665130  
665.000000      	0.665481  
666.000000      	0.665784  
667.000000      	0.666092  
668.000000      	0.666385  
669.000000      	0.666687  
670.000000      	0.667011  
671.000000      	0.667258  
672.000000      	0.667600  
673.000000      	0.667920  
674.000000      	0.668253  
675.000000      	0.668555  
676.000000      	0.668888  
677.000000      	0.669184  
678.000000      	0.669468  
679.000000      	0.669773  
680.000000      	0.670026  
681.000000      	0.670383  
682.000000      	0.670686  
683.000000      	0.670979  
684.000000      	0.671247  
685.000000      	0.671525  
686.000000      	0.671833  
687.000000      	0.672172  
688.000000      	0.672474  
689.000000      	0.672862  
690.000000      	0.673124  
691.000000      	0.673430  
692.000000      	0.673698  
693.000000      	0.673979  
694.000000      	0.674294  
695.000000      	0.674565  
696.000000      	0.674922  
697.000000      	0.675188  
698.000000      	0.675505  
699.000000      	0.675774  
700.000000      	0.676030  
701.000000      	0.676354  
702.000000      	0.676732  
703.000000      	0.677038  
704.000000      	0.677437  
705.000000      	0.677752  
706.000000      	0.678082  
707.000000      	0.678393  
708.000000      	0.678677  
709.000000      	0.678985  
710.000000      	0.679257  
711.000000      	0.679565  
712.000000      	0.679855  
713.000000      	0.680197  
714.000000      	0.680520  
715.000000      	0.680868  
716.000000      	0.681155  
717.000000      	0.681460  
718.000000      	0.681818  
719.000000      	0.682077  
720.000000      	0.682352  
721.000000      	0.682712  
722.000000      	0.683054  
723.000000      	0.683402  
724.000000      	0.683649  
725.000000      	0.683976  
726.000000      	0.684345  
727.000000      	0.684720  
728.000000      	0.685004  
729.000000      	0.685349  
730.000000      	0.685673  
731.000000      	0.685972  
732.000000      	0.686338  
733.000000      	0.686686  
734.000000      	0.686994  
735.000000      	0.687306  
736.000000      	0.687629  
737.000000      	0.687990  
738.000000      	0.688319  
739.000000      	0.688588  
740.000000      	0.688890  
741.000000      	0.689226  
742.000000      	0.689558  
743.000000      	0.689873  
744.000000      	0.690230  
745.000000      	0.690547  
746.000000      	0.690856  
747.000000      	0.691219  
748.000000      	0.691546  
749.000000      	0.691915  
750.000000      	0.692275  
751.000000      	0.692611  
752.000000      	0.692934  
753.000000      	0.693243  
754.000000      	0.693612  
755.000000      	0.693929  
756.000000      	0.694284  
757.000000      	0.694625  
758.000000      	0.695010  
759.000000      	0.695321  
760.000000      	0.695639  
761.000000      	0.696023  
762.000000      	0.696323  
763.000000      	0.696628  
764.000000      	0.696997  
765.000000      	0.697324  
766.000000      	0.697638  
767.000000      	0.697943  
768.000000      	0.698285  
769.000000      	0.698658  
770.000000      	0.698975  
771.000000      	0.699302  
772.000000      	0.699659  
773.000000      	0.700040  
774.000000      	0.700376  
775.000000      	0.700687  
776.000000      	0.701002  
777.000000      	0.701374  
778.000000      	0.701731  
779.000000      	0.702040  
780.000000      	0.702342  
781.000000      	0.702705  
782.000000      	0.703035  
783.000000      	0.703380  
784.000000      	0.703715  
785.000000      	0.704060  
786.000000      	0.704448  
787.000000      	0.704814  
788.000000      	0.705101  
789.000000      	0.705483  
790.000000      	0.705800  
791.000000      	0.706145  
792.000000      	0.706462  
793.000000      	0.706814  
794.000000      	0.707116  
795.000000      	0.707537  
796.000000      	0.707891  
797.000000      	0.708239  
798.000000      	0.708590  
799.000000      	0.708920  
800.000000      	0.709240  
801.000000      	0.709606  
802.000000      	0.710000  
803.000000      	0.710299  
804.000000      	0.710644  
805.000000      	0.711069  
806.000000      	0.711392  
807.000000      	0.711710  
808.000000      	0.712073  
809.000000      	0.712402  
810.000000      	0.712711  
811.000000      	0.713138  
812.000000      	0.713520  
813.000000      	0.713898  
814.000000      	0.714301  
815.000000      	0.714646  
816.000000      	0.715000  
817.000000      	0.715345  
818.000000      	0.715714  
819.000000      	0.716090  
820.000000      	0.716395  
821.000000      	0.716743  
822.000000      	0.717127  
823.000000      	0.717494  
824.000000      	0.717778  
825.000000      	0.718126  
826.000000      	0.718388  
827.000000      	0.718764  
828.000000      	0.719069  
829.000000      	0.719435  
830.000000      	0.719768  
831.000000      	0.720094  
832.000000      	0.720375  
833.000000      	0.720711  
834.000000      	0.721074  
835.000000      	0.721413  
836.000000      	0.721734  
837.000000      	0.722085  
838.000000      	0.722445  
839.000000      	0.722771  
840.000000      	0.723073  
841.000000      	0.723461  
842.000000      	0.723788  
843.000000      	0.724117  
844.000000      	0.724468  
845.000000      	0.724801  
846.000000      	0.725125  
847.000000      	0.725464  
848.000000      	0.725808  
849.000000      	0.726141  
850.000000      	0.726486  
851.000000      	0.726868  
852.000000      	0.727161  
853.000000      	0.727502  
854.000000      	0.727811  
855.000000      	0.728220  
856.000000      	0.728513  
857.000000      	0.728861  
858.000000      	0.729187  
859.000000      	0.729551  
860.000000      	0.729844  
861.000000      	0.730170  
862.000000      	0.730521  
863.000000      	0.730808  
864.000000      	0.731196  
865.000000      	0.731544  
866.000000      	0.731855  
867.000000      	0.732179  
868.000000      	0.732511  
869.000000      	0.732832  
870.000000      	0.733131  
871.000000      	0.733458  
872.000000      	0.733760  
873.000000      	0.734096  
874.000000      	0.734370  
875.000000      	0.734755  
876.000000      	0.735118  
877.000000      	0.735475  
878.000000      	0.735851  
879.000000      	0.736186  
880.000000      	0.736507  
881.000000      	0.736782  
882.000000      	0.737087  
883.000000      	0.737438  
884.000000      	0.737713  
885.000000      	0.738015  
886.000000      	0.738259  
887.000000      	0.738506  
888.000000      	0.738824  
889.000000      	0.739163  
890.000000      	0.739526  
891.000000      	0.739834  
892.000000      	0.740133  
893.000000      	0.740460  
894.000000      	0.740780  
895.000000      	0.741101  
896.000000      	0.741424  
897.000000      	0.741745  
898.000000      	0.742123  
899.000000      	0.742426  
900.000000      	0.742731  
901.000000      	0.743045  
902.000000      	0.743357  
903.000000      	0.743677  
904.000000      	0.744004  
905.000000      	0.744291  
906.000000      	0.744565  
907.000000      	0.744855  
908.000000      	0.745164  
909.000000      	0.745490  
910.000000      	0.745847  
911.000000      	0.746165  
912.000000      	0.746473  
913.000000      	0.746812  
914.000000      	0.747068  
915.000000      	0.747392  
916.000000      	0.747758  
917.000000      	0.748079  
918.000000      	0.748405  
919.000000      	0.748732  
920.000000      	0.749061  
921.000000      	0.749327  
922.000000      	0.749647  
923.000000      	0.749937  
924.000000      	0.750255  
925.000000      	0.750578  
926.000000      	0.750887  
927.000000      	0.751201  
928.000000      	0.751525  
929.000000      	0.751805  
930.000000      	0.752099  
931.000000      	0.752352  
932.000000      	0.752663  
933.000000      	0.752935  
934.000000      	0.753252  
935.000000      	0.753579  
936.000000      	0.753872  
937.000000      	0.754195  
938.000000      	0.754446  
939.000000      	0.754739  
940.000000      	0.755014  
941.000000      	0.755255  
942.000000      	0.755554  
943.000000      	0.755795  
944.000000      	0.756112  
945.000000      	0.756430  
946.000000      	0.756720  
947.000000      	0.757022  
948.000000      	0.757321  
949.000000      	0.757581  
950.000000      	0.757828  
951.000000      	0.758127  
952.000000      	0.758389  
953.000000      	0.758667  
954.000000      	0.758945  
955.000000      	0.759238  
956.000000      	0.759549  
957.000000      	0.759800  
958.000000      	0.760071  
959.000000      	0.760358  
960.000000      	0.760596  
961.000000      	0.760868  
962.000000      	0.761164  
963.000000      	0.761411  
964.000000      	0.761671  
965.000000      	0.761900  
966.000000      	0.762153  
967.000000      	0.762397  
968.000000      	0.762678  
969.000000      	0.763008  
970.000000      	0.763261  
971.000000      	0.763505  
972.000000      	0.763804  
973.000000      	0.764055  
974.000000      	0.764311  
975.000000      	0.764607  
976.000000      	0.764876  
977.000000      	0.765160  
978.000000      	0.765425  
979.000000      	0.765691  
980.000000      	0.765929  
981.000000      	0.766188  
982.000000      	0.766445  
983.000000      	0.766692  
984.000000      	0.767009  
985.000000      	0.767296  
986.000000      	0.767580  
987.000000      	0.767882  
988.000000      	0.768133  
989.000000      	0.768453  
990.000000      	0.768731  
991.000000      	0.768941  
992.000000      	0.769235  
993.000000      	0.769500  
994.000000      	0.769726  
995.000000      	0.769985  
996.000000      	0.770220  
997.000000      	0.770446  
998.000000      	0.770694  
999.000000      	0.770962  
1000.000000     	0.771231  
1001.000000     	0.771441  
1002.000000     	0.771713  
1003.000000     	0.771966  
1004.000000     	0.772296  
1005.000000     	0.772476  
1006.000000     	0.772720  
1007.000000     	0.773007  
1008.000000     	0.773209  
1009.000000     	0.773459  
1010.000000     	0.773700  
1011.000000     	0.773972  
1012.000000     	0.774185  
1013.000000     	0.774405  
1014.000000     	0.774625  
1015.000000     	0.774857  
1016.000000     	0.775162  
1017.000000     	0.775422  
1018.000000     	0.775672  
1019.000000     	0.775895  
1020.000000     	0.776136  
1021.000000     	0.776374  
1022.000000     	0.776585  
1023.000000     	0.776841  
1024.000000     	0.777082  
1025.000000     	0.777326  
1026.000000     	0.777555  
1027.000000     	0.777796  
1028.000000     	0.777998  
1029.000000     	0.778209  
1030.000000     	0.778425  
1031.000000     	0.778691  
1032.000000     	0.778886  
1033.000000     	0.779118  
1034.000000     	0.779341  
1035.000000     	0.779606  
1036.000000     	0.779872  
1037.000000     	0.780104  
1038.000000     	0.780309  
1039.000000     	0.780492  
1040.000000     	0.780727  
1041.000000     	0.780968  
1042.000000     	0.781163  
1043.000000     	0.781343  
1044.000000     	0.781569  
1045.000000     	0.781810  
1046.000000     	0.782006  
1047.000000     	0.782210  
1048.000000     	0.782457  
1049.000000     	0.782644  
1050.000000     	0.782873  
1051.000000     	0.783114  
1052.000000     	0.783349  
1053.000000     	0.783523  
1054.000000     	0.783755  
1055.000000     	0.783965  
1056.000000     	0.784170  
1057.000000     	0.784393  
1058.000000     	0.784600  
1059.000000     	0.784832  
1060.000000     	0.785076  
1061.000000     	0.785299  
1062.000000     	0.785476  
1063.000000     	0.785696  
1064.000000     	0.785934  
1065.000000     	0.786163  
1066.000000     	0.786398  
1067.000000     	0.786642  
1068.000000     	0.786835  
1069.000000     	0.787042  
1070.000000     	0.787280  
1071.000000     	0.787512  
1072.000000     	0.787698  
1073.000000     	0.787943  
1074.000000     	0.788190  
1075.000000     	0.788443  
1076.000000     	0.788684  
1077.000000     	0.788904  
1078.000000     	0.789072  
1079.000000     	0.789240  
1080.000000     	0.789481  
1081.000000     	0.789704  
1082.000000     	0.789920  
1083.000000     	0.790143  
1084.000000     	0.790326  
1085.000000     	0.790531  
1086.000000     	0.790738  
1087.000000     	0.790912  
1088.000000     	0.791135  
1089.000000     	0.791315  
1090.000000     	0.791495  
1091.000000     	0.791694  
1092.000000     	0.791920  
1093.000000     	0.792136  
1094.000000     	0.792368  
1095.000000     	0.792521  
1096.000000     	0.792741  
1097.000000     	0.792912  
1098.000000     	0.793080  
1099.000000     	0.793235  
1100.000000     	0.793470  
1101.000000     	0.793699  
1102.000000     	0.793931  
1103.000000     	0.794133  
1104.000000     	0.794353  
1105.000000     	0.794548  
1106.000000     	0.794774  
1107.000000     	0.794978  
1108.000000     	0.795183  
1109.000000     	0.795366  
1110.000000     	0.795564  
1111.000000     	0.795720  
1112.000000     	0.795949  
1113.000000     	0.796144  
1114.000000     	0.796330  
1115.000000     	0.796559  
1116.000000     	0.796770  
1117.000000     	0.797005  
1118.000000     	0.797182  
1119.000000     	0.797353  
1120.000000     	0.797576  
1121.000000     	0.797771  
1122.000000     	0.797957  
1123.000000     	0.798156  
1124.000000     	0.798342  
1125.000000     	0.798546  
1126.000000     	0.798714  
1127.000000     	0.798931  
1128.000000     	0.799105  
1129.000000     	0.799249  
1130.000000     	0.799450  
1131.000000     	0.799633  
1132.000000     	0.799828  
1133.000000     	0.800002  
1134.000000     	0.800198  
1135.000000     	0.800405  
1136.000000     	0.800564  
1137.000000     	0.800729  
1138.000000     	0.800949  
1139.000000     	0.801165  
1140.000000     	0.801358  
1141.000000     	0.801565  
1142.000000     	0.801758  
1143.000000     	0.801950  
1144.000000     	0.802133  
1145.000000     	0.802286  
1146.000000     	0.802466  
1147.000000     	0.802637  
1148.000000     	0.802832  
1149.000000     	0.803046  
1150.000000     	0.803238  
1151.000000     	0.803427  
1152.000000     	0.803595  
1153.000000     	0.803815  
1154.000000     	0.803983  
1155.000000     	0.804169  
1156.000000     	0.804386  
1157.000000     	0.804621  
1158.000000     	0.804810  
1159.000000     	0.805014  
1160.000000     	0.805179  
1161.000000     	0.805362  
1162.000000     	0.805582  
1163.000000     	0.805793  
1164.000000     	0.805976  
1165.000000     	0.806153  
1166.000000     	0.806303  
1167.000000     	0.806486  
1168.000000     	0.806651  
1169.000000     	0.806837  
1170.000000     	0.807014  
1171.000000     	0.807179  
1172.000000     	0.807383  
1173.000000     	0.807566  
1174.000000     	0.807780  
1175.000000     	0.807978  
1176.000000     	0.808186  
1177.000000     	0.808360  
1178.000000     	0.808525  
1179.000000     	0.808717  
1180.000000     	0.808931  
1181.000000     	0.809120  
1182.000000     	0.809337  
1183.000000     	0.809547  
1184.000000     	0.809703  
1185.000000     	0.809898  
1186.000000     	0.810081  
1187.000000     	0.810231  
1188.000000     	0.810377  
1189.000000     	0.810518  
1190.000000     	0.810707  
1191.000000     	0.810863  
1192.000000     	0.811095  
1193.000000     	0.811281  
1194.000000     	0.811485  
1195.000000     	0.811653  
1196.000000     	0.811830  
1197.000000     	0.812035  
1198.000000     	0.812239  
1199.000000     	0.812426  
1200.000000     	0.812575  
1201.000000     	0.812719  
1202.000000     	0.812883  
1203.000000     	0.813073  
1204.000000     	0.813207  
1205.000000     	0.813363  
1206.000000     	0.813518  
1207.000000     	0.813726  
1208.000000     	0.813909  
1209.000000     	0.814059  
1210.000000     	0.814281  
1211.000000     	0.814394  
1212.000000     	0.814605  
1213.000000     	0.814791  
1214.000000     	0.814983  
1215.000000     	0.815170  
1216.000000     	0.815328  
1217.000000     	0.815493  
1218.000000     	0.815649  
1219.000000     	0.815820  
1220.000000     	0.815994  
1221.000000     	0.816165  
1222.000000     	0.816314  
1223.000000     	0.816525  
1224.000000     	0.816693  
1225.000000     	0.816855  
1226.000000     	0.817013  
1227.000000     	0.817175  
1228.000000     	0.817334  
1229.000000     	0.817468  
1230.000000     	0.817691  
1231.000000     	0.817880  
1232.000000     	0.818066  
1233.000000     	0.818213  
1234.000000     	0.818396  
1235.000000     	0.818610  
1236.000000     	0.818768  
1237.000000     	0.818942  
1238.000000     	0.819141  
1239.000000     	0.819361  
1240.000000     	0.819519  
1241.000000     	0.819666  
1242.000000     	0.819849  
1243.000000     	0.819999  
1244.000000     	0.820133  
1245.000000     	0.820304  
1246.000000     	0.820432  
1247.000000     	0.820597  
1248.000000     	0.820743  
1249.000000     	0.820933  
1250.000000     	0.821085  
1251.000000     	0.821226  
1252.000000     	0.821372  
1253.000000     	0.821546  
1254.000000     	0.821729  
1255.000000     	0.821885  
1256.000000     	0.822062  
1257.000000     	0.822273  
1258.000000     	0.822431  
1259.000000     	0.822584  
1260.000000     	0.822746  
1261.000000     	0.822941  
1262.000000     	0.823127  
1263.000000     	0.823286  
1264.000000     	0.823448  
1265.000000     	0.823652  
1266.000000     	0.823854  
1267.000000     	0.824037  
1268.000000     	0.824183  
1269.000000     	0.824391  
1270.000000     	0.824550  
1271.000000     	0.824766  
1272.000000     	0.824953  
1273.000000     	0.825090  
1274.000000     	0.825325  
1275.000000     	0.825478  
1276.000000     	0.825636  
1277.000000     	0.825826  
1278.000000     	0.826042  
1279.000000     	0.826198  
1280.000000     	0.826387  
1281.000000     	0.826540  
1282.000000     	0.826741  
1283.000000     	0.826891  
1284.000000     	0.827034  
1285.000000     	0.827233  
1286.000000     	0.827422  
1287.000000     	0.827626  
1288.000000     	0.827803  
1289.000000     	0.827932  
1290.000000     	0.828109  
1291.000000     	0.828258  
1292.000000     	0.828426  
1293.000000     	0.828551  
1294.000000     	0.828750  
1295.000000     	0.828905  
1296.000000     	0.829089  
1297.000000     	0.829244  
1298.000000     	0.829406  
1299.000000     	0.829568  
1300.000000     	0.829751  
1301.000000     	0.829961  
1302.000000     	0.830120  
1303.000000     	0.830294  
1304.000000     	0.830486  
1305.000000     	0.830685  
1306.000000     	0.830813  
1307.000000     	0.830966  
1308.000000     	0.831158  
1309.000000     	0.831363  
1310.000000     	0.831521  
1311.000000     	0.831698  
1312.000000     	0.831891  
1313.000000     	0.832049  
1314.000000     	0.832217  
1315.000000     	0.832324  
1316.000000     	0.832492  
1317.000000     	0.832654  
1318.000000     	0.832825  
1319.000000     	0.833038  
1320.000000     	0.833209  
1321.000000     	0.833386  
1322.000000     	0.833566  
1323.000000     	0.833731  
1324.000000     	0.833914  
1325.000000     	0.834055  
1326.000000     	0.834250  
1327.000000     	0.834424  
1328.000000     	0.834577  
1329.000000     	0.834714  
1330.000000     	0.834867  
1331.000000     	0.835007  
1332.000000     	0.835172  
1333.000000     	0.835364  
1334.000000     	0.835544  
1335.000000     	0.835685  
1336.000000     	0.835853  
1337.000000     	0.836033  
1338.000000     	0.836167  
1339.000000     	0.836332  
1340.000000     	0.836509  
1341.000000     	0.836649  
1342.000000     	0.836796  
1343.000000     	0.836988  
1344.000000     	0.837156  
1345.000000     	0.837330  
1346.000000     	0.837519  
1347.000000     	0.837739  
1348.000000     	0.837858  
1349.000000     	0.838026  
1350.000000     	0.838203  
1351.000000     	0.838386  
1352.000000     	0.838526  
1353.000000     	0.838679  
1354.000000     	0.838899  
1355.000000     	0.839036  
1356.000000     	0.839228  
1357.000000     	0.839427  
1358.000000     	0.839580  
1359.000000     	0.839732  
1360.000000     	0.839897  
1361.000000     	0.840083  
1362.000000     	0.840257  
1363.000000     	0.840431  
1364.000000     	0.840611  
1365.000000     	0.840794  
1366.000000     	0.841005  
1367.000000     	0.841191  
1368.000000     	0.841350  
1369.000000     	0.841493  
1370.000000     	0.841655  
1371.000000     	0.841811  
1372.000000     	0.841988  
1373.000000     	0.842134  
1374.000000     	0.842299  
1375.000000     	0.842482  
1376.000000     	0.842665  
1377.000000     	0.842803  
1378.000000     	0.842931  
1379.000000     	0.843139  
1380.000000     	0.843316  
1381.000000     	0.843477  
1382.000000     	0.843664  
1383.000000     	0.843822  
1384.000000     	0.843960  
1385.000000     	0.844186  
1386.000000     	0.844405  
1387.000000     	0.844567  
1388.000000     	0.844744  
1389.000000     	0.844878  
1390.000000     	0.845046  
1391.000000     	0.845205  
1392.000000     	0.845385  
1393.000000     	0.845565  
1394.000000     	0.845745  
1395.000000     	0.845907  
1396.000000     	0.846081  
1397.000000     	0.846276  
1398.000000     	0.846441  
1399.000000     	0.846585  
1400.000000     	0.846774  
1401.000000     	0.846872  
1402.000000     	0.847061  
1403.000000     	0.847238  
1404.000000     	0.847391  
1405.000000     	0.847531  
1406.000000     	0.847662  
1407.000000     	0.847833  
1408.000000     	0.847992  
1409.000000     	0.848148  
1410.000000     	0.848306  
1411.000000     	0.848459  
1412.000000     	0.848605  
1413.000000     	0.848743  
1414.000000     	0.848862  
1415.000000     	0.849011  
1416.000000     	0.849182  
1417.000000     	0.849335  
1418.000000     	0.849521  
1419.000000     	0.849671  
1420.000000     	0.849823  
1421.000000     	0.850009  
1422.000000     	0.850171  
1423.000000     	0.850309  
1424.000000     	0.850510  
1425.000000     	0.850684  
1426.000000     	0.850843  
1427.000000     	0.851008  
1428.000000     	0.851166  
1429.000000     	0.851371  
1430.000000     	0.851523  
1431.000000     	0.851664  
1432.000000     	0.851823  
1433.000000     	0.851942  
1434.000000     	0.852113  
1435.000000     	0.852259  
1436.000000     	0.852433  
1437.000000     	0.852604  
1438.000000     	0.852796  
1439.000000     	0.852961  
1440.000000     	0.853098  
1441.000000     	0.853227  
1442.000000     	0.853407  
1443.000000     	0.853541  
1444.000000     	0.853718  
1445.000000     	0.853840  
1446.000000     	0.853978  
1447.000000     	0.854142  
1448.000000     	0.854310  
1449.000000     	0.854487  
1450.000000     	0.854640  
1451.000000     	0.854826  
1452.000000     	0.854979  
1453.000000     	0.855131  
1454.000000     	0.855324  
1455.000000     	0.855510  
1456.000000     	0.855687  
1457.000000     	0.855833  
1458.000000     	0.855998  
1459.000000     	0.856184  
1460.000000     	0.856322  
1461.000000     	0.856505  
1462.000000     	0.856679  
1463.000000     	0.856865  
1464.000000     	0.857021  
1465.000000     	0.857201  
1466.000000     	0.857357  
1467.000000     	0.857503  
1468.000000     	0.857665  
1469.000000     	0.857790  
1470.000000     	0.857949  
1471.000000     	0.858129  
1472.000000     	0.858318  
1473.000000     	0.858455  
1474.000000     	0.858590  
1475.000000     	0.858718  
1476.000000     	0.858874  
1477.000000     	0.859026  
1478.000000     	0.859164  
1479.000000     	0.859365  
1480.000000     	0.859499  
1481.000000     	0.859710  
1482.000000     	0.859832  
1483.000000     	0.860006  
1484.000000     	0.860159  
1485.000000     	0.860290  
1486.000000     	0.860464  
1487.000000     	0.860641  
1488.000000     	0.860806  
1489.000000     	0.860961  
1490.000000     	0.861151  
1491.000000     	0.861285  
1492.000000     	0.861438  
1493.000000     	0.861554  
1494.000000     	0.861709  
1495.000000     	0.861871  
1496.000000     	0.862005  
1497.000000     	0.862140  
1498.000000     	0.862262  
1499.000000     	0.862387  
1500.000000     	0.862564  
1501.000000     	0.862695  
1502.000000     	0.862832  
1503.000000     	0.862970  
1504.000000     	0.863144  
1505.000000     	0.863306  
1506.000000     	0.863419  
1507.000000     	0.863571  
1508.000000     	0.863739  
1509.000000     	0.863898  
1510.000000     	0.864096  
1511.000000     	0.864243  
1512.000000     	0.864401  
1513.000000     	0.864533  
1514.000000     	0.864685  
1515.000000     	0.864838  
1516.000000     	0.864991  
1517.000000     	0.865128  
1518.000000     	0.865274  
1519.000000     	0.865418  
1520.000000     	0.865522  
1521.000000     	0.865711  
1522.000000     	0.865879  
1523.000000     	0.866047  
1524.000000     	0.866211  
1525.000000     	0.866367  
1526.000000     	0.866495  
1527.000000     	0.866636  
1528.000000     	0.866819  
1529.000000     	0.866987  
1530.000000     	0.867145  
1531.000000     	0.867292  
1532.000000     	0.867420  
1533.000000     	0.867588  
1534.000000     	0.867716  
1535.000000     	0.867841  
1536.000000     	0.868000  
1537.000000     	0.868159  
1538.000000     	0.868287  
1539.000000     	0.868418  
1540.000000     	0.868574  
1541.000000     	0.868724  
1542.000000     	0.868858  
1543.000000     	0.869020  
1544.000000     	0.869169  
1545.000000     	0.869304  
1546.000000     	0.869447  
1547.000000     	0.869612  
1548.000000     	0.869755  
1549.000000     	0.869905  
1550.000000     	0.870064  
1551.000000     	0.870213  
1552.000000     	0.870347  
1553.000000     	0.870488  
1554.000000     	0.870598  
1555.000000     	0.870747  
1556.000000     	0.870903  
1557.000000     	0.871053  
1558.000000     	0.871236  
1559.000000     	0.871379  
1560.000000     	0.871523  
1561.000000     	0.871648  
1562.000000     	0.871806  
1563.000000     	0.871965  
1564.000000     	0.872136  
1565.000000     	0.872283  
1566.000000     	0.872444  
1567.000000     	0.872621  
1568.000000     	0.872740  
1569.000000     	0.872893  
1570.000000     	0.873049  
1571.000000     	0.873195  
1572.000000     	0.873342  
1573.000000     	0.873497  
1574.000000     	0.873656  
1575.000000     	0.873800  
1576.000000     	0.873934  
1577.000000     	0.874074  
1578.000000     	0.874178  
1579.000000     	0.874300  
1580.000000     	0.874444  
1581.000000     	0.874615  
1582.000000     	0.874758  
1583.000000     	0.874899  
1584.000000     	0.875039  
1585.000000     	0.875188  
1586.000000     	0.875338  
1587.000000     	0.875506  
1588.000000     	0.875634  
1589.000000     	0.875762  
1590.000000     	0.875909  
1591.000000     	0.876055  
1592.000000     	0.876162  
1593.000000     	0.876333  
1594.000000     	0.876489  
1595.000000     	0.876574  
1596.000000     	0.876736  
1597.000000     	0.876876  
1598.000000     	0.877026  
1599.000000     	0.877185  
1600.000000     	0.877328  
1601.000000     	0.877459  
1602.000000     	0.877585  
1603.000000     	0.877710  
1605.000000     	0.877905  
1606.000000     	0.878039  
1607.000000     	0.878168  
1608.000000     	0.878314  
1609.000000     	0.878455  
1610.000000     	0.878607  
1611.000000     	0.878744  
1612.000000     	0.878851  
1613.000000     	0.878958  
1614.000000     	0.879059  
1615.000000     	0.879166  
1616.000000     	0.879294  
1617.000000     	0.879419  
1618.000000     	0.879563  
1619.000000     	0.879657  
1620.000000     	0.879798  
1621.000000     	0.879917  
1622.000000     	0.880051  
1623.000000     	0.880197  
1624.000000     	0.880353  
1625.000000     	0.880481  
1626.000000     	0.880622  
1627.000000     	0.880777  
1628.000000     	0.880915  
1629.000000     	0.881049  
1630.000000     	0.881162  
1631.000000     	0.881305  
1632.000000     	0.881431  
1633.000000     	0.881574  
1634.000000     	0.881751  
1635.000000     	0.881876  
1636.000000     	0.881977  
1637.000000     	0.882130  
1638.000000     	0.882294  
1639.000000     	0.882389  
1640.000000     	0.882529  
1641.000000     	0.882679  
1642.000000     	0.882826  
1643.000000     	0.882972  
1644.000000     	0.883100  
1645.000000     	0.883238  
1646.000000     	0.883363  
1647.000000     	0.883531  
1648.000000     	0.883695  
1649.000000     	0.883814  
1650.000000     	0.883924  
1651.000000     	0.884062  
1652.000000     	0.884208  
1653.000000     	0.884352  
1654.000000     	0.884501  
1655.000000     	0.884654  
1656.000000     	0.884749  
1657.000000     	0.884831  
1658.000000     	0.884971  
1659.000000     	0.885075  
1660.000000     	0.885197  
1661.000000     	0.885313  
1662.000000     	0.885441  
1663.000000     	0.885548  
1664.000000     	0.885667  
1665.000000     	0.885777  
1666.000000     	0.885915  
1667.000000     	0.886031  
1668.000000     	0.886147  
1669.000000     	0.886290  
1670.000000     	0.886415  
1671.000000     	0.886510  
1672.000000     	0.886632  
1673.000000     	0.886748  
1674.000000     	0.886876  
1675.000000     	0.887019  
1676.000000     	0.887163  
1677.000000     	0.887297  
1678.000000     	0.887444  
1679.000000     	0.887569  
1680.000000     	0.887654  
1681.000000     	0.887737  
1682.000000     	0.887877  
1683.000000     	0.887975  
1684.000000     	0.888100  
1686.000000     	0.888347  
1687.000000     	0.888485  
1688.000000     	0.888591  
1689.000000     	0.888741  
1690.000000     	0.888857  
1691.000000     	0.888958  
1692.000000     	0.889095  
1693.000000     	0.889229  
1694.000000     	0.889339  
1695.000000     	0.889449  
1696.000000     	0.889529  
1697.000000     	0.889632  
1698.000000     	0.889748  
1699.000000     	0.889877  
1700.000000     	0.889959  
1701.000000     	0.890118  
1702.000000     	0.890224  
1703.000000     	0.890316  
1704.000000     	0.890447  
1705.000000     	0.890554  
1706.000000     	0.890673  
1707.000000     	0.890777  
1708.000000     	0.890887  
1709.000000     	0.891012  
1710.000000     	0.891131  
1711.000000     	0.891253  
1712.000000     	0.891366  
1713.000000     	0.891482  
1714.000000     	0.891604  
1715.000000     	0.891723  
1716.000000     	0.891851  
1717.000000     	0.891983  
1718.000000     	0.892102  
1719.000000     	0.892236  
1720.000000     	0.892340  
1721.000000     	0.892444  
1722.000000     	0.892550  
1723.000000     	0.892636  
1724.000000     	0.892730  
1725.000000     	0.892856  
1726.000000     	0.892975  
1727.000000     	0.893078  
1728.000000     	0.893201  
1729.000000     	0.893301  
1730.000000     	0.893420  
1731.000000     	0.893536  
1732.000000     	0.893652  
1733.000000     	0.893753  
1734.000000     	0.893829  
1735.000000     	0.893915  
1736.000000     	0.894080  
1737.000000     	0.894223  
1738.000000     	0.894333  
1739.000000     	0.894409  
1740.000000     	0.894534  
1741.000000     	0.894611  
1742.000000     	0.894727  
1743.000000     	0.894827  
1744.000000     	0.894934  
1745.000000     	0.895059  
1746.000000     	0.895182  
1747.000000     	0.895255  
1748.000000     	0.895359  
1749.000000     	0.895490  
1750.000000     	0.895603  
1751.000000     	0.895703  
1752.000000     	0.895819  
1753.000000     	0.895935  
1754.000000     	0.896015  
1755.000000     	0.896116  
1756.000000     	0.896232  
1757.000000     	0.896320  
1759.000000     	0.896470  
1760.000000     	0.896549  
1761.000000     	0.896668  
1762.000000     	0.896763  
1763.000000     	0.896854  
1764.000000     	0.896946  
1765.000000     	0.897053  
1766.000000     	0.897144  
1767.000000     	0.897251  
1768.000000     	0.897358  
1769.000000     	0.897471  
1770.000000     	0.897584  
1771.000000     	0.897688  
1772.000000     	0.897788  
1773.000000     	0.897895  
1774.000000     	0.897959  
1775.000000     	0.898051  
1776.000000     	0.898170  
1777.000000     	0.898252  
1778.000000     	0.898344  
1779.000000     	0.898420  
1780.000000     	0.898527  
1781.000000     	0.898631  
1782.000000     	0.898728  
1783.000000     	0.898814  
1785.000000     	0.898991  
1786.000000     	0.899082  
1787.000000     	0.899192  
1788.000000     	0.899293  
1789.000000     	0.899388  
1790.000000     	0.899513  
1792.000000     	0.899659  
1793.000000     	0.899778  
1794.000000     	0.899882  
1795.000000     	0.899986  
1796.000000     	0.900023  
1797.000000     	0.900105  
1798.000000     	0.900206  
1799.000000     	0.900300  
1801.000000     	0.900465  
1802.000000     	0.900554  
1803.000000     	0.900639  
1804.000000     	0.900731  
1805.000000     	0.900831  
1806.000000     	0.900941  
1807.000000     	0.901033  
1809.000000     	0.901204  
1811.000000     	0.901366  
1812.000000     	0.901460  
1813.000000     	0.901534  
1814.000000     	0.901643  
1815.000000     	0.901762  
1816.000000     	0.901878  
1817.000000     	0.901979  
1818.000000     	0.902055  
1819.000000     	0.902150  
1820.000000     	0.902272  
1821.000000     	0.902358  
1822.000000     	0.902443  
1823.000000     	0.902535  
1824.000000     	0.902602  
1826.000000     	0.902809  
1827.000000     	0.902901  
1829.000000     	0.903109  
1831.000000     	0.903286  
1832.000000     	0.903356  
1833.000000     	0.903438  
1834.000000     	0.903539  
1835.000000     	0.903627  
1836.000000     	0.903713  
1838.000000     	0.903866  
1839.000000     	0.903960  
1840.000000     	0.904058  
1841.000000     	0.904149  
1842.000000     	0.904213  
1844.000000     	0.904381  
1845.000000     	0.904476  
1846.000000     	0.904580  
1847.000000     	0.904644  
1848.000000     	0.904745  
1849.000000     	0.904824  
1850.000000     	0.904922  
1851.000000     	0.905016  
1853.000000     	0.905157  
1854.000000     	0.905245  
1855.000000     	0.905337  
1856.000000     	0.905404  
1858.000000     	0.905563  
1859.000000     	0.905651  
1860.000000     	0.905731  
1861.000000     	0.905804  
1863.000000     	0.905941  
1864.000000     	0.906014  
1866.000000     	0.906170  
1867.000000     	0.906268  
1868.000000     	0.906341  
1869.000000     	0.906426  
1871.000000     	0.906573  
1872.000000     	0.906640  
1873.000000     	0.906719  
1875.000000     	0.906878  
1876.000000     	0.906967  
1877.000000     	0.907058  
1878.000000     	0.907150  
1879.000000     	0.907226  
1880.000000     	0.907309  
1882.000000     	0.907489  
1883.000000     	0.907580  
1884.000000     	0.907657  
1885.000000     	0.907727  
1886.000000     	0.907809  
1888.000000     	0.907956  
1889.000000     	0.908069  
1890.000000     	0.908157  
1891.000000     	0.908237  
1892.000000     	0.908340  
1893.000000     	0.908450  
1894.000000     	0.908508  
1895.000000     	0.908609  
1896.000000     	0.908707  
1898.000000     	0.908847  
1899.000000     	0.908939  
1900.000000     	0.909027  
1901.000000     	0.909119  
1903.000000     	0.909265  
1904.000000     	0.909335  
1905.000000     	0.909448  
1906.000000     	0.909528  
1907.000000     	0.909619  
1909.000000     	0.909760  
1910.000000     	0.909836  
1911.000000     	0.909903  
1913.000000     	0.910047  
1914.000000     	0.910141  
1915.000000     	0.910221  
1917.000000     	0.910337  
1918.000000     	0.910422  
1919.000000     	0.910507  
1921.000000     	0.910657  
1922.000000     	0.910733  
1923.000000     	0.910816  
1924.000000     	0.910910  
1926.000000     	0.911039  
1927.000000     	0.911106  
1929.000000     	0.911252  
1930.000000     	0.911326  
1931.000000     	0.911405  
1932.000000     	0.911512  
1934.000000     	0.911649  
1935.000000     	0.911744  
1936.000000     	0.911814  
1938.000000     	0.911967  
1939.000000     	0.912018  
1940.000000     	0.912101  
1942.000000     	0.912244  
1943.000000     	0.912302  
1945.000000     	0.912434  
1946.000000     	0.912504  
1948.000000     	0.912659  
1949.000000     	0.912772  
1950.000000     	0.912864  
1951.000000     	0.912952  
1952.000000     	0.913032  
1954.000000     	0.913139  
1955.000000     	0.913206  
1957.000000     	0.913355  
1958.000000     	0.913410  
1959.000000     	0.913508  
1961.000000     	0.913685  
1962.000000     	0.913774  
1963.000000     	0.913853  
1964.000000     	0.913926  
1965.000000     	0.914018  
1967.000000     	0.914170  
1968.000000     	0.914241  
1969.000000     	0.914314  
1970.000000     	0.914418  
1972.000000     	0.914546  
1973.000000     	0.914607  
1975.000000     	0.914775  
1976.000000     	0.914869  
1977.000000     	0.914952  
1978.000000     	0.915013  
1980.000000     	0.915193  
1981.000000     	0.915251  
1982.000000     	0.915330  
1983.000000     	0.915400  
1986.000000     	0.915544  
1987.000000     	0.915645  
1988.000000     	0.915718  
1989.000000     	0.915809  
1991.000000     	0.915938  
1993.000000     	0.916069  
1994.000000     	0.916142  
1995.000000     	0.916212  
1997.000000     	0.916341  
1998.000000     	0.916417  
2000.000000     	0.916560  
2001.000000     	0.916646  
2002.000000     	0.916734  
2003.000000     	0.916820  
2004.000000     	0.916905  
2006.000000     	0.917052  
2007.000000     	0.917128  
2008.000000     	0.917217  
2009.000000     	0.917302  
2011.000000     	0.917439  
2012.000000     	0.917516  
2014.000000     	0.917635  
2016.000000     	0.917751  
2017.000000     	0.917809  
2019.000000     	0.917952  
2020.000000     	0.918022  
2022.000000     	0.918160  
2023.000000     	0.918212  
2025.000000     	0.918346  
2026.000000     	0.918444  
2028.000000     	0.918544  
2029.000000     	0.918621  
2031.000000     	0.918752  
2032.000000     	0.918828  
2033.000000     	0.918905  
2035.000000     	0.919018  
2037.000000     	0.919155  
2038.000000     	0.919228  
2040.000000     	0.919314  
2042.000000     	0.919454  
2044.000000     	0.919570  
2045.000000     	0.919619  
2047.000000     	0.919720  
2049.000000     	0.919875  
2050.000000     	0.919961  
2051.000000     	0.920022  
2053.000000     	0.920141  
2054.000000     	0.920208  
2056.000000     	0.920330  
2058.000000     	0.920461  
2059.000000     	0.920522  
2061.000000     	0.920669  
2062.000000     	0.920721  
2064.000000     	0.920861  
2065.000000     	0.920910  
2066.000000     	0.921002  
2068.000000     	0.921157  
2069.000000     	0.921224  
2070.000000     	0.921301  
2072.000000     	0.921438  
2073.000000     	0.921508  
2075.000000     	0.921649  
2076.000000     	0.921713  
2078.000000     	0.921850  
2080.000000     	0.921960  
2081.000000     	0.922036  
2082.000000     	0.922122  
2083.000000     	0.922210  
2085.000000     	0.922351  
2086.000000     	0.922451  
2087.000000     	0.922519  
2089.000000     	0.922635  
2090.000000     	0.922714  
2092.000000     	0.922857  
2093.000000     	0.922943  
2094.000000     	0.923007  
2096.000000     	0.923163  
2097.000000     	0.923218  
2099.000000     	0.923349  
2100.000000     	0.923407  
2102.000000     	0.923520  
2104.000000     	0.923630  
2105.000000     	0.923712  
2106.000000     	0.923804  
2108.000000     	0.923920  
2110.000000     	0.924078  
2111.000000     	0.924164  
2112.000000     	0.924240  
2114.000000     	0.924368  
2115.000000     	0.924442  
2117.000000     	0.924570  
2118.000000     	0.924622  
2120.000000     	0.924744  
2121.000000     	0.924817  
2123.000000     	0.924936  
2125.000000     	0.925043  
2126.000000     	0.925110  
2128.000000     	0.925211  
2130.000000     	0.925348  
2131.000000     	0.925418  
2133.000000     	0.925568  
2134.000000     	0.925647  
2135.000000     	0.925702  
2138.000000     	0.925861  
2139.000000     	0.925934  
2140.000000     	0.926014  
2142.000000     	0.926181  
2143.000000     	0.926258  
2144.000000     	0.926310  
2146.000000     	0.926441  
2147.000000     	0.926505  
2149.000000     	0.926642  
2150.000000     	0.926719  
2152.000000     	0.926859  
2153.000000     	0.926917  
2155.000000     	0.927042  
2156.000000     	0.927115  
2158.000000     	0.927280  
2159.000000     	0.927350  
2160.000000     	0.927405  
2162.000000     	0.927503  
2164.000000     	0.927601  
2166.000000     	0.927756  
2167.000000     	0.927830  
2169.000000     	0.927946  
2170.000000     	0.928019  
2172.000000     	0.928138  
2174.000000     	0.928254  
2175.000000     	0.928321  
2177.000000     	0.928468  
2178.000000     	0.928544  
2179.000000     	0.928611  
2181.000000     	0.928748  
2182.000000     	0.928834  
2184.000000     	0.928950  
2185.000000     	0.929008  
2187.000000     	0.929115  
2189.000000     	0.929215  
2191.000000     	0.929359  
2192.000000     	0.929429  
2194.000000     	0.929548  
2195.000000     	0.929634  
2197.000000     	0.929774  
2198.000000     	0.929844  
2199.000000     	0.929914  
2201.000000     	0.930043  
2202.000000     	0.930101  
2204.000000     	0.930211  
2206.000000     	0.930342  
2207.000000     	0.930412  
2209.000000     	0.930534  
2211.000000     	0.930668  
2213.000000     	0.930760  
2214.000000     	0.930833  
2216.000000     	0.930940  
2217.000000     	0.931019  
2219.000000     	0.931129  
2221.000000     	0.931242  
2223.000000     	0.931337  
2225.000000     	0.931444  
2227.000000     	0.931551  
2229.000000     	0.931667  
2230.000000     	0.931700  
2232.000000     	0.931804  
2234.000000     	0.931920  
2236.000000     	0.932039  
2238.000000     	0.932130  
2240.000000     	0.932253  
2241.000000     	0.932320  
2243.000000     	0.932408  
2245.000000     	0.932524  
2247.000000     	0.932634  
2249.000000     	0.932732  
2251.000000     	0.932860  
2252.000000     	0.932903  
2254.000000     	0.933007  
2257.000000     	0.933135  
2258.000000     	0.933214  
2260.000000     	0.933312  
2262.000000     	0.933409  
2264.000000     	0.933544  
2265.000000     	0.933617  
2267.000000     	0.933739  
2269.000000     	0.933831  
2271.000000     	0.933947  
2272.000000     	0.934029  
2274.000000     	0.934136  
2276.000000     	0.934231  
2278.000000     	0.934310  
2280.000000     	0.934408  
2282.000000     	0.934530  
2284.000000     	0.934636  
2286.000000     	0.934768  
2287.000000     	0.934826  
2289.000000     	0.934954  
2291.000000     	0.935033  
2293.000000     	0.935162  
2294.000000     	0.935213  
2296.000000     	0.935323  
2297.000000     	0.935406  
2299.000000     	0.935519  
2301.000000     	0.935659  
2302.000000     	0.935711  
2304.000000     	0.935815  
2306.000000     	0.935918  
2308.000000     	0.936022  
2310.000000     	0.936114  
2312.000000     	0.936260  
2313.000000     	0.936331  
2315.000000     	0.936413  
2317.000000     	0.936523  
2319.000000     	0.936614  
2322.000000     	0.936764  
2323.000000     	0.936816  
2325.000000     	0.936923  
2327.000000     	0.937048  
2328.000000     	0.937109  
2331.000000     	0.937252  
2333.000000     	0.937341  
2334.000000     	0.937402  
2336.000000     	0.937515  
2338.000000     	0.937631  
2340.000000     	0.937735  
2342.000000     	0.937835  
2344.000000     	0.937936  
2346.000000     	0.938046  
2347.000000     	0.938107  
2350.000000     	0.938232  
2352.000000     	0.938321  
2354.000000     	0.938424  
2356.000000     	0.938501  
2359.000000     	0.938669  
2360.000000     	0.938708  
2362.000000     	0.938818  
2364.000000     	0.938925  
2366.000000     	0.939011  
2368.000000     	0.939130  
2370.000000     	0.939249  
2372.000000     	0.939352  
2373.000000     	0.939404  
2375.000000     	0.939536  
2377.000000     	0.939633  
2379.000000     	0.939725  
2381.000000     	0.939819  
2383.000000     	0.939917  
2385.000000     	0.940042  
2387.000000     	0.940140  
2389.000000     	0.940219  
2391.000000     	0.940311  
2394.000000     	0.940457  
2395.000000     	0.940518  
2397.000000     	0.940616  
2399.000000     	0.940738  
2401.000000     	0.940863  
2403.000000     	0.940964  
2405.000000     	0.941050  
2406.000000     	0.941111  
2408.000000     	0.941227  
2410.000000     	0.941361  
2411.000000     	0.941407  
2413.000000     	0.941517  
2415.000000     	0.941626  
2417.000000     	0.941718  
2419.000000     	0.941843  
2421.000000     	0.941923  
2423.000000     	0.942042  
2425.000000     	0.942130  
2427.000000     	0.942243  
2429.000000     	0.942368  
2430.000000     	0.942408  
2432.000000     	0.942515  
2434.000000     	0.942625  
2436.000000     	0.942728  
2438.000000     	0.942820  
2440.000000     	0.942918  
2442.000000     	0.943055  
2444.000000     	0.943143  
2445.000000     	0.943211  
2448.000000     	0.943330  
2450.000000     	0.943412  
2452.000000     	0.943504  
2454.000000     	0.943617  
2456.000000     	0.943726  
2458.000000     	0.943821  
2460.000000     	0.943907  
2463.000000     	0.944023  
2465.000000     	0.944102  
2468.000000     	0.944233  
2470.000000     	0.944328  
2472.000000     	0.944432  
2474.000000     	0.944508  
2476.000000     	0.944612  
2478.000000     	0.944703  
2480.000000     	0.944807  
2483.000000     	0.944957  
2485.000000     	0.945057  
2487.000000     	0.945131  
2489.000000     	0.945216  
2492.000000     	0.945323  
2495.000000     	0.945424  
2497.000000     	0.945506  
2500.000000     	0.945622  
2502.000000     	0.945711  
2505.000000     	0.945848  
2507.000000     	0.945949  
2509.000000     	0.946028  
2511.000000     	0.946113  
2514.000000     	0.946223  
2517.000000     	0.946351  
2518.000000     	0.946406  
2521.000000     	0.946519  
2523.000000     	0.946629  
2525.000000     	0.946712  
2528.000000     	0.946831  
2530.000000     	0.946901  
2532.000000     	0.947008  
2535.000000     	0.947127  
2537.000000     	0.947234  
2540.000000     	0.947334  
2542.000000     	0.947420  
2545.000000     	0.947521  
2548.000000     	0.947618  
2550.000000     	0.947707  
2553.000000     	0.947811  
2556.000000     	0.947930  
2559.000000     	0.948033  
2561.000000     	0.948128  
2563.000000     	0.948207  
2566.000000     	0.948308  
2569.000000     	0.948403  
2572.000000     	0.948534  
2574.000000     	0.948632  
2576.000000     	0.948729  
2578.000000     	0.948809  
2581.000000     	0.948922  
2583.000000     	0.949010  
2585.000000     	0.949102  
2588.000000     	0.949209  
2590.000000     	0.949315  
2592.000000     	0.949419  
2595.000000     	0.949514  
2598.000000     	0.949630  
2600.000000     	0.949734  
2602.000000     	0.949816  
2604.000000     	0.949911  
2607.000000     	0.950027  
2610.000000     	0.950121  
2613.000000     	0.950231  
2615.000000     	0.950307  
2618.000000     	0.950411  
2620.000000     	0.950509  
2623.000000     	0.950616  
2625.000000     	0.950704  
2628.000000     	0.950820  
2630.000000     	0.950903  
2633.000000     	0.951006  
2636.000000     	0.951119  
2639.000000     	0.951232  
2642.000000     	0.951330  
2644.000000     	0.951409  
2647.000000     	0.951507  
2650.000000     	0.951617  
2653.000000     	0.951748  
2656.000000     	0.951831  
2658.000000     	0.951940  
2660.000000     	0.952001  
2663.000000     	0.952105  
2667.000000     	0.952236  
2669.000000     	0.952310  
2672.000000     	0.952438  
2674.000000     	0.952502  
2677.000000     	0.952603  
2680.000000     	0.952700  
2684.000000     	0.952823  
2687.000000     	0.952926  
2690.000000     	0.953045  
2692.000000     	0.953140  
2694.000000     	0.953222  
2697.000000     	0.953320  
2700.000000     	0.953415  
2703.000000     	0.953509  
2706.000000     	0.953625  
2709.000000     	0.953723  
2712.000000     	0.953818  
2715.000000     	0.953903  
2718.000000     	0.954022  
2720.000000     	0.954101  
2725.000000     	0.954227  
2729.000000     	0.954343  
2732.000000     	0.954419  
2735.000000     	0.954517  
2738.000000     	0.954614  
2741.000000     	0.954706  
2744.000000     	0.954819  
2747.000000     	0.954907  
2751.000000     	0.955011  
2755.000000     	0.955112  
2758.000000     	0.955213  
2761.000000     	0.955313  
2764.000000     	0.955402  
2767.000000     	0.955503  
2770.000000     	0.955600  
2774.000000     	0.955744  
2776.000000     	0.955814  
2780.000000     	0.955933  
2782.000000     	0.956009  
2786.000000     	0.956125  
2789.000000     	0.956238  
2791.000000     	0.956308  
2793.000000     	0.956406  
2797.000000     	0.956519  
2800.000000     	0.956626  
2804.000000     	0.956711  
2808.000000     	0.956803  
2811.000000     	0.956900  
2815.000000     	0.957004  
2819.000000     	0.957123  
2821.000000     	0.957215  
2824.000000     	0.957310  
2827.000000     	0.957413  
2831.000000     	0.957517  
2834.000000     	0.957627  
2837.000000     	0.957743  
2840.000000     	0.957825  
2844.000000     	0.957917  
2847.000000     	0.958002  
2850.000000     	0.958100  
2854.000000     	0.958225  
2858.000000     	0.958317  
2861.000000     	0.958408  
2865.000000     	0.958506  
2869.000000     	0.958601  
2872.000000     	0.958735  
2875.000000     	0.958823  
2877.000000     	0.958903  
2880.000000     	0.959013  
2884.000000     	0.959110  
2887.000000     	0.959202  
2890.000000     	0.959303  
2895.000000     	0.959406  
2899.000000     	0.959513  
2903.000000     	0.959611  
2907.000000     	0.959715  
2911.000000     	0.959812  
2915.000000     	0.959925  
2918.000000     	0.960011  
2922.000000     	0.960115  
2926.000000     	0.960228  
2930.000000     	0.960334  
2933.000000     	0.960405  
2937.000000     	0.960524  
2941.000000     	0.960612  
2945.000000     	0.960716  
2948.000000     	0.960804  
2953.000000     	0.960927  
2957.000000     	0.961027  
2960.000000     	0.961128  
2964.000000     	0.961201  
2968.000000     	0.961302  
2972.000000     	0.961406  
2976.000000     	0.961519  
2980.000000     	0.961610  
2984.000000     	0.961702  
2989.000000     	0.961827  
2991.000000     	0.961900  
2995.000000     	0.962025  
2998.000000     	0.962120  
3002.000000     	0.962212  
3007.000000     	0.962322  
3010.000000     	0.962413  
3014.000000     	0.962517  
3017.000000     	0.962602  
3021.000000     	0.962709  
3026.000000     	0.962822  
3030.000000     	0.962905  
3034.000000     	0.963005  
3038.000000     	0.963115  
3042.000000     	0.963222  
3045.000000     	0.963304  
3051.000000     	0.963417  
3055.000000     	0.963506  
3059.000000     	0.963604  
3063.000000     	0.963726  
3066.000000     	0.963817  
3071.000000     	0.963912  
3076.000000     	0.964019  
3080.000000     	0.964104  
3084.000000     	0.964205  
3088.000000     	0.964321  
3092.000000     	0.964412  
3096.000000     	0.964501  
3101.000000     	0.964623  
3104.000000     	0.964708  
3109.000000     	0.964812  
3113.000000     	0.964904  
3117.000000     	0.965008  
3123.000000     	0.965111  
3128.000000     	0.965230  
3131.000000     	0.965316  
3136.000000     	0.965407  
3141.000000     	0.965511  
3145.000000     	0.965621  
3149.000000     	0.965710  
3154.000000     	0.965804  
3159.000000     	0.965926  
3163.000000     	0.966039  
3167.000000     	0.966125  
3172.000000     	0.966222  
3176.000000     	0.966329  
3179.000000     	0.966409  
3183.000000     	0.966512  
3189.000000     	0.966613  
3193.000000     	0.966702  
3198.000000     	0.966805  
3203.000000     	0.966900  
3208.000000     	0.967001  
3213.000000     	0.967102  
3219.000000     	0.967205  
3223.000000     	0.967334  
3226.000000     	0.967404  
3231.000000     	0.967514  
3235.000000     	0.967617  
3239.000000     	0.967724  
3242.000000     	0.967804  
3247.000000     	0.967920  
3251.000000     	0.968008  
3257.000000     	0.968115  
3263.000000     	0.968210  
3267.000000     	0.968304  
3271.000000     	0.968405  
3278.000000     	0.968506  
3283.000000     	0.968616  
3287.000000     	0.968725  
3291.000000     	0.968808  
3296.000000     	0.968915  
3300.000000     	0.969000  
3305.000000     	0.969113  
3310.000000     	0.969202  
3316.000000     	0.969305  
3322.000000     	0.969409  
3327.000000     	0.969513  
3334.000000     	0.969604  
3340.000000     	0.969705  
3345.000000     	0.969812  
3349.000000     	0.969907  
3355.000000     	0.970013  
3361.000000     	0.970111  
3365.000000     	0.970203  
3370.000000     	0.970313  
3377.000000     	0.970407  
3382.000000     	0.970523  
3387.000000     	0.970603  
3393.000000     	0.970716  
3399.000000     	0.970813  
3404.000000     	0.970908  
3410.000000     	0.971002  
3417.000000     	0.971122  
3423.000000     	0.971207  
3430.000000     	0.971323  
3435.000000     	0.971402  
3441.000000     	0.971506  
3445.000000     	0.971613  
3451.000000     	0.971705  
3457.000000     	0.971808  
3464.000000     	0.971909  
3471.000000     	0.972010  
3476.000000     	0.972114  
3483.000000     	0.972236  
3487.000000     	0.972318  
3493.000000     	0.972400  
3500.000000     	0.972507  
3506.000000     	0.972605  
3513.000000     	0.972703  
3520.000000     	0.972800  
3527.000000     	0.972904  
3534.000000     	0.973005  
3540.000000     	0.973109  
3545.000000     	0.973215  
3551.000000     	0.973310  
3558.000000     	0.973408  
3564.000000     	0.973508  
3569.000000     	0.973603  
3576.000000     	0.973710  
3582.000000     	0.973801  
3590.000000     	0.973908  
3600.000000     	0.974003  
3606.000000     	0.974110  
3612.000000     	0.974201  
3621.000000     	0.974311  
3628.000000     	0.974421  
3634.000000     	0.974510  
3639.000000     	0.974601  
3648.000000     	0.974708  
3656.000000     	0.974803  
3664.000000     	0.974906  
3672.000000     	0.975007  
3680.000000     	0.975105  
3686.000000     	0.975203  
3694.000000     	0.975306  
3703.000000     	0.975401  
3711.000000     	0.975508  
3719.000000     	0.975612  
3727.000000     	0.975709  
3735.000000     	0.975816  
3740.000000     	0.975908  
3750.000000     	0.976011  
3757.000000     	0.976106  
3765.000000     	0.976204  
3774.000000     	0.976323  
3782.000000     	0.976411  
3790.000000     	0.976503  
3798.000000     	0.976601  
3811.000000     	0.976707  
3820.000000     	0.976808  
3832.000000     	0.976909  
3840.000000     	0.977006  
3850.000000     	0.977101  
3863.000000     	0.977205  
3872.000000     	0.977315  
3877.000000     	0.977400  
3886.000000     	0.977501  
3897.000000     	0.977602  
3906.000000     	0.977705  
3918.000000     	0.977809  
3930.000000     	0.977904  
3938.000000     	0.978008  
3949.000000     	0.978102  
3962.000000     	0.978209  
3974.000000     	0.978301  
3985.000000     	0.978404  
3993.000000     	0.978505  
4003.000000     	0.978606  
4013.000000     	0.978704  
4023.000000     	0.978801  
4034.000000     	0.978908  
4044.000000     	0.979015  
4055.000000     	0.979103  
4064.000000     	0.979207  
4073.000000     	0.979314  
4084.000000     	0.979403  
4093.000000     	0.979500  
4104.000000     	0.979604  
4114.000000     	0.979702  
4126.000000     	0.979802  
4135.000000     	0.979903  
4148.000000     	0.980004  
4156.000000     	0.980105  
4168.000000     	0.980211  
4179.000000     	0.980312  
4195.000000     	0.980404  
4209.000000     	0.980511  
4221.000000     	0.980602  
4236.000000     	0.980703  
4249.000000     	0.980813  
4265.000000     	0.980914  
4274.000000     	0.981014  
4283.000000     	0.981103  
4295.000000     	0.981200  
4307.000000     	0.981301  
4317.000000     	0.981405  
4330.000000     	0.981503  
4346.000000     	0.981609  
4363.000000     	0.981704  
4375.000000     	0.981805  
4385.000000     	0.981902  
4401.000000     	0.982003  
4419.000000     	0.982104  
4432.000000     	0.982205  
4445.000000     	0.982302  
4464.000000     	0.982406  
4475.000000     	0.982501  
4487.000000     	0.982605  
4502.000000     	0.982702  
4518.000000     	0.982803  
4533.000000     	0.982901  
4548.000000     	0.983010  
4558.000000     	0.983108  
4577.000000     	0.983209  
4592.000000     	0.983307  
4610.000000     	0.983401  
4625.000000     	0.983508  
4637.000000     	0.983603  
4653.000000     	0.983703  
4667.000000     	0.983804  
4683.000000     	0.983905  
4700.000000     	0.984003  
4722.000000     	0.984100  
4737.000000     	0.984201  
4754.000000     	0.984305  
4771.000000     	0.984408  
4795.000000     	0.984506  
4812.000000     	0.984604  
4834.000000     	0.984711  
4849.000000     	0.984808  
4868.000000     	0.984909  
4885.000000     	0.985001  
4911.000000     	0.985101  
4934.000000     	0.985205  
4960.000000     	0.985303  
4987.000000     	0.985401  
5022.000000     	0.985504  
5050.000000     	0.985602  
5079.000000     	0.985709  
5100.000000     	0.985800  
5136.000000     	0.985901  
5161.000000     	0.986008  
5197.000000     	0.986109  
5220.000000     	0.986203  
5247.000000     	0.986301  
5281.000000     	0.986402  
5327.000000     	0.986502  
5366.000000     	0.986603  
5398.000000     	0.986710  
5429.000000     	0.986802  
5483.000000     	0.986902  
5515.000000     	0.987003  
5549.000000     	0.987104  
5585.000000     	0.987201  
5623.000000     	0.987305  
5662.000000     	0.987406  
5701.000000     	0.987504  
5739.000000     	0.987601  
5794.000000     	0.987702  
5827.000000     	0.987806  
5869.000000     	0.987900  
5920.000000     	0.988007  
5962.000000     	0.988102  
6011.000000     	0.988203  
6056.000000     	0.988300  
6117.000000     	0.988401  
6178.000000     	0.988502  
6248.000000     	0.988602  
6308.000000     	0.988700  
6377.000000     	0.988801  
6446.000000     	0.988902  
6518.000000     	0.989002  
6597.000000     	0.989103  
6709.000000     	0.989201  
6793.000000     	0.989301  
6877.000000     	0.989405  
7000.000000     	0.989503  
7105.000000     	0.989604  
7234.000000     	0.989701  
7366.000000     	0.989802  
7515.000000     	0.989903  
7603.000000     	0.990000  
7719.000000     	0.990101  
7851.000000     	0.990202  
8048.000000     	0.990303  
8266.000000     	0.990400  
8476.000000     	0.990501  
8710.000000     	0.990605  
8943.000000     	0.990702  
9219.000000     	0.990800  
9453.000000     	0.990901  
9794.000000     	0.991002  
10181.000000    	0.991102  
10553.000000    	0.991200  
11042.000000    	0.991304  
11416.000000    	0.991401  
11682.000000    	0.991502  
11982.000000    	0.991603  
12365.000000    	0.991701  
12742.000000    	0.991801  
13140.000000    	0.991902  
13610.000000    	0.992003  
13915.000000    	0.992100  
14263.000000    	0.992201  
14597.000000    	0.992302  
14961.000000    	0.992403  
15233.000000    	0.992500  
15509.000000    	0.992601  
15911.000000    	0.992702  
16311.000000    	0.992803  
16662.000000    	0.992900  
16991.000000    	0.993001  
17392.000000    	0.993102  
17766.000000    	0.993202  
18044.000000    	0.993300  
18448.000000    	0.993401  
18968.000000    	0.993501  
19476.000000    	0.993602  
19870.000000    	0.993703  
20197.000000    	0.993801  
20547.000000    	0.993901  
20951.000000    	0.994002  
21348.000000    	0.994103  
21749.000000    	0.994200  
22152.000000    	0.994301  
22611.000000    	0.994402  
22854.000000    	0.994503  
23205.000000    	0.994600  
23542.000000    	0.994701  
23929.000000    	0.994802  
24386.000000    	0.994903  
24835.000000    	0.995000  
25310.000000    	0.995101  
25627.000000    	0.995202  
26005.000000    	0.995302  
26482.000000    	0.995400  
26890.000000    	0.995501  
27328.000000    	0.995602  
27708.000000    	0.995702  
28160.000000    	0.995803  
28698.000000    	0.995901  
28953.000000    	0.996001  
29289.000000    	0.996102  
29855.000000    	0.996203  
30189.000000    	0.996301  
30427.000000    	0.996401  
30912.000000    	0.996502  
31228.000000    	0.996603  
31669.000000    	0.996700  
32038.000000    	0.996804  
32407.000000    	0.996902  
32729.000000    	0.997003  
33137.000000    	0.997100  
33581.000000    	0.997201  
34039.000000    	0.997302  
34605.000000    	0.997402  
35023.000000    	0.997500  
35398.000000    	0.997601  
35795.000000    	0.997702  
36287.000000    	0.997802  
36648.000000    	0.997906  
37074.000000    	0.998001  
37363.000000    	0.998101  
38014.000000    	0.998202  
38394.000000    	0.998303  
38791.000000    	0.998401  
39146.000000    	0.998501  
39498.000000    	0.998605  
39836.000000    	0.998703  
40150.000000    	0.998800  
40502.000000    	0.998901  
40959.000000    	0.999002  
41278.000000    	0.999103  
41924.000000    	0.999200  
42293.000000    	0.999301  
42706.000000    	0.999402  
43274.000000    	0.999502  
43942.000000    	0.999600  
44425.000000    	0.999701  
45158.000000    	0.999802  
46555.000000    	0.999905  
53699.000000    	1.000000  
53699.000000    	1.000000  
