7.000000        	0.000166  
8.000000        	0.000332  
20.000000       	0.000498  
21.000000       	0.000664  
22.000000       	0.000830  
23.000000       	0.000996  
25.000000       	0.001328  
26.000000       	0.001494  
32.000000       	0.001660  
33.000000       	0.001992  
47.000000       	0.002324  
48.000000       	0.002490  
50.000000       	0.002656  
51.000000       	0.002988  
57.000000       	0.003154  
59.000000       	0.003320  
60.000000       	0.003651  
61.000000       	0.004481  
62.000000       	0.005643  
63.000000       	0.005975  
64.000000       	0.006639  
65.000000       	0.007303  
66.000000       	0.007635  
68.000000       	0.007967  
69.000000       	0.008133  
70.000000       	0.008797  
71.000000       	0.008963  
72.000000       	0.009295  
73.000000       	0.009627  
74.000000       	0.011286  
75.000000       	0.013610  
76.000000       	0.017261  
77.000000       	0.022075  
78.000000       	0.026556  
79.000000       	0.029378  
80.000000       	0.032199  
81.000000       	0.035851  
82.000000       	0.038672  
83.000000       	0.044813  
84.000000       	0.051286  
85.000000       	0.056763  
86.000000       	0.061245  
87.000000       	0.065228  
88.000000       	0.068050  
89.000000       	0.070705  
90.000000       	0.074523  
91.000000       	0.077676  
92.000000       	0.081162  
93.000000       	0.084315  
94.000000       	0.088299  
95.000000       	0.091286  
96.000000       	0.095602  
97.000000       	0.099751  
98.000000       	0.104232  
99.000000       	0.107220  
100.000000      	0.109710  
101.000000      	0.113195  
102.000000      	0.116017  
103.000000      	0.119502  
104.000000      	0.122988  
105.000000      	0.127967  
106.000000      	0.132448  
107.000000      	0.136598  
108.000000      	0.139751  
109.000000      	0.142739  
110.000000      	0.146058  
111.000000      	0.149710  
112.000000      	0.154191  
113.000000      	0.157510  
114.000000      	0.160830  
115.000000      	0.163817  
116.000000      	0.166307  
117.000000      	0.168631  
118.000000      	0.171452  
119.000000      	0.173942  
120.000000      	0.175768  
121.000000      	0.178921  
122.000000      	0.181411  
123.000000      	0.185726  
124.000000      	0.188880  
125.000000      	0.190373  
126.000000      	0.192033  
127.000000      	0.194191  
128.000000      	0.195685  
129.000000      	0.196017  
130.000000      	0.198174  
131.000000      	0.199336  
132.000000      	0.201162  
133.000000      	0.202988  
134.000000      	0.205145  
135.000000      	0.207137  
136.000000      	0.209295  
137.000000      	0.211784  
138.000000      	0.213278  
139.000000      	0.215602  
140.000000      	0.216432  
141.000000      	0.217593  
142.000000      	0.219087  
143.000000      	0.220083  
144.000000      	0.222573  
145.000000      	0.224564  
146.000000      	0.225062  
147.000000      	0.227220  
148.000000      	0.227552  
149.000000      	0.228880  
150.000000      	0.230041  
151.000000      	0.230705  
152.000000      	0.231867  
153.000000      	0.232531  
154.000000      	0.233693  
155.000000      	0.234689  
156.000000      	0.235353  
157.000000      	0.236349  
158.000000      	0.236846  
159.000000      	0.238008  
160.000000      	0.239170  
161.000000      	0.240166  
162.000000      	0.240830  
163.000000      	0.241992  
164.000000      	0.243154  
165.000000      	0.243651  
166.000000      	0.244149  
167.000000      	0.244979  
168.000000      	0.245145  
169.000000      	0.245643  
170.000000      	0.246141  
172.000000      	0.246473  
173.000000      	0.246639  
174.000000      	0.246805  
175.000000      	0.246971  
176.000000      	0.247801  
178.000000      	0.248299  
180.000000      	0.248963  
181.000000      	0.249295  
182.000000      	0.250290  
183.000000      	0.251120  
184.000000      	0.252448  
185.000000      	0.252946  
186.000000      	0.253776  
187.000000      	0.254606  
188.000000      	0.255934  
189.000000      	0.257427  
190.000000      	0.259419  
191.000000      	0.261245  
192.000000      	0.262905  
193.000000      	0.266058  
194.000000      	0.268382  
195.000000      	0.271867  
196.000000      	0.276846  
197.000000      	0.280664  
198.000000      	0.284979  
199.000000      	0.289627  
200.000000      	0.293444  
201.000000      	0.298921  
202.000000      	0.304730  
203.000000      	0.310041  
204.000000      	0.315851  
205.000000      	0.322490  
206.000000      	0.328465  
207.000000      	0.332448  
208.000000      	0.339419  
209.000000      	0.346556  
210.000000      	0.353195  
211.000000      	0.357842  
212.000000      	0.364647  
213.000000      	0.369959  
214.000000      	0.374772  
215.000000      	0.378589  
216.000000      	0.383568  
217.000000      	0.391203  
218.000000      	0.396349  
219.000000      	0.401162  
220.000000      	0.406307  
221.000000      	0.413610  
222.000000      	0.420747  
223.000000      	0.427220  
224.000000      	0.432531  
225.000000      	0.437012  
226.000000      	0.442656  
227.000000      	0.447137  
228.000000      	0.452614  
229.000000      	0.456598  
230.000000      	0.461079  
231.000000      	0.464564  
232.000000      	0.468050  
233.000000      	0.472365  
234.000000      	0.475187  
235.000000      	0.477510  
236.000000      	0.480498  
237.000000      	0.484149  
238.000000      	0.487303  
239.000000      	0.489959  
240.000000      	0.492282  
241.000000      	0.495602  
242.000000      	0.498589  
243.000000      	0.501577  
244.000000      	0.503900  
245.000000      	0.507718  
246.000000      	0.510539  
247.000000      	0.514689  
248.000000      	0.517012  
249.000000      	0.521494  
250.000000      	0.526639  
251.000000      	0.531950  
252.000000      	0.536432  
253.000000      	0.542573  
254.000000      	0.548880  
255.000000      	0.557012  
256.000000      	0.562656  
257.000000      	0.569959  
258.000000      	0.577095  
259.000000      	0.583568  
260.000000      	0.590207  
261.000000      	0.598340  
262.000000      	0.608465  
263.000000      	0.616929  
264.000000      	0.624896  
265.000000      	0.631867  
266.000000      	0.639004  
267.000000      	0.644481  
268.000000      	0.648797  
269.000000      	0.654606  
270.000000      	0.660249  
271.000000      	0.665892  
272.000000      	0.670705  
273.000000      	0.674855  
274.000000      	0.680000  
275.000000      	0.683154  
276.000000      	0.685809  
277.000000      	0.691286  
278.000000      	0.695602  
279.000000      	0.700249  
280.000000      	0.705892  
281.000000      	0.711203  
282.000000      	0.716349  
283.000000      	0.720498  
284.000000      	0.726307  
285.000000      	0.730290  
286.000000      	0.734606  
287.000000      	0.738257  
288.000000      	0.742573  
289.000000      	0.745394  
290.000000      	0.747552  
291.000000      	0.752697  
292.000000      	0.755685  
293.000000      	0.758838  
294.000000      	0.761494  
295.000000      	0.763817  
296.000000      	0.766141  
297.000000      	0.768133  
298.000000      	0.769959  
299.000000      	0.772282  
300.000000      	0.773610  
301.000000      	0.774440  
302.000000      	0.775934  
303.000000      	0.778921  
304.000000      	0.780747  
305.000000      	0.782241  
306.000000      	0.783237  
307.000000      	0.784730  
308.000000      	0.786722  
309.000000      	0.788216  
310.000000      	0.789710  
311.000000      	0.791037  
312.000000      	0.791701  
313.000000      	0.793195  
314.000000      	0.794689  
315.000000      	0.795851  
316.000000      	0.796349  
317.000000      	0.796680  
318.000000      	0.797178  
319.000000      	0.797842  
320.000000      	0.798672  
321.000000      	0.799336  
322.000000      	0.800332  
323.000000      	0.800830  
324.000000      	0.801826  
325.000000      	0.801992  
326.000000      	0.802490  
327.000000      	0.803320  
328.000000      	0.803651  
329.000000      	0.803983  
330.000000      	0.804647  
331.000000      	0.805311  
332.000000      	0.805975  
333.000000      	0.806141  
334.000000      	0.807137  
335.000000      	0.807967  
336.000000      	0.808133  
337.000000      	0.808631  
338.000000      	0.809295  
339.000000      	0.809461  
340.000000      	0.809627  
342.000000      	0.809793  
343.000000      	0.810456  
344.000000      	0.810788  
345.000000      	0.811286  
346.000000      	0.811452  
347.000000      	0.811950  
348.000000      	0.812282  
349.000000      	0.812614  
350.000000      	0.813278  
351.000000      	0.813610  
352.000000      	0.814108  
353.000000      	0.814274  
354.000000      	0.814440  
355.000000      	0.814772  
356.000000      	0.815104  
359.000000      	0.816100  
360.000000      	0.816432  
361.000000      	0.817095  
363.000000      	0.817427  
364.000000      	0.817759  
365.000000      	0.817925  
368.000000      	0.818257  
369.000000      	0.818755  
370.000000      	0.818921  
372.000000      	0.819087  
373.000000      	0.819253  
375.000000      	0.819585  
376.000000      	0.819751  
378.000000      	0.820083  
379.000000      	0.820415  
380.000000      	0.820581  
381.000000      	0.821079  
382.000000      	0.821411  
383.000000      	0.821743  
384.000000      	0.822075  
388.000000      	0.822407  
390.000000      	0.822739  
392.000000      	0.822905  
393.000000      	0.823402  
394.000000      	0.823900  
395.000000      	0.824232  
397.000000      	0.824398  
398.000000      	0.824564  
399.000000      	0.824896  
400.000000      	0.825062  
401.000000      	0.825228  
402.000000      	0.825394  
406.000000      	0.825560  
407.000000      	0.825726  
409.000000      	0.826058  
410.000000      	0.826224  
411.000000      	0.826390  
415.000000      	0.826888  
417.000000      	0.827054  
419.000000      	0.827386  
421.000000      	0.827884  
422.000000      	0.828050  
423.000000      	0.828382  
424.000000      	0.828548  
426.000000      	0.828714  
427.000000      	0.828880  
428.000000      	0.829046  
430.000000      	0.829544  
431.000000      	0.829710  
432.000000      	0.829876  
436.000000      	0.830041  
438.000000      	0.830373  
439.000000      	0.830539  
440.000000      	0.830705  
442.000000      	0.830871  
443.000000      	0.831037  
444.000000      	0.831203  
447.000000      	0.831369  
449.000000      	0.831535  
450.000000      	0.831701  
451.000000      	0.831867  
452.000000      	0.832199  
453.000000      	0.832531  
455.000000      	0.832697  
456.000000      	0.832863  
458.000000      	0.833029  
459.000000      	0.833527  
462.000000      	0.833693  
463.000000      	0.833859  
465.000000      	0.834025  
466.000000      	0.834191  
467.000000      	0.834357  
468.000000      	0.834523  
469.000000      	0.834689  
470.000000      	0.834855  
471.000000      	0.835021  
476.000000      	0.835187  
477.000000      	0.835353  
479.000000      	0.835519  
482.000000      	0.835851  
483.000000      	0.836183  
486.000000      	0.836515  
487.000000      	0.836846  
488.000000      	0.837178  
489.000000      	0.837344  
491.000000      	0.837510  
492.000000      	0.837676  
493.000000      	0.838008  
495.000000      	0.838340  
497.000000      	0.839004  
500.000000      	0.839170  
501.000000      	0.839336  
503.000000      	0.839668  
511.000000      	0.839834  
517.000000      	0.840166  
519.000000      	0.840498  
524.000000      	0.840664  
527.000000      	0.840830  
529.000000      	0.840996  
531.000000      	0.841162  
536.000000      	0.841328  
541.000000      	0.841494  
542.000000      	0.841660  
556.000000      	0.841826  
559.000000      	0.841992  
564.000000      	0.842158  
566.000000      	0.842324  
567.000000      	0.842490  
582.000000      	0.842656  
583.000000      	0.842822  
584.000000      	0.842988  
589.000000      	0.843320  
590.000000      	0.843651  
593.000000      	0.843817  
597.000000      	0.843983  
599.000000      	0.844149  
614.000000      	0.844315  
617.000000      	0.844647  
625.000000      	0.844813  
626.000000      	0.844979  
628.000000      	0.845311  
632.000000      	0.845477  
633.000000      	0.845643  
642.000000      	0.845809  
645.000000      	0.845975  
651.000000      	0.846141  
654.000000      	0.846307  
655.000000      	0.846473  
657.000000      	0.846639  
663.000000      	0.846971  
665.000000      	0.847137  
668.000000      	0.847303  
671.000000      	0.847469  
672.000000      	0.847635  
674.000000      	0.847801  
678.000000      	0.847967  
680.000000      	0.848133  
683.000000      	0.848299  
687.000000      	0.848465  
689.000000      	0.848631  
690.000000      	0.848797  
691.000000      	0.848963  
693.000000      	0.849129  
704.000000      	0.849461  
718.000000      	0.849627  
720.000000      	0.849793  
723.000000      	0.849959  
726.000000      	0.850290  
735.000000      	0.850456  
739.000000      	0.850622  
740.000000      	0.850788  
748.000000      	0.850954  
754.000000      	0.851286  
755.000000      	0.851452  
762.000000      	0.851618  
764.000000      	0.851950  
771.000000      	0.852116  
774.000000      	0.852282  
784.000000      	0.852448  
800.000000      	0.852614  
815.000000      	0.852780  
820.000000      	0.852946  
823.000000      	0.853112  
827.000000      	0.853278  
831.000000      	0.853444  
837.000000      	0.853610  
839.000000      	0.853776  
852.000000      	0.853942  
856.000000      	0.854108  
870.000000      	0.854274  
880.000000      	0.854440  
889.000000      	0.854606  
894.000000      	0.854772  
905.000000      	0.854938  
910.000000      	0.855104  
931.000000      	0.855436  
934.000000      	0.855602  
938.000000      	0.855768  
940.000000      	0.855934  
945.000000      	0.856100  
959.000000      	0.856266  
963.000000      	0.856432  
969.000000      	0.856598  
971.000000      	0.856929  
972.000000      	0.857095  
973.000000      	0.857261  
975.000000      	0.857427  
976.000000      	0.857593  
992.000000      	0.857759  
995.000000      	0.858091  
1013.000000     	0.858257  
1021.000000     	0.858423  
1024.000000     	0.858589  
1036.000000     	0.858755  
1039.000000     	0.858921  
1043.000000     	0.859087  
1050.000000     	0.859253  
1054.000000     	0.859419  
1064.000000     	0.859585  
1067.000000     	0.859751  
1068.000000     	0.859917  
1072.000000     	0.860083  
1073.000000     	0.860249  
1084.000000     	0.860415  
1091.000000     	0.860581  
1102.000000     	0.860747  
1104.000000     	0.860913  
1106.000000     	0.861079  
1107.000000     	0.861245  
1108.000000     	0.861411  
1111.000000     	0.861577  
1113.000000     	0.861743  
1116.000000     	0.861909  
1121.000000     	0.862075  
1124.000000     	0.862241  
1133.000000     	0.862407  
1134.000000     	0.862573  
1138.000000     	0.862739  
1162.000000     	0.862905  
1165.000000     	0.863071  
1175.000000     	0.863237  
1197.000000     	0.863402  
1199.000000     	0.863734  
1200.000000     	0.863900  
1203.000000     	0.864066  
1212.000000     	0.864398  
1220.000000     	0.864564  
1221.000000     	0.864730  
1232.000000     	0.864896  
1236.000000     	0.865228  
1242.000000     	0.865394  
1250.000000     	0.865560  
1254.000000     	0.865726  
1261.000000     	0.865892  
1276.000000     	0.866224  
1277.000000     	0.866390  
1278.000000     	0.866556  
1279.000000     	0.866888  
1284.000000     	0.867220  
1285.000000     	0.867386  
1287.000000     	0.867552  
1289.000000     	0.867718  
1292.000000     	0.867884  
1294.000000     	0.868050  
1295.000000     	0.868216  
1296.000000     	0.868382  
1308.000000     	0.868548  
1311.000000     	0.868880  
1312.000000     	0.869212  
1313.000000     	0.869378  
1314.000000     	0.869544  
1315.000000     	0.869710  
1318.000000     	0.869876  
1320.000000     	0.870041  
1322.000000     	0.870207  
1325.000000     	0.870373  
1327.000000     	0.870539  
1330.000000     	0.870705  
1336.000000     	0.870871  
1342.000000     	0.871037  
1343.000000     	0.871203  
1347.000000     	0.871369  
1350.000000     	0.871701  
1354.000000     	0.872033  
1355.000000     	0.872199  
1356.000000     	0.872365  
1362.000000     	0.872531  
1366.000000     	0.872697  
1367.000000     	0.872863  
1368.000000     	0.873029  
1374.000000     	0.873195  
1379.000000     	0.873361  
1380.000000     	0.873527  
1382.000000     	0.873693  
1386.000000     	0.873859  
1387.000000     	0.874025  
1389.000000     	0.874523  
1390.000000     	0.874689  
1392.000000     	0.875021  
1393.000000     	0.875187  
1394.000000     	0.875353  
1395.000000     	0.875685  
1399.000000     	0.876017  
1401.000000     	0.876183  
1402.000000     	0.876349  
1403.000000     	0.876515  
1405.000000     	0.877012  
1407.000000     	0.877178  
1408.000000     	0.877344  
1410.000000     	0.877510  
1411.000000     	0.877676  
1412.000000     	0.877842  
1414.000000     	0.878008  
1418.000000     	0.878506  
1419.000000     	0.878672  
1420.000000     	0.878838  
1423.000000     	0.879004  
1426.000000     	0.879170  
1427.000000     	0.879336  
1429.000000     	0.879502  
1433.000000     	0.879668  
1437.000000     	0.879834  
1439.000000     	0.880000  
1441.000000     	0.880332  
1445.000000     	0.880498  
1450.000000     	0.880664  
1451.000000     	0.880830  
1453.000000     	0.880996  
1454.000000     	0.881328  
1456.000000     	0.881494  
1461.000000     	0.881660  
1463.000000     	0.881826  
1469.000000     	0.882158  
1470.000000     	0.882490  
1476.000000     	0.882656  
1479.000000     	0.882822  
1487.000000     	0.882988  
1488.000000     	0.883154  
1498.000000     	0.883320  
1499.000000     	0.883485  
1505.000000     	0.883651  
1509.000000     	0.883983  
1510.000000     	0.884149  
1512.000000     	0.884315  
1515.000000     	0.884481  
1517.000000     	0.884647  
1520.000000     	0.884813  
1521.000000     	0.884979  
1528.000000     	0.885145  
1532.000000     	0.885311  
1539.000000     	0.885477  
1553.000000     	0.885643  
1554.000000     	0.885809  
1555.000000     	0.885975  
1559.000000     	0.886141  
1564.000000     	0.886307  
1567.000000     	0.886473  
1570.000000     	0.886639  
1571.000000     	0.886805  
1572.000000     	0.886971  
1576.000000     	0.887303  
1580.000000     	0.887469  
1581.000000     	0.887635  
1582.000000     	0.887801  
1587.000000     	0.887967  
1590.000000     	0.888133  
1594.000000     	0.888299  
1600.000000     	0.888465  
1608.000000     	0.888631  
1616.000000     	0.888797  
1626.000000     	0.888963  
1630.000000     	0.889129  
1631.000000     	0.889295  
1639.000000     	0.889461  
1640.000000     	0.889627  
1643.000000     	0.889959  
1650.000000     	0.890124  
1652.000000     	0.890290  
1666.000000     	0.890456  
1667.000000     	0.890622  
1669.000000     	0.890788  
1708.000000     	0.890954  
1749.000000     	0.891120  
1765.000000     	0.891286  
1772.000000     	0.891452  
1773.000000     	0.891618  
1797.000000     	0.891784  
1810.000000     	0.891950  
1823.000000     	0.892116  
1824.000000     	0.892282  
1827.000000     	0.892448  
1838.000000     	0.892614  
1847.000000     	0.892780  
1848.000000     	0.893278  
1853.000000     	0.893444  
1868.000000     	0.893610  
1871.000000     	0.893776  
1880.000000     	0.893942  
1882.000000     	0.894274  
1896.000000     	0.894440  
1913.000000     	0.894606  
1935.000000     	0.894772  
1961.000000     	0.894938  
1964.000000     	0.895104  
1988.000000     	0.895270  
1995.000000     	0.895436  
2010.000000     	0.895602  
2052.000000     	0.895768  
2077.000000     	0.895934  
2093.000000     	0.896100  
2095.000000     	0.896266  
2108.000000     	0.896432  
2218.000000     	0.896598  
2240.000000     	0.896763  
2241.000000     	0.896929  
2264.000000     	0.897095  
2267.000000     	0.897261  
2285.000000     	0.897427  
2292.000000     	0.897593  
2294.000000     	0.897759  
2298.000000     	0.897925  
2300.000000     	0.898091  
2304.000000     	0.898423  
2310.000000     	0.898589  
2322.000000     	0.898755  
2374.000000     	0.898921  
2402.000000     	0.899087  
2413.000000     	0.899253  
2447.000000     	0.899419  
2451.000000     	0.899585  
2455.000000     	0.899751  
2465.000000     	0.899917  
2467.000000     	0.900083  
2477.000000     	0.900249  
2507.000000     	0.900415  
2547.000000     	0.900581  
2553.000000     	0.900747  
2556.000000     	0.900913  
2559.000000     	0.901079  
2562.000000     	0.901245  
2564.000000     	0.901411  
2636.000000     	0.901577  
2672.000000     	0.901743  
2706.000000     	0.901909  
2760.000000     	0.902075  
2796.000000     	0.902241  
2804.000000     	0.902407  
2810.000000     	0.902573  
2891.000000     	0.902739  
2903.000000     	0.902905  
2915.000000     	0.903071  
2927.000000     	0.903237  
2972.000000     	0.903402  
2984.000000     	0.903568  
2999.000000     	0.903734  
3003.000000     	0.903900  
3016.000000     	0.904066  
3022.000000     	0.904232  
3026.000000     	0.904398  
3048.000000     	0.904564  
3055.000000     	0.904730  
3074.000000     	0.904896  
3131.000000     	0.905062  
3150.000000     	0.905228  
3219.000000     	0.905394  
3271.000000     	0.905560  
3277.000000     	0.905726  
3294.000000     	0.905892  
3296.000000     	0.906058  
3305.000000     	0.906224  
3308.000000     	0.906390  
3318.000000     	0.906556  
3329.000000     	0.906722  
3363.000000     	0.906888  
3372.000000     	0.907054  
3390.000000     	0.907220  
3431.000000     	0.907386  
3465.000000     	0.907552  
3466.000000     	0.907718  
3486.000000     	0.907884  
3537.000000     	0.908050  
3563.000000     	0.908216  
3566.000000     	0.908382  
3592.000000     	0.908548  
3622.000000     	0.908714  
3628.000000     	0.908880  
3690.000000     	0.909046  
3714.000000     	0.909212  
3721.000000     	0.909378  
3775.000000     	0.909544  
3787.000000     	0.909710  
3797.000000     	0.909876  
3831.000000     	0.910041  
3837.000000     	0.910207  
3838.000000     	0.910373  
3860.000000     	0.910539  
3889.000000     	0.910705  
3949.000000     	0.910871  
3980.000000     	0.911037  
4001.000000     	0.911203  
4152.000000     	0.911369  
4166.000000     	0.911535  
4190.000000     	0.911701  
4245.000000     	0.911867  
4259.000000     	0.912033  
4365.000000     	0.912199  
4377.000000     	0.912365  
4401.000000     	0.912531  
4407.000000     	0.912697  
4501.000000     	0.912863  
4537.000000     	0.913029  
4574.000000     	0.913195  
4608.000000     	0.913361  
4699.000000     	0.913527  
4796.000000     	0.913693  
4854.000000     	0.913859  
4860.000000     	0.914025  
4901.000000     	0.914191  
5014.000000     	0.914357  
5111.000000     	0.914523  
5258.000000     	0.914689  
5273.000000     	0.914855  
5367.000000     	0.915021  
5442.000000     	0.915187  
5446.000000     	0.915353  
5491.000000     	0.915519  
5509.000000     	0.915685  
5518.000000     	0.915851  
5560.000000     	0.916017  
5605.000000     	0.916183  
5688.000000     	0.916349  
5706.000000     	0.916515  
5730.000000     	0.916680  
5779.000000     	0.916846  
5801.000000     	0.917012  
5820.000000     	0.917178  
5905.000000     	0.917344  
6128.000000     	0.917510  
6258.000000     	0.917676  
6279.000000     	0.917842  
6325.000000     	0.918008  
6443.000000     	0.918174  
6445.000000     	0.918340  
6685.000000     	0.918506  
6727.000000     	0.918672  
6774.000000     	0.918838  
6777.000000     	0.919004  
7116.000000     	0.919170  
7173.000000     	0.919336  
7175.000000     	0.919502  
7322.000000     	0.919668  
7324.000000     	0.919834  
7422.000000     	0.920000  
7442.000000     	0.920166  
7491.000000     	0.920332  
7552.000000     	0.920498  
7909.000000     	0.920664  
7935.000000     	0.920830  
8025.000000     	0.920996  
8205.000000     	0.921162  
8320.000000     	0.921328  
8364.000000     	0.921494  
8381.000000     	0.921660  
8406.000000     	0.921826  
8723.000000     	0.921992  
8760.000000     	0.922158  
8960.000000     	0.922324  
8988.000000     	0.922490  
9109.000000     	0.922656  
9155.000000     	0.922822  
9202.000000     	0.922988  
9246.000000     	0.923154  
9256.000000     	0.923320  
9376.000000     	0.923485  
9534.000000     	0.923651  
9568.000000     	0.923817  
9583.000000     	0.923983  
9638.000000     	0.924149  
9777.000000     	0.924315  
9899.000000     	0.924481  
9978.000000     	0.924647  
10188.000000    	0.924813  
10217.000000    	0.924979  
10236.000000    	0.925145  
10337.000000    	0.925311  
10371.000000    	0.925477  
10391.000000    	0.925643  
10569.000000    	0.925809  
10581.000000    	0.925975  
10584.000000    	0.926141  
10639.000000    	0.926307  
10645.000000    	0.926473  
10727.000000    	0.926639  
10815.000000    	0.926805  
10848.000000    	0.926971  
10864.000000    	0.927303  
10890.000000    	0.927469  
10935.000000    	0.927635  
11052.000000    	0.927801  
11064.000000    	0.927967  
11168.000000    	0.928133  
11194.000000    	0.928299  
11232.000000    	0.928465  
11423.000000    	0.928631  
11436.000000    	0.928797  
11499.000000    	0.928963  
11515.000000    	0.929129  
11540.000000    	0.929295  
11622.000000    	0.929461  
11707.000000    	0.929627  
11788.000000    	0.929793  
11792.000000    	0.929959  
11910.000000    	0.930124  
11934.000000    	0.930290  
12163.000000    	0.930456  
12212.000000    	0.930622  
12406.000000    	0.930788  
12470.000000    	0.930954  
12494.000000    	0.931120  
12602.000000    	0.931286  
12640.000000    	0.931452  
12657.000000    	0.931618  
12912.000000    	0.931784  
13191.000000    	0.931950  
13216.000000    	0.932116  
13329.000000    	0.932282  
13352.000000    	0.932448  
13359.000000    	0.932614  
13407.000000    	0.932780  
13489.000000    	0.932946  
13509.000000    	0.933112  
13578.000000    	0.933278  
13604.000000    	0.933444  
13634.000000    	0.933610  
13723.000000    	0.933776  
13811.000000    	0.933942  
13957.000000    	0.934108  
13977.000000    	0.934274  
13981.000000    	0.934440  
14142.000000    	0.934606  
14180.000000    	0.934772  
14453.000000    	0.934938  
14480.000000    	0.935104  
14520.000000    	0.935270  
14840.000000    	0.935436  
14843.000000    	0.935602  
14886.000000    	0.935768  
15393.000000    	0.935934  
15452.000000    	0.936100  
15541.000000    	0.936266  
15634.000000    	0.936432  
15655.000000    	0.936598  
15686.000000    	0.936763  
15704.000000    	0.936929  
15830.000000    	0.937095  
16024.000000    	0.937261  
16028.000000    	0.937427  
16050.000000    	0.937593  
16125.000000    	0.937759  
16135.000000    	0.937925  
16234.000000    	0.938091  
16265.000000    	0.938257  
16334.000000    	0.938423  
16348.000000    	0.938589  
16397.000000    	0.938755  
16415.000000    	0.938921  
16519.000000    	0.939087  
16618.000000    	0.939253  
16673.000000    	0.939419  
16724.000000    	0.939585  
16773.000000    	0.939751  
17013.000000    	0.939917  
17102.000000    	0.940083  
17294.000000    	0.940249  
17352.000000    	0.940415  
17357.000000    	0.940581  
17476.000000    	0.940747  
17490.000000    	0.940913  
17509.000000    	0.941079  
17546.000000    	0.941245  
17550.000000    	0.941411  
17647.000000    	0.941577  
17744.000000    	0.941743  
17912.000000    	0.941909  
17948.000000    	0.942075  
18018.000000    	0.942241  
18036.000000    	0.942407  
18117.000000    	0.942573  
18179.000000    	0.942739  
18304.000000    	0.942905  
18349.000000    	0.943071  
18418.000000    	0.943237  
18433.000000    	0.943402  
18526.000000    	0.943568  
18556.000000    	0.943734  
18595.000000    	0.943900  
18864.000000    	0.944066  
18922.000000    	0.944232  
18931.000000    	0.944398  
19079.000000    	0.944564  
19113.000000    	0.944730  
19154.000000    	0.944896  
19166.000000    	0.945062  
19215.000000    	0.945228  
19264.000000    	0.945394  
19285.000000    	0.945560  
19385.000000    	0.945726  
19441.000000    	0.945892  
19484.000000    	0.946058  
19497.000000    	0.946224  
19530.000000    	0.946390  
19550.000000    	0.946556  
19558.000000    	0.946722  
19619.000000    	0.946888  
19643.000000    	0.947054  
19787.000000    	0.947220  
19860.000000    	0.947386  
19942.000000    	0.947552  
20029.000000    	0.947718  
20247.000000    	0.947884  
20269.000000    	0.948050  
20280.000000    	0.948216  
20330.000000    	0.948382  
20356.000000    	0.948548  
20380.000000    	0.948714  
20386.000000    	0.948880  
20420.000000    	0.949046  
20739.000000    	0.949212  
20780.000000    	0.949378  
20987.000000    	0.949544  
21026.000000    	0.949710  
21105.000000    	0.949876  
21135.000000    	0.950041  
21190.000000    	0.950207  
21272.000000    	0.950373  
21358.000000    	0.950539  
21380.000000    	0.950705  
21403.000000    	0.950871  
21571.000000    	0.951037  
21774.000000    	0.951203  
22056.000000    	0.951369  
22086.000000    	0.951535  
22096.000000    	0.951701  
22227.000000    	0.951867  
22443.000000    	0.952033  
22575.000000    	0.952199  
22721.000000    	0.952365  
22944.000000    	0.952531  
23072.000000    	0.952697  
23144.000000    	0.952863  
23269.000000    	0.953029  
23450.000000    	0.953195  
23597.000000    	0.953361  
23765.000000    	0.953527  
23890.000000    	0.953693  
23898.000000    	0.953859  
23902.000000    	0.954025  
23945.000000    	0.954191  
24119.000000    	0.954357  
24180.000000    	0.954523  
24245.000000    	0.954689  
24291.000000    	0.954855  
24371.000000    	0.955021  
24494.000000    	0.955187  
24679.000000    	0.955353  
24758.000000    	0.955519  
24792.000000    	0.955685  
24828.000000    	0.955851  
24903.000000    	0.956017  
24928.000000    	0.956183  
24964.000000    	0.956349  
24970.000000    	0.956515  
25119.000000    	0.956680  
25217.000000    	0.956846  
25332.000000    	0.957012  
25377.000000    	0.957178  
25430.000000    	0.957344  
25432.000000    	0.957510  
25801.000000    	0.957676  
25841.000000    	0.957842  
25876.000000    	0.958008  
25878.000000    	0.958174  
25951.000000    	0.958340  
26074.000000    	0.958506  
26136.000000    	0.958672  
26196.000000    	0.958838  
26222.000000    	0.959004  
26257.000000    	0.959170  
26288.000000    	0.959336  
26358.000000    	0.959502  
26360.000000    	0.959668  
26423.000000    	0.959834  
26546.000000    	0.960166  
26584.000000    	0.960332  
26628.000000    	0.960498  
26723.000000    	0.960664  
26857.000000    	0.960830  
26876.000000    	0.960996  
26904.000000    	0.961162  
27085.000000    	0.961328  
27356.000000    	0.961494  
27372.000000    	0.961660  
27483.000000    	0.961826  
27565.000000    	0.961992  
27635.000000    	0.962158  
27669.000000    	0.962324  
27680.000000    	0.962490  
27705.000000    	0.962656  
27732.000000    	0.962822  
27779.000000    	0.962988  
27897.000000    	0.963154  
27906.000000    	0.963320  
27921.000000    	0.963485  
27926.000000    	0.963651  
28006.000000    	0.963817  
28036.000000    	0.963983  
28070.000000    	0.964149  
28147.000000    	0.964315  
28149.000000    	0.964481  
28171.000000    	0.964647  
28231.000000    	0.964813  
28486.000000    	0.964979  
28600.000000    	0.965145  
28656.000000    	0.965311  
28701.000000    	0.965477  
28809.000000    	0.965643  
28868.000000    	0.965809  
28921.000000    	0.965975  
28953.000000    	0.966141  
28975.000000    	0.966307  
28995.000000    	0.966473  
29122.000000    	0.966639  
29172.000000    	0.966805  
29202.000000    	0.966971  
29246.000000    	0.967137  
29314.000000    	0.967303  
29391.000000    	0.967469  
29515.000000    	0.967635  
29526.000000    	0.967801  
29629.000000    	0.967967  
29768.000000    	0.968133  
29779.000000    	0.968299  
30129.000000    	0.968465  
30399.000000    	0.968631  
30427.000000    	0.968797  
30498.000000    	0.968963  
30519.000000    	0.969129  
30595.000000    	0.969295  
30634.000000    	0.969461  
30672.000000    	0.969627  
31044.000000    	0.969793  
31149.000000    	0.969959  
31154.000000    	0.970124  
31161.000000    	0.970290  
31323.000000    	0.970456  
31338.000000    	0.970622  
31457.000000    	0.970788  
31539.000000    	0.970954  
31686.000000    	0.971120  
31866.000000    	0.971286  
31877.000000    	0.971618  
31988.000000    	0.971784  
32069.000000    	0.971950  
32071.000000    	0.972116  
32116.000000    	0.972282  
32236.000000    	0.972448  
32511.000000    	0.972614  
32514.000000    	0.972780  
32544.000000    	0.973112  
32550.000000    	0.973278  
32630.000000    	0.973444  
32678.000000    	0.973610  
33268.000000    	0.973776  
33495.000000    	0.973942  
33529.000000    	0.974108  
33570.000000    	0.974274  
33768.000000    	0.974440  
33794.000000    	0.974606  
33812.000000    	0.974772  
33840.000000    	0.974938  
33848.000000    	0.975104  
33972.000000    	0.975270  
34007.000000    	0.975436  
34045.000000    	0.975602  
34162.000000    	0.975768  
34301.000000    	0.975934  
34341.000000    	0.976100  
34394.000000    	0.976266  
34546.000000    	0.976432  
34717.000000    	0.976598  
34763.000000    	0.976763  
34847.000000    	0.976929  
34964.000000    	0.977095  
34986.000000    	0.977261  
35017.000000    	0.977427  
35363.000000    	0.977593  
35364.000000    	0.977759  
35394.000000    	0.977925  
35410.000000    	0.978091  
35509.000000    	0.978257  
35636.000000    	0.978423  
35713.000000    	0.978589  
35800.000000    	0.978755  
35890.000000    	0.978921  
35972.000000    	0.979087  
36014.000000    	0.979253  
36106.000000    	0.979419  
36236.000000    	0.979585  
36268.000000    	0.979751  
36327.000000    	0.979917  
36360.000000    	0.980083  
36363.000000    	0.980249  
36399.000000    	0.980415  
36402.000000    	0.980581  
36489.000000    	0.980747  
36548.000000    	0.980913  
36564.000000    	0.981079  
36594.000000    	0.981245  
36634.000000    	0.981411  
36696.000000    	0.981577  
36710.000000    	0.981743  
36717.000000    	0.981909  
36786.000000    	0.982075  
36793.000000    	0.982241  
36825.000000    	0.982407  
36985.000000    	0.982573  
37115.000000    	0.982739  
37238.000000    	0.982905  
37306.000000    	0.983071  
37359.000000    	0.983237  
37396.000000    	0.983402  
37685.000000    	0.983568  
37720.000000    	0.983734  
37744.000000    	0.983900  
37864.000000    	0.984066  
37889.000000    	0.984232  
38066.000000    	0.984398  
38070.000000    	0.984564  
38094.000000    	0.984730  
38109.000000    	0.984896  
38181.000000    	0.985062  
38243.000000    	0.985228  
38307.000000    	0.985394  
38386.000000    	0.985560  
38497.000000    	0.985726  
38549.000000    	0.985892  
38848.000000    	0.986058  
38905.000000    	0.986224  
39015.000000    	0.986390  
39016.000000    	0.986556  
39090.000000    	0.986722  
39234.000000    	0.986888  
39373.000000    	0.987054  
39528.000000    	0.987220  
39578.000000    	0.987386  
39591.000000    	0.987552  
39675.000000    	0.987718  
39905.000000    	0.987884  
40047.000000    	0.988050  
40059.000000    	0.988216  
40247.000000    	0.988382  
40331.000000    	0.988548  
40402.000000    	0.988714  
40499.000000    	0.988880  
40515.000000    	0.989046  
40541.000000    	0.989212  
40962.000000    	0.989378  
41074.000000    	0.989544  
41148.000000    	0.989710  
41310.000000    	0.989876  
41324.000000    	0.990041  
41328.000000    	0.990207  
41375.000000    	0.990373  
41733.000000    	0.990539  
41825.000000    	0.990705  
41847.000000    	0.990871  
42025.000000    	0.991037  
42149.000000    	0.991203  
42234.000000    	0.991369  
42402.000000    	0.991535  
42463.000000    	0.991701  
42521.000000    	0.991867  
42598.000000    	0.992033  
42660.000000    	0.992199  
42683.000000    	0.992365  
42740.000000    	0.992531  
43138.000000    	0.992697  
43188.000000    	0.992863  
43346.000000    	0.993029  
43360.000000    	0.993195  
43612.000000    	0.993361  
43628.000000    	0.993527  
43759.000000    	0.993693  
43813.000000    	0.993859  
43840.000000    	0.994025  
43855.000000    	0.994191  
43895.000000    	0.994357  
43944.000000    	0.994523  
44065.000000    	0.994689  
44274.000000    	0.994855  
44307.000000    	0.995021  
44392.000000    	0.995187  
44666.000000    	0.995353  
44710.000000    	0.995519  
44776.000000    	0.995685  
44796.000000    	0.995851  
44840.000000    	0.996017  
44864.000000    	0.996183  
44878.000000    	0.996349  
44946.000000    	0.996515  
44975.000000    	0.996680  
44993.000000    	0.996846  
45207.000000    	0.997012  
45244.000000    	0.997178  
45336.000000    	0.997344  
45339.000000    	0.997510  
45564.000000    	0.997676  
45758.000000    	0.997842  
45887.000000    	0.998008  
45918.000000    	0.998174  
46028.000000    	0.998340  
46058.000000    	0.998506  
46160.000000    	0.998672  
46951.000000    	0.998838  
47115.000000    	0.999004  
47262.000000    	0.999170  
48055.000000    	0.999336  
49023.000000    	0.999502  
51987.000000    	0.999668  
54349.000000    	0.999834  
57018.000000    	1.000000  
57018.000000    	1.000000  
