8.000000        	0.000166  
11.000000       	0.000332  
20.000000       	0.000830  
21.000000       	0.000996  
22.000000       	0.001328  
23.000000       	0.001494  
27.000000       	0.001660  
31.000000       	0.001826  
32.000000       	0.001992  
33.000000       	0.002158  
38.000000       	0.002324  
44.000000       	0.002490  
47.000000       	0.002656  
48.000000       	0.003651  
50.000000       	0.003817  
52.000000       	0.003983  
55.000000       	0.004315  
60.000000       	0.005145  
61.000000       	0.007303  
62.000000       	0.009627  
63.000000       	0.012116  
64.000000       	0.013776  
65.000000       	0.014938  
66.000000       	0.015602  
67.000000       	0.016266  
68.000000       	0.016598  
69.000000       	0.017427  
70.000000       	0.017759  
71.000000       	0.018755  
72.000000       	0.019585  
73.000000       	0.021743  
74.000000       	0.023900  
75.000000       	0.027054  
76.000000       	0.034357  
77.000000       	0.040996  
78.000000       	0.049793  
79.000000       	0.056266  
80.000000       	0.061079  
81.000000       	0.066390  
82.000000       	0.070539  
83.000000       	0.073527  
84.000000       	0.076846  
85.000000       	0.080498  
86.000000       	0.083651  
87.000000       	0.085809  
88.000000       	0.089461  
89.000000       	0.092614  
90.000000       	0.094938  
91.000000       	0.097427  
92.000000       	0.100249  
93.000000       	0.103237  
94.000000       	0.105726  
95.000000       	0.108050  
96.000000       	0.111369  
97.000000       	0.114025  
98.000000       	0.116515  
99.000000       	0.119502  
100.000000      	0.123485  
101.000000      	0.126473  
102.000000      	0.128631  
103.000000      	0.131120  
104.000000      	0.135436  
105.000000      	0.139087  
106.000000      	0.142241  
107.000000      	0.145892  
108.000000      	0.150871  
109.000000      	0.154523  
110.000000      	0.157842  
111.000000      	0.162158  
112.000000      	0.167303  
113.000000      	0.170290  
114.000000      	0.173112  
115.000000      	0.176100  
116.000000      	0.179751  
117.000000      	0.183402  
118.000000      	0.187386  
119.000000      	0.189544  
120.000000      	0.192365  
121.000000      	0.195851  
122.000000      	0.199336  
123.000000      	0.202158  
124.000000      	0.205975  
125.000000      	0.208631  
126.000000      	0.211950  
127.000000      	0.214606  
128.000000      	0.217593  
129.000000      	0.220581  
130.000000      	0.221743  
131.000000      	0.223734  
132.000000      	0.225062  
133.000000      	0.227220  
134.000000      	0.229046  
135.000000      	0.230207  
136.000000      	0.231701  
137.000000      	0.234523  
138.000000      	0.236349  
139.000000      	0.237842  
140.000000      	0.240830  
141.000000      	0.242324  
142.000000      	0.243485  
143.000000      	0.245477  
144.000000      	0.246639  
145.000000      	0.247303  
146.000000      	0.248465  
147.000000      	0.249627  
148.000000      	0.250788  
149.000000      	0.252116  
150.000000      	0.252946  
151.000000      	0.253942  
152.000000      	0.254606  
153.000000      	0.255602  
154.000000      	0.256763  
155.000000      	0.257925  
156.000000      	0.258921  
157.000000      	0.259253  
158.000000      	0.260415  
159.000000      	0.261577  
160.000000      	0.262739  
161.000000      	0.264398  
162.000000      	0.264896  
163.000000      	0.265892  
164.000000      	0.266556  
165.000000      	0.267054  
166.000000      	0.267552  
167.000000      	0.268050  
168.000000      	0.268880  
169.000000      	0.269710  
170.000000      	0.270373  
171.000000      	0.270705  
172.000000      	0.271203  
173.000000      	0.271867  
174.000000      	0.272365  
175.000000      	0.273029  
176.000000      	0.273195  
177.000000      	0.274025  
178.000000      	0.275021  
179.000000      	0.277012  
180.000000      	0.278008  
181.000000      	0.279336  
182.000000      	0.281826  
183.000000      	0.285145  
184.000000      	0.288797  
185.000000      	0.291618  
186.000000      	0.297095  
187.000000      	0.300249  
188.000000      	0.306888  
189.000000      	0.311203  
190.000000      	0.316680  
191.000000      	0.321660  
192.000000      	0.326307  
193.000000      	0.331618  
194.000000      	0.334440  
195.000000      	0.337925  
196.000000      	0.339917  
197.000000      	0.343734  
198.000000      	0.347386  
199.000000      	0.350373  
200.000000      	0.351867  
201.000000      	0.354025  
202.000000      	0.357510  
203.000000      	0.360498  
204.000000      	0.362988  
205.000000      	0.365809  
206.000000      	0.369461  
207.000000      	0.373112  
208.000000      	0.377759  
209.000000      	0.382407  
210.000000      	0.385560  
211.000000      	0.391867  
212.000000      	0.397842  
213.000000      	0.403320  
214.000000      	0.407469  
215.000000      	0.412448  
216.000000      	0.418921  
217.000000      	0.427552  
218.000000      	0.433527  
219.000000      	0.441162  
220.000000      	0.446639  
221.000000      	0.451784  
222.000000      	0.457759  
223.000000      	0.463071  
224.000000      	0.468548  
225.000000      	0.473693  
226.000000      	0.479834  
227.000000      	0.484647  
228.000000      	0.488797  
229.000000      	0.493112  
230.000000      	0.497925  
231.000000      	0.503237  
232.000000      	0.508050  
233.000000      	0.513195  
234.000000      	0.517510  
235.000000      	0.521660  
236.000000      	0.525477  
237.000000      	0.528631  
238.000000      	0.532946  
239.000000      	0.537261  
240.000000      	0.540083  
241.000000      	0.544896  
242.000000      	0.549046  
243.000000      	0.552697  
244.000000      	0.557510  
245.000000      	0.562988  
246.000000      	0.567137  
247.000000      	0.572780  
248.000000      	0.577925  
249.000000      	0.584066  
250.000000      	0.587386  
251.000000      	0.591867  
252.000000      	0.596846  
253.000000      	0.601494  
254.000000      	0.609627  
255.000000      	0.616598  
256.000000      	0.623237  
257.000000      	0.630373  
258.000000      	0.636017  
259.000000      	0.645145  
260.000000      	0.650954  
261.000000      	0.658091  
262.000000      	0.665394  
263.000000      	0.672033  
264.000000      	0.678838  
265.000000      	0.684481  
266.000000      	0.689461  
267.000000      	0.695104  
268.000000      	0.699917  
269.000000      	0.703900  
270.000000      	0.708880  
271.000000      	0.713361  
272.000000      	0.717510  
273.000000      	0.723485  
274.000000      	0.728465  
275.000000      	0.732780  
276.000000      	0.740249  
277.000000      	0.744730  
278.000000      	0.751535  
279.000000      	0.756846  
280.000000      	0.762490  
281.000000      	0.769295  
282.000000      	0.775768  
283.000000      	0.781743  
284.000000      	0.786556  
285.000000      	0.791701  
286.000000      	0.796680  
287.000000      	0.800664  
288.000000      	0.805643  
289.000000      	0.810290  
290.000000      	0.813112  
291.000000      	0.817261  
292.000000      	0.820249  
293.000000      	0.822739  
294.000000      	0.825726  
295.000000      	0.829378  
296.000000      	0.832365  
297.000000      	0.834855  
298.000000      	0.837842  
299.000000      	0.839668  
300.000000      	0.841328  
301.000000      	0.843651  
302.000000      	0.846805  
303.000000      	0.848797  
304.000000      	0.851452  
305.000000      	0.852282  
306.000000      	0.853776  
307.000000      	0.854772  
308.000000      	0.856100  
309.000000      	0.857095  
310.000000      	0.857759  
311.000000      	0.859419  
312.000000      	0.860083  
313.000000      	0.862241  
314.000000      	0.863071  
315.000000      	0.863568  
316.000000      	0.864398  
317.000000      	0.864896  
318.000000      	0.865394  
319.000000      	0.866058  
320.000000      	0.866888  
321.000000      	0.867220  
322.000000      	0.867552  
323.000000      	0.867718  
324.000000      	0.868382  
325.000000      	0.869544  
326.000000      	0.870207  
327.000000      	0.871203  
328.000000      	0.871867  
329.000000      	0.872365  
330.000000      	0.873195  
331.000000      	0.873859  
332.000000      	0.874523  
333.000000      	0.874689  
334.000000      	0.874855  
335.000000      	0.875353  
336.000000      	0.875685  
337.000000      	0.876017  
338.000000      	0.876183  
339.000000      	0.876680  
340.000000      	0.877012  
341.000000      	0.877842  
342.000000      	0.878008  
344.000000      	0.878506  
345.000000      	0.879004  
346.000000      	0.879668  
347.000000      	0.880000  
348.000000      	0.880498  
349.000000      	0.880996  
351.000000      	0.881494  
352.000000      	0.881826  
353.000000      	0.882158  
355.000000      	0.882324  
356.000000      	0.882822  
357.000000      	0.883154  
358.000000      	0.883320  
359.000000      	0.883983  
360.000000      	0.884149  
361.000000      	0.884481  
362.000000      	0.884647  
363.000000      	0.884813  
364.000000      	0.885145  
365.000000      	0.885311  
366.000000      	0.885477  
367.000000      	0.886141  
368.000000      	0.886473  
369.000000      	0.886639  
370.000000      	0.886805  
371.000000      	0.886971  
372.000000      	0.887137  
373.000000      	0.887303  
374.000000      	0.887635  
375.000000      	0.888299  
376.000000      	0.888631  
377.000000      	0.888963  
378.000000      	0.889295  
379.000000      	0.889461  
380.000000      	0.890124  
381.000000      	0.890290  
382.000000      	0.890622  
383.000000      	0.890954  
385.000000      	0.891452  
386.000000      	0.891618  
387.000000      	0.891784  
388.000000      	0.892448  
389.000000      	0.892780  
390.000000      	0.892946  
391.000000      	0.893610  
392.000000      	0.893942  
394.000000      	0.894108  
396.000000      	0.894274  
397.000000      	0.894772  
398.000000      	0.894938  
399.000000      	0.895436  
401.000000      	0.895602  
402.000000      	0.895934  
403.000000      	0.896432  
404.000000      	0.896598  
405.000000      	0.896763  
406.000000      	0.896929  
407.000000      	0.897095  
408.000000      	0.897593  
409.000000      	0.897759  
410.000000      	0.898589  
411.000000      	0.898921  
412.000000      	0.899087  
414.000000      	0.899751  
417.000000      	0.900581  
418.000000      	0.900913  
419.000000      	0.901245  
420.000000      	0.901743  
423.000000      	0.901909  
424.000000      	0.902241  
425.000000      	0.902573  
426.000000      	0.902739  
428.000000      	0.902905  
430.000000      	0.903071  
432.000000      	0.903237  
434.000000      	0.903568  
438.000000      	0.903734  
441.000000      	0.903900  
442.000000      	0.904066  
443.000000      	0.904398  
444.000000      	0.904564  
446.000000      	0.904730  
448.000000      	0.904896  
449.000000      	0.905062  
450.000000      	0.905228  
453.000000      	0.905394  
456.000000      	0.905560  
458.000000      	0.906058  
460.000000      	0.906224  
463.000000      	0.906390  
464.000000      	0.906556  
466.000000      	0.907054  
467.000000      	0.907220  
468.000000      	0.907386  
472.000000      	0.907552  
473.000000      	0.907718  
474.000000      	0.907884  
480.000000      	0.908050  
481.000000      	0.908382  
485.000000      	0.908548  
486.000000      	0.908714  
488.000000      	0.909212  
489.000000      	0.909378  
490.000000      	0.909544  
491.000000      	0.909710  
492.000000      	0.910041  
493.000000      	0.910705  
494.000000      	0.910871  
495.000000      	0.911037  
498.000000      	0.911203  
499.000000      	0.911535  
503.000000      	0.911867  
505.000000      	0.912033  
506.000000      	0.912199  
507.000000      	0.912531  
508.000000      	0.912697  
513.000000      	0.912863  
514.000000      	0.913029  
516.000000      	0.913361  
517.000000      	0.913693  
520.000000      	0.914025  
521.000000      	0.914191  
523.000000      	0.914523  
524.000000      	0.914689  
528.000000      	0.914855  
529.000000      	0.915021  
532.000000      	0.915187  
534.000000      	0.915353  
535.000000      	0.915519  
537.000000      	0.915685  
543.000000      	0.915851  
545.000000      	0.916017  
547.000000      	0.916183  
550.000000      	0.916349  
553.000000      	0.916515  
564.000000      	0.916680  
565.000000      	0.916846  
578.000000      	0.917012  
580.000000      	0.917178  
586.000000      	0.917344  
591.000000      	0.917676  
592.000000      	0.917842  
595.000000      	0.918008  
598.000000      	0.918174  
602.000000      	0.918506  
605.000000      	0.918838  
607.000000      	0.919004  
612.000000      	0.919170  
619.000000      	0.919336  
622.000000      	0.919502  
626.000000      	0.919834  
632.000000      	0.920166  
643.000000      	0.920332  
655.000000      	0.920498  
656.000000      	0.920830  
660.000000      	0.921162  
664.000000      	0.921328  
667.000000      	0.921494  
672.000000      	0.921660  
677.000000      	0.921826  
678.000000      	0.921992  
680.000000      	0.922158  
682.000000      	0.922324  
685.000000      	0.922490  
689.000000      	0.922656  
696.000000      	0.922988  
697.000000      	0.923320  
701.000000      	0.923485  
708.000000      	0.923651  
714.000000      	0.923817  
715.000000      	0.923983  
726.000000      	0.924149  
728.000000      	0.924315  
734.000000      	0.924481  
736.000000      	0.924647  
739.000000      	0.924813  
740.000000      	0.924979  
746.000000      	0.925145  
750.000000      	0.925311  
755.000000      	0.925477  
756.000000      	0.925643  
757.000000      	0.925809  
758.000000      	0.925975  
759.000000      	0.926141  
760.000000      	0.926473  
762.000000      	0.926639  
764.000000      	0.926805  
767.000000      	0.927137  
775.000000      	0.927303  
777.000000      	0.927469  
779.000000      	0.927635  
782.000000      	0.927801  
786.000000      	0.927967  
796.000000      	0.928133  
815.000000      	0.928299  
819.000000      	0.928465  
820.000000      	0.928631  
822.000000      	0.928797  
824.000000      	0.928963  
826.000000      	0.929129  
829.000000      	0.929627  
832.000000      	0.929793  
844.000000      	0.930124  
848.000000      	0.930290  
856.000000      	0.930456  
873.000000      	0.930622  
877.000000      	0.930788  
883.000000      	0.931120  
887.000000      	0.931286  
888.000000      	0.931452  
893.000000      	0.931618  
895.000000      	0.931784  
899.000000      	0.931950  
905.000000      	0.932282  
907.000000      	0.932448  
911.000000      	0.932614  
925.000000      	0.932946  
927.000000      	0.933112  
933.000000      	0.933278  
935.000000      	0.933444  
936.000000      	0.933610  
946.000000      	0.933776  
954.000000      	0.933942  
957.000000      	0.934274  
958.000000      	0.934440  
962.000000      	0.934606  
968.000000      	0.934772  
983.000000      	0.934938  
992.000000      	0.935104  
1000.000000     	0.935270  
1007.000000     	0.935436  
1009.000000     	0.935602  
1018.000000     	0.935768  
1026.000000     	0.935934  
1038.000000     	0.936100  
1040.000000     	0.936432  
1042.000000     	0.936598  
1043.000000     	0.936763  
1048.000000     	0.936929  
1053.000000     	0.937095  
1059.000000     	0.937261  
1074.000000     	0.937427  
1080.000000     	0.937593  
1100.000000     	0.937759  
1124.000000     	0.937925  
1136.000000     	0.938257  
1147.000000     	0.938423  
1150.000000     	0.938589  
1153.000000     	0.938755  
1154.000000     	0.938921  
1157.000000     	0.939087  
1167.000000     	0.939419  
1175.000000     	0.939751  
1194.000000     	0.939917  
1201.000000     	0.940083  
1202.000000     	0.940249  
1203.000000     	0.940415  
1215.000000     	0.940581  
1221.000000     	0.940747  
1228.000000     	0.940913  
1230.000000     	0.941079  
1234.000000     	0.941245  
1237.000000     	0.941411  
1242.000000     	0.941577  
1244.000000     	0.941743  
1247.000000     	0.941909  
1250.000000     	0.942075  
1254.000000     	0.942241  
1255.000000     	0.942407  
1256.000000     	0.942573  
1258.000000     	0.942905  
1261.000000     	0.943071  
1265.000000     	0.943237  
1269.000000     	0.943402  
1272.000000     	0.943568  
1276.000000     	0.943734  
1281.000000     	0.943900  
1282.000000     	0.944066  
1285.000000     	0.944232  
1286.000000     	0.944398  
1288.000000     	0.944730  
1289.000000     	0.944896  
1291.000000     	0.945228  
1294.000000     	0.945394  
1297.000000     	0.945560  
1302.000000     	0.945726  
1304.000000     	0.945892  
1306.000000     	0.946058  
1310.000000     	0.946224  
1313.000000     	0.946390  
1314.000000     	0.946556  
1315.000000     	0.946722  
1317.000000     	0.946888  
1325.000000     	0.947054  
1328.000000     	0.947220  
1329.000000     	0.947386  
1330.000000     	0.947552  
1336.000000     	0.947718  
1337.000000     	0.947884  
1339.000000     	0.948050  
1340.000000     	0.948216  
1342.000000     	0.948714  
1345.000000     	0.949046  
1346.000000     	0.949212  
1348.000000     	0.949378  
1350.000000     	0.949544  
1353.000000     	0.949710  
1358.000000     	0.950041  
1360.000000     	0.950207  
1362.000000     	0.950539  
1363.000000     	0.950705  
1368.000000     	0.950871  
1371.000000     	0.951203  
1377.000000     	0.951369  
1381.000000     	0.951535  
1388.000000     	0.951701  
1391.000000     	0.952033  
1394.000000     	0.952199  
1395.000000     	0.952365  
1402.000000     	0.952531  
1406.000000     	0.952697  
1407.000000     	0.953029  
1409.000000     	0.953195  
1413.000000     	0.953361  
1414.000000     	0.953693  
1422.000000     	0.953859  
1423.000000     	0.954025  
1431.000000     	0.954191  
1436.000000     	0.954357  
1439.000000     	0.954523  
1442.000000     	0.954689  
1446.000000     	0.955021  
1455.000000     	0.955187  
1459.000000     	0.955353  
1464.000000     	0.955519  
1468.000000     	0.955685  
1476.000000     	0.955851  
1478.000000     	0.956017  
1480.000000     	0.956349  
1487.000000     	0.956515  
1498.000000     	0.956680  
1499.000000     	0.957012  
1501.000000     	0.957178  
1506.000000     	0.957344  
1507.000000     	0.957510  
1509.000000     	0.957676  
1510.000000     	0.957842  
1511.000000     	0.958008  
1514.000000     	0.958174  
1515.000000     	0.958340  
1516.000000     	0.958506  
1524.000000     	0.958672  
1526.000000     	0.958838  
1528.000000     	0.959004  
1530.000000     	0.959502  
1531.000000     	0.960000  
1532.000000     	0.960166  
1533.000000     	0.960332  
1535.000000     	0.960664  
1540.000000     	0.960830  
1548.000000     	0.960996  
1557.000000     	0.961162  
1560.000000     	0.961494  
1562.000000     	0.961660  
1566.000000     	0.961826  
1571.000000     	0.961992  
1572.000000     	0.962158  
1584.000000     	0.962324  
1586.000000     	0.962656  
1587.000000     	0.962822  
1595.000000     	0.963154  
1596.000000     	0.963320  
1599.000000     	0.963817  
1600.000000     	0.963983  
1601.000000     	0.964149  
1602.000000     	0.964315  
1604.000000     	0.964481  
1606.000000     	0.964647  
1610.000000     	0.965145  
1611.000000     	0.965643  
1612.000000     	0.965809  
1615.000000     	0.965975  
1616.000000     	0.966141  
1617.000000     	0.966307  
1618.000000     	0.966473  
1630.000000     	0.966639  
1631.000000     	0.966805  
1633.000000     	0.966971  
1636.000000     	0.967137  
1654.000000     	0.967303  
1657.000000     	0.967469  
1660.000000     	0.967635  
1662.000000     	0.967967  
1669.000000     	0.968133  
1675.000000     	0.968299  
1687.000000     	0.968465  
1688.000000     	0.968631  
1690.000000     	0.968797  
1697.000000     	0.968963  
1712.000000     	0.969129  
1715.000000     	0.969295  
1722.000000     	0.969461  
1745.000000     	0.969627  
1756.000000     	0.969793  
1759.000000     	0.969959  
1762.000000     	0.970124  
1764.000000     	0.970290  
1765.000000     	0.970456  
1768.000000     	0.970622  
1793.000000     	0.970788  
1798.000000     	0.970954  
1822.000000     	0.971120  
1831.000000     	0.971286  
1841.000000     	0.971452  
1848.000000     	0.971618  
1860.000000     	0.971784  
1867.000000     	0.971950  
1874.000000     	0.972116  
1877.000000     	0.972282  
1906.000000     	0.972448  
1917.000000     	0.972614  
1944.000000     	0.972780  
1960.000000     	0.972946  
1974.000000     	0.973112  
1987.000000     	0.973278  
2017.000000     	0.973444  
2018.000000     	0.973610  
2043.000000     	0.973776  
2046.000000     	0.974108  
2052.000000     	0.974274  
2068.000000     	0.974440  
2072.000000     	0.974606  
2075.000000     	0.974772  
2088.000000     	0.974938  
2105.000000     	0.975104  
2119.000000     	0.975270  
2149.000000     	0.975436  
2151.000000     	0.975602  
2189.000000     	0.975768  
2192.000000     	0.975934  
2195.000000     	0.976100  
2230.000000     	0.976266  
2233.000000     	0.976432  
2239.000000     	0.976598  
2242.000000     	0.976763  
2243.000000     	0.976929  
2255.000000     	0.977095  
2256.000000     	0.977261  
2264.000000     	0.977427  
2267.000000     	0.977593  
2269.000000     	0.977759  
2270.000000     	0.977925  
2271.000000     	0.978091  
2275.000000     	0.978257  
2280.000000     	0.978423  
2282.000000     	0.978589  
2286.000000     	0.978755  
2309.000000     	0.978921  
2319.000000     	0.979087  
2323.000000     	0.979253  
2339.000000     	0.979419  
2367.000000     	0.979585  
2387.000000     	0.979751  
2398.000000     	0.979917  
2407.000000     	0.980083  
2432.000000     	0.980249  
2434.000000     	0.980581  
2435.000000     	0.980747  
2466.000000     	0.980913  
2478.000000     	0.981079  
2537.000000     	0.981245  
2546.000000     	0.981411  
2550.000000     	0.981577  
2593.000000     	0.981743  
2623.000000     	0.981909  
2624.000000     	0.982075  
2633.000000     	0.982241  
2649.000000     	0.982407  
2656.000000     	0.982573  
2668.000000     	0.982739  
2676.000000     	0.982905  
2688.000000     	0.983071  
2704.000000     	0.983237  
2715.000000     	0.983402  
2740.000000     	0.983568  
2759.000000     	0.983734  
2778.000000     	0.983900  
2787.000000     	0.984066  
2847.000000     	0.984232  
2863.000000     	0.984398  
2873.000000     	0.984564  
2882.000000     	0.984730  
2884.000000     	0.984896  
2897.000000     	0.985062  
2908.000000     	0.985228  
2922.000000     	0.985394  
2928.000000     	0.985560  
2933.000000     	0.985726  
2998.000000     	0.985892  
3011.000000     	0.986058  
3016.000000     	0.986224  
3035.000000     	0.986390  
3097.000000     	0.986556  
3102.000000     	0.986722  
3107.000000     	0.986888  
3171.000000     	0.987054  
3230.000000     	0.987220  
3235.000000     	0.987386  
3239.000000     	0.987552  
3255.000000     	0.987718  
3258.000000     	0.987884  
3282.000000     	0.988050  
3294.000000     	0.988216  
3303.000000     	0.988382  
3317.000000     	0.988548  
3324.000000     	0.988714  
3398.000000     	0.988880  
3423.000000     	0.989046  
3459.000000     	0.989212  
3484.000000     	0.989378  
3519.000000     	0.989544  
3531.000000     	0.989710  
3584.000000     	0.989876  
3616.000000     	0.990041  
3706.000000     	0.990207  
3708.000000     	0.990373  
3730.000000     	0.990539  
3754.000000     	0.990705  
3764.000000     	0.990871  
3770.000000     	0.991037  
3772.000000     	0.991203  
3787.000000     	0.991369  
3852.000000     	0.991535  
3891.000000     	0.991701  
3892.000000     	0.991867  
3927.000000     	0.992033  
3964.000000     	0.992199  
3981.000000     	0.992365  
4070.000000     	0.992531  
4471.000000     	0.992697  
4528.000000     	0.992863  
4777.000000     	0.993029  
4780.000000     	0.993195  
4790.000000     	0.993361  
4860.000000     	0.993527  
4897.000000     	0.993693  
4929.000000     	0.993859  
4992.000000     	0.994025  
5050.000000     	0.994191  
5066.000000     	0.994357  
5101.000000     	0.994523  
5227.000000     	0.994689  
5306.000000     	0.994855  
5380.000000     	0.995021  
5453.000000     	0.995187  
5649.000000     	0.995353  
5840.000000     	0.995519  
5869.000000     	0.995685  
5996.000000     	0.995851  
6124.000000     	0.996017  
6158.000000     	0.996183  
6295.000000     	0.996349  
6414.000000     	0.996515  
6487.000000     	0.996680  
6517.000000     	0.996846  
6589.000000     	0.997012  
6845.000000     	0.997178  
6888.000000     	0.997344  
6891.000000     	0.997510  
7402.000000     	0.997676  
9339.000000     	0.997842  
9469.000000     	0.998008  
9668.000000     	0.998174  
9898.000000     	0.998340  
9998.000000     	0.998506  
19842.000000    	0.998672  
26785.000000    	0.998838  
28038.000000    	0.999004  
28473.000000    	0.999170  
34750.000000    	0.999336  
49740.000000    	0.999502  
49911.000000    	0.999668  
51411.000000    	0.999834  
53325.000000    	1.000000  
53325.000000    	1.000000  
