6.000000        	0.000332  
8.000000        	0.000498  
20.000000       	0.000664  
21.000000       	0.000996  
22.000000       	0.001328  
24.000000       	0.001494  
25.000000       	0.001660  
27.000000       	0.001826  
47.000000       	0.001992  
48.000000       	0.002158  
49.000000       	0.002324  
50.000000       	0.002656  
52.000000       	0.002988  
55.000000       	0.003154  
56.000000       	0.003320  
57.000000       	0.003485  
59.000000       	0.003651  
60.000000       	0.004315  
61.000000       	0.007303  
62.000000       	0.009627  
63.000000       	0.012448  
64.000000       	0.013776  
65.000000       	0.015270  
66.000000       	0.016100  
67.000000       	0.016929  
68.000000       	0.017261  
69.000000       	0.018257  
70.000000       	0.019087  
71.000000       	0.019751  
73.000000       	0.020415  
74.000000       	0.021743  
75.000000       	0.028216  
76.000000       	0.034689  
77.000000       	0.041162  
78.000000       	0.046307  
79.000000       	0.051618  
80.000000       	0.056763  
81.000000       	0.062075  
82.000000       	0.067884  
83.000000       	0.073029  
84.000000       	0.078672  
85.000000       	0.082988  
86.000000       	0.086805  
87.000000       	0.088963  
88.000000       	0.091784  
89.000000       	0.093112  
90.000000       	0.094938  
91.000000       	0.097261  
92.000000       	0.101079  
93.000000       	0.103071  
94.000000       	0.106556  
95.000000       	0.109876  
96.000000       	0.112863  
97.000000       	0.115519  
98.000000       	0.119004  
99.000000       	0.121660  
100.000000      	0.122988  
101.000000      	0.125809  
102.000000      	0.127967  
103.000000      	0.130788  
104.000000      	0.132780  
105.000000      	0.135934  
106.000000      	0.138589  
107.000000      	0.141909  
108.000000      	0.146058  
109.000000      	0.151037  
110.000000      	0.154855  
111.000000      	0.159004  
112.000000      	0.162158  
113.000000      	0.165643  
114.000000      	0.170124  
115.000000      	0.173278  
116.000000      	0.174108  
117.000000      	0.177427  
118.000000      	0.179917  
119.000000      	0.182905  
120.000000      	0.185560  
121.000000      	0.187552  
122.000000      	0.190041  
123.000000      	0.192199  
124.000000      	0.194025  
125.000000      	0.195021  
126.000000      	0.196680  
127.000000      	0.198506  
128.000000      	0.200830  
129.000000      	0.202988  
130.000000      	0.203485  
131.000000      	0.205477  
132.000000      	0.206971  
133.000000      	0.208631  
134.000000      	0.210954  
135.000000      	0.211784  
136.000000      	0.213776  
137.000000      	0.215436  
138.000000      	0.217261  
139.000000      	0.218755  
140.000000      	0.220747  
141.000000      	0.222241  
142.000000      	0.223568  
143.000000      	0.224896  
144.000000      	0.226058  
145.000000      	0.228548  
146.000000      	0.229544  
147.000000      	0.230705  
148.000000      	0.233195  
149.000000      	0.235187  
150.000000      	0.237676  
151.000000      	0.239336  
152.000000      	0.240166  
153.000000      	0.240830  
154.000000      	0.241494  
155.000000      	0.242490  
156.000000      	0.244149  
157.000000      	0.245311  
158.000000      	0.246639  
159.000000      	0.248299  
160.000000      	0.249461  
161.000000      	0.251618  
162.000000      	0.253278  
163.000000      	0.254440  
164.000000      	0.256598  
165.000000      	0.258257  
166.000000      	0.259087  
167.000000      	0.259585  
168.000000      	0.260249  
169.000000      	0.261079  
170.000000      	0.262075  
171.000000      	0.262905  
172.000000      	0.264398  
173.000000      	0.264564  
174.000000      	0.265062  
175.000000      	0.265228  
176.000000      	0.265726  
177.000000      	0.266058  
178.000000      	0.266556  
180.000000      	0.268050  
181.000000      	0.268382  
182.000000      	0.268548  
183.000000      	0.269212  
184.000000      	0.270207  
185.000000      	0.270373  
186.000000      	0.271203  
187.000000      	0.271867  
188.000000      	0.273361  
189.000000      	0.274191  
190.000000      	0.275685  
191.000000      	0.278174  
192.000000      	0.281328  
193.000000      	0.285145  
194.000000      	0.288133  
195.000000      	0.290788  
196.000000      	0.293278  
197.000000      	0.295934  
198.000000      	0.298257  
199.000000      	0.300913  
200.000000      	0.304066  
201.000000      	0.307884  
202.000000      	0.311203  
203.000000      	0.315851  
204.000000      	0.320332  
205.000000      	0.323651  
206.000000      	0.327469  
207.000000      	0.331120  
208.000000      	0.334606  
209.000000      	0.337593  
210.000000      	0.340415  
211.000000      	0.343734  
212.000000      	0.348880  
213.000000      	0.353693  
214.000000      	0.357842  
215.000000      	0.361660  
216.000000      	0.365975  
217.000000      	0.371452  
218.000000      	0.376763  
219.000000      	0.382573  
220.000000      	0.386556  
221.000000      	0.392863  
222.000000      	0.396349  
223.000000      	0.402656  
224.000000      	0.405809  
225.000000      	0.410290  
226.000000      	0.414938  
227.000000      	0.419751  
228.000000      	0.423568  
229.000000      	0.427552  
230.000000      	0.431535  
231.000000      	0.435021  
232.000000      	0.438506  
233.000000      	0.442656  
234.000000      	0.445975  
235.000000      	0.450124  
236.000000      	0.453278  
237.000000      	0.456763  
238.000000      	0.460415  
239.000000      	0.463568  
240.000000      	0.468382  
241.000000      	0.472531  
242.000000      	0.475851  
243.000000      	0.480000  
244.000000      	0.483485  
245.000000      	0.486307  
246.000000      	0.490456  
247.000000      	0.496266  
248.000000      	0.498921  
249.000000      	0.502241  
250.000000      	0.508050  
251.000000      	0.514191  
252.000000      	0.520000  
253.000000      	0.528133  
254.000000      	0.534938  
255.000000      	0.542075  
256.000000      	0.548880  
257.000000      	0.557510  
258.000000      	0.564979  
259.000000      	0.572614  
260.000000      	0.580415  
261.000000      	0.586722  
262.000000      	0.596017  
263.000000      	0.602988  
264.000000      	0.609793  
265.000000      	0.617427  
266.000000      	0.624730  
267.000000      	0.630539  
268.000000      	0.635519  
269.000000      	0.642490  
270.000000      	0.646639  
271.000000      	0.650456  
272.000000      	0.655270  
273.000000      	0.659917  
274.000000      	0.662905  
275.000000      	0.668382  
276.000000      	0.673527  
277.000000      	0.679170  
278.000000      	0.683983  
279.000000      	0.690290  
280.000000      	0.695270  
281.000000      	0.701079  
282.000000      	0.706390  
283.000000      	0.710041  
284.000000      	0.715187  
285.000000      	0.719170  
286.000000      	0.723320  
287.000000      	0.727469  
288.000000      	0.730954  
289.000000      	0.736266  
290.000000      	0.739917  
291.000000      	0.742573  
292.000000      	0.745560  
293.000000      	0.748714  
294.000000      	0.752199  
295.000000      	0.754855  
296.000000      	0.757012  
297.000000      	0.759336  
298.000000      	0.762324  
299.000000      	0.765643  
300.000000      	0.767967  
301.000000      	0.769793  
302.000000      	0.771784  
303.000000      	0.773776  
304.000000      	0.776100  
305.000000      	0.778589  
306.000000      	0.780249  
307.000000      	0.781909  
308.000000      	0.784066  
309.000000      	0.785726  
310.000000      	0.787718  
311.000000      	0.788714  
312.000000      	0.790207  
313.000000      	0.791701  
314.000000      	0.793029  
315.000000      	0.794025  
316.000000      	0.794689  
317.000000      	0.795685  
318.000000      	0.796183  
319.000000      	0.796846  
320.000000      	0.798008  
321.000000      	0.798838  
322.000000      	0.799668  
323.000000      	0.799834  
324.000000      	0.801162  
325.000000      	0.802158  
326.000000      	0.802656  
327.000000      	0.803651  
328.000000      	0.804149  
330.000000      	0.805643  
331.000000      	0.806639  
333.000000      	0.807635  
334.000000      	0.807967  
335.000000      	0.808797  
336.000000      	0.809295  
337.000000      	0.810456  
338.000000      	0.811452  
339.000000      	0.811784  
340.000000      	0.812282  
341.000000      	0.812780  
342.000000      	0.814274  
343.000000      	0.814772  
344.000000      	0.816266  
345.000000      	0.817261  
346.000000      	0.817593  
347.000000      	0.818921  
348.000000      	0.819585  
349.000000      	0.820249  
350.000000      	0.820581  
351.000000      	0.821411  
352.000000      	0.821909  
353.000000      	0.822407  
354.000000      	0.823402  
355.000000      	0.824232  
356.000000      	0.824398  
357.000000      	0.824730  
358.000000      	0.825726  
359.000000      	0.826224  
360.000000      	0.826556  
361.000000      	0.827054  
362.000000      	0.827552  
363.000000      	0.827718  
364.000000      	0.827884  
365.000000      	0.828714  
366.000000      	0.828880  
367.000000      	0.829046  
369.000000      	0.829378  
370.000000      	0.830041  
371.000000      	0.830539  
372.000000      	0.831037  
373.000000      	0.831535  
375.000000      	0.831867  
376.000000      	0.832199  
377.000000      	0.832697  
378.000000      	0.833361  
379.000000      	0.833693  
380.000000      	0.834523  
381.000000      	0.835353  
382.000000      	0.835851  
383.000000      	0.836017  
384.000000      	0.836183  
385.000000      	0.836349  
386.000000      	0.836680  
389.000000      	0.837012  
390.000000      	0.837842  
391.000000      	0.838506  
392.000000      	0.839170  
394.000000      	0.839336  
395.000000      	0.840166  
396.000000      	0.840830  
397.000000      	0.841162  
398.000000      	0.841660  
399.000000      	0.841992  
400.000000      	0.842822  
401.000000      	0.843154  
402.000000      	0.843983  
403.000000      	0.844149  
404.000000      	0.844481  
407.000000      	0.844979  
409.000000      	0.845145  
410.000000      	0.845809  
411.000000      	0.845975  
412.000000      	0.846307  
413.000000      	0.846639  
414.000000      	0.846971  
415.000000      	0.847469  
416.000000      	0.847801  
417.000000      	0.848133  
418.000000      	0.848631  
421.000000      	0.848797  
422.000000      	0.848963  
423.000000      	0.849295  
424.000000      	0.849959  
426.000000      	0.850622  
429.000000      	0.850788  
430.000000      	0.851286  
431.000000      	0.851784  
432.000000      	0.852116  
433.000000      	0.852282  
434.000000      	0.852448  
435.000000      	0.852946  
436.000000      	0.853112  
437.000000      	0.853444  
438.000000      	0.853610  
439.000000      	0.854108  
440.000000      	0.854274  
442.000000      	0.854606  
443.000000      	0.855104  
444.000000      	0.855934  
445.000000      	0.856100  
446.000000      	0.856598  
447.000000      	0.857095  
449.000000      	0.857759  
450.000000      	0.857925  
451.000000      	0.858423  
453.000000      	0.858589  
454.000000      	0.859585  
455.000000      	0.859917  
456.000000      	0.860083  
457.000000      	0.860249  
458.000000      	0.860581  
459.000000      	0.861079  
460.000000      	0.861245  
462.000000      	0.862075  
464.000000      	0.862241  
465.000000      	0.862407  
466.000000      	0.862905  
467.000000      	0.863568  
468.000000      	0.863900  
469.000000      	0.864232  
470.000000      	0.864564  
472.000000      	0.865394  
474.000000      	0.865560  
476.000000      	0.865726  
478.000000      	0.866224  
479.000000      	0.866722  
482.000000      	0.867054  
483.000000      	0.867718  
484.000000      	0.867884  
485.000000      	0.868050  
486.000000      	0.868216  
489.000000      	0.869212  
490.000000      	0.869378  
492.000000      	0.869710  
493.000000      	0.869876  
494.000000      	0.870041  
496.000000      	0.870705  
497.000000      	0.871203  
498.000000      	0.871535  
499.000000      	0.871701  
500.000000      	0.872033  
501.000000      	0.872531  
502.000000      	0.872697  
504.000000      	0.873029  
505.000000      	0.873195  
507.000000      	0.873361  
508.000000      	0.873859  
509.000000      	0.874357  
511.000000      	0.874523  
512.000000      	0.874855  
513.000000      	0.875021  
514.000000      	0.875685  
516.000000      	0.875851  
517.000000      	0.876017  
519.000000      	0.876183  
520.000000      	0.876515  
521.000000      	0.877012  
522.000000      	0.877344  
523.000000      	0.878174  
525.000000      	0.878506  
526.000000      	0.879170  
527.000000      	0.879336  
528.000000      	0.880332  
529.000000      	0.880498  
530.000000      	0.880996  
531.000000      	0.881162  
532.000000      	0.881660  
533.000000      	0.881992  
534.000000      	0.882324  
535.000000      	0.882988  
536.000000      	0.883320  
537.000000      	0.883485  
539.000000      	0.883651  
540.000000      	0.883983  
542.000000      	0.884647  
543.000000      	0.884979  
544.000000      	0.885477  
545.000000      	0.885643  
546.000000      	0.886307  
548.000000      	0.886639  
549.000000      	0.887303  
550.000000      	0.887635  
552.000000      	0.887967  
554.000000      	0.888133  
558.000000      	0.888299  
559.000000      	0.888631  
560.000000      	0.888963  
562.000000      	0.889129  
563.000000      	0.889295  
564.000000      	0.889793  
565.000000      	0.890290  
567.000000      	0.890456  
568.000000      	0.890622  
569.000000      	0.890788  
570.000000      	0.891120  
571.000000      	0.891286  
572.000000      	0.891618  
574.000000      	0.891950  
575.000000      	0.892282  
577.000000      	0.892780  
578.000000      	0.892946  
580.000000      	0.893112  
581.000000      	0.893610  
582.000000      	0.893776  
583.000000      	0.894108  
584.000000      	0.894274  
587.000000      	0.894440  
588.000000      	0.894772  
592.000000      	0.894938  
599.000000      	0.895270  
600.000000      	0.895436  
604.000000      	0.895602  
607.000000      	0.895768  
608.000000      	0.896266  
610.000000      	0.896432  
613.000000      	0.896598  
614.000000      	0.896763  
615.000000      	0.896929  
616.000000      	0.897095  
619.000000      	0.897261  
620.000000      	0.897427  
622.000000      	0.897593  
627.000000      	0.897759  
630.000000      	0.897925  
631.000000      	0.898091  
633.000000      	0.898257  
639.000000      	0.898423  
647.000000      	0.898589  
650.000000      	0.898755  
651.000000      	0.899087  
658.000000      	0.899419  
667.000000      	0.899585  
669.000000      	0.899751  
670.000000      	0.899917  
673.000000      	0.900083  
684.000000      	0.900249  
694.000000      	0.900913  
695.000000      	0.901411  
696.000000      	0.901577  
700.000000      	0.901743  
702.000000      	0.901909  
704.000000      	0.902075  
706.000000      	0.902241  
708.000000      	0.902407  
709.000000      	0.902739  
710.000000      	0.902905  
715.000000      	0.903071  
717.000000      	0.903237  
719.000000      	0.903568  
721.000000      	0.903734  
722.000000      	0.903900  
724.000000      	0.904066  
728.000000      	0.904232  
729.000000      	0.904398  
730.000000      	0.904564  
733.000000      	0.904730  
737.000000      	0.904896  
738.000000      	0.905062  
742.000000      	0.905228  
744.000000      	0.905394  
745.000000      	0.905560  
750.000000      	0.905726  
758.000000      	0.905892  
760.000000      	0.906058  
768.000000      	0.906224  
772.000000      	0.906390  
773.000000      	0.906556  
774.000000      	0.906888  
777.000000      	0.907054  
780.000000      	0.907220  
783.000000      	0.907386  
789.000000      	0.907552  
790.000000      	0.907718  
794.000000      	0.907884  
812.000000      	0.908050  
815.000000      	0.908216  
823.000000      	0.908382  
837.000000      	0.908548  
838.000000      	0.908714  
842.000000      	0.908880  
845.000000      	0.909046  
846.000000      	0.909212  
854.000000      	0.909378  
864.000000      	0.909544  
868.000000      	0.909710  
871.000000      	0.909876  
873.000000      	0.910041  
893.000000      	0.910207  
903.000000      	0.910539  
904.000000      	0.910871  
908.000000      	0.911037  
909.000000      	0.911203  
924.000000      	0.911369  
930.000000      	0.911535  
935.000000      	0.911867  
937.000000      	0.912033  
941.000000      	0.912199  
943.000000      	0.912365  
945.000000      	0.912531  
949.000000      	0.912697  
957.000000      	0.912863  
965.000000      	0.913195  
977.000000      	0.913527  
980.000000      	0.913859  
981.000000      	0.914025  
983.000000      	0.914191  
984.000000      	0.914357  
987.000000      	0.914523  
989.000000      	0.914689  
992.000000      	0.914855  
994.000000      	0.915021  
995.000000      	0.915353  
1000.000000     	0.915519  
1010.000000     	0.915685  
1012.000000     	0.915851  
1030.000000     	0.916017  
1031.000000     	0.916349  
1036.000000     	0.916515  
1038.000000     	0.916680  
1042.000000     	0.916846  
1051.000000     	0.917012  
1052.000000     	0.917178  
1055.000000     	0.917344  
1057.000000     	0.917510  
1069.000000     	0.917676  
1072.000000     	0.917842  
1081.000000     	0.918008  
1087.000000     	0.918174  
1089.000000     	0.918340  
1092.000000     	0.918506  
1097.000000     	0.918672  
1106.000000     	0.918838  
1113.000000     	0.919004  
1117.000000     	0.919170  
1118.000000     	0.919336  
1127.000000     	0.919502  
1130.000000     	0.919668  
1132.000000     	0.919834  
1138.000000     	0.920000  
1154.000000     	0.920166  
1157.000000     	0.920332  
1166.000000     	0.920498  
1167.000000     	0.920664  
1170.000000     	0.920830  
1179.000000     	0.920996  
1193.000000     	0.921162  
1195.000000     	0.921328  
1196.000000     	0.921494  
1203.000000     	0.921660  
1226.000000     	0.921826  
1235.000000     	0.921992  
1239.000000     	0.922158  
1243.000000     	0.922324  
1249.000000     	0.922656  
1252.000000     	0.922822  
1261.000000     	0.922988  
1263.000000     	0.923154  
1268.000000     	0.923320  
1272.000000     	0.923651  
1275.000000     	0.924149  
1276.000000     	0.924481  
1278.000000     	0.924647  
1284.000000     	0.924813  
1291.000000     	0.924979  
1292.000000     	0.925145  
1293.000000     	0.925311  
1294.000000     	0.925477  
1297.000000     	0.925643  
1298.000000     	0.925809  
1303.000000     	0.925975  
1308.000000     	0.926141  
1310.000000     	0.926307  
1311.000000     	0.926473  
1317.000000     	0.926639  
1319.000000     	0.926805  
1321.000000     	0.926971  
1327.000000     	0.927137  
1334.000000     	0.927303  
1340.000000     	0.927469  
1341.000000     	0.927801  
1342.000000     	0.927967  
1345.000000     	0.928133  
1349.000000     	0.928465  
1351.000000     	0.928631  
1359.000000     	0.928797  
1360.000000     	0.928963  
1365.000000     	0.929129  
1369.000000     	0.929295  
1370.000000     	0.929461  
1375.000000     	0.929627  
1377.000000     	0.929793  
1378.000000     	0.929959  
1379.000000     	0.930124  
1380.000000     	0.930290  
1382.000000     	0.930456  
1383.000000     	0.930788  
1384.000000     	0.930954  
1385.000000     	0.931120  
1386.000000     	0.931452  
1387.000000     	0.931618  
1392.000000     	0.931950  
1394.000000     	0.932116  
1396.000000     	0.932282  
1399.000000     	0.932448  
1403.000000     	0.932614  
1405.000000     	0.932780  
1406.000000     	0.932946  
1407.000000     	0.933112  
1408.000000     	0.933444  
1412.000000     	0.933610  
1413.000000     	0.933776  
1418.000000     	0.933942  
1420.000000     	0.934108  
1422.000000     	0.934274  
1423.000000     	0.934606  
1426.000000     	0.935104  
1427.000000     	0.935602  
1431.000000     	0.935768  
1433.000000     	0.935934  
1434.000000     	0.936100  
1436.000000     	0.936266  
1437.000000     	0.936432  
1443.000000     	0.936598  
1444.000000     	0.936763  
1461.000000     	0.936929  
1462.000000     	0.937427  
1465.000000     	0.937593  
1466.000000     	0.937759  
1474.000000     	0.937925  
1476.000000     	0.938091  
1477.000000     	0.938257  
1480.000000     	0.938589  
1484.000000     	0.939087  
1486.000000     	0.939253  
1487.000000     	0.939419  
1491.000000     	0.939585  
1492.000000     	0.939751  
1499.000000     	0.939917  
1504.000000     	0.940083  
1506.000000     	0.940249  
1511.000000     	0.940415  
1512.000000     	0.940581  
1513.000000     	0.940747  
1514.000000     	0.940913  
1517.000000     	0.941079  
1520.000000     	0.941245  
1522.000000     	0.941577  
1523.000000     	0.941909  
1532.000000     	0.942241  
1534.000000     	0.942407  
1546.000000     	0.942573  
1547.000000     	0.942739  
1561.000000     	0.942905  
1563.000000     	0.943071  
1571.000000     	0.943237  
1572.000000     	0.943402  
1574.000000     	0.943568  
1575.000000     	0.943734  
1578.000000     	0.943900  
1586.000000     	0.944066  
1591.000000     	0.944232  
1605.000000     	0.944398  
1607.000000     	0.944564  
1613.000000     	0.944730  
1625.000000     	0.944896  
1628.000000     	0.945062  
1629.000000     	0.945228  
1639.000000     	0.945394  
1641.000000     	0.945560  
1643.000000     	0.945892  
1656.000000     	0.946058  
1661.000000     	0.946224  
1662.000000     	0.946390  
1669.000000     	0.946556  
1670.000000     	0.946722  
1685.000000     	0.946888  
1686.000000     	0.947054  
1691.000000     	0.947220  
1696.000000     	0.947386  
1700.000000     	0.947552  
1713.000000     	0.947718  
1717.000000     	0.947884  
1727.000000     	0.948050  
1732.000000     	0.948216  
1734.000000     	0.948382  
1736.000000     	0.948548  
1738.000000     	0.948714  
1742.000000     	0.948880  
1749.000000     	0.949046  
1750.000000     	0.949212  
1767.000000     	0.949378  
1776.000000     	0.949544  
1803.000000     	0.949710  
1823.000000     	0.949876  
1824.000000     	0.950041  
1826.000000     	0.950207  
1831.000000     	0.950373  
1832.000000     	0.950539  
1837.000000     	0.950705  
1851.000000     	0.950871  
1856.000000     	0.951037  
1867.000000     	0.951203  
1869.000000     	0.951369  
1870.000000     	0.951701  
1877.000000     	0.951867  
1893.000000     	0.952033  
1922.000000     	0.952199  
1923.000000     	0.952365  
1957.000000     	0.952531  
1959.000000     	0.952697  
1961.000000     	0.952863  
1976.000000     	0.953029  
1987.000000     	0.953195  
1996.000000     	0.953361  
1999.000000     	0.953527  
2003.000000     	0.953693  
2025.000000     	0.953859  
2047.000000     	0.954025  
2056.000000     	0.954191  
2077.000000     	0.954357  
2086.000000     	0.954523  
2099.000000     	0.954689  
2102.000000     	0.954855  
2115.000000     	0.955021  
2131.000000     	0.955187  
2133.000000     	0.955353  
2139.000000     	0.955519  
2147.000000     	0.955685  
2148.000000     	0.955851  
2154.000000     	0.956017  
2158.000000     	0.956183  
2170.000000     	0.956349  
2185.000000     	0.956515  
2212.000000     	0.956680  
2226.000000     	0.956846  
2232.000000     	0.957012  
2234.000000     	0.957178  
2235.000000     	0.957344  
2237.000000     	0.957510  
2239.000000     	0.957842  
2247.000000     	0.958008  
2249.000000     	0.958174  
2250.000000     	0.958340  
2251.000000     	0.958506  
2253.000000     	0.958838  
2256.000000     	0.959170  
2257.000000     	0.959336  
2260.000000     	0.959502  
2267.000000     	0.959668  
2278.000000     	0.960000  
2281.000000     	0.960166  
2284.000000     	0.960332  
2288.000000     	0.960498  
2290.000000     	0.960664  
2298.000000     	0.960830  
2300.000000     	0.960996  
2302.000000     	0.961162  
2304.000000     	0.961328  
2315.000000     	0.961494  
2316.000000     	0.961660  
2320.000000     	0.961992  
2332.000000     	0.962158  
2333.000000     	0.962324  
2357.000000     	0.962490  
2359.000000     	0.962656  
2367.000000     	0.962822  
2403.000000     	0.962988  
2406.000000     	0.963154  
2446.000000     	0.963320  
2469.000000     	0.963485  
2487.000000     	0.963651  
2493.000000     	0.963817  
2518.000000     	0.963983  
2523.000000     	0.964149  
2528.000000     	0.964315  
2532.000000     	0.964481  
2536.000000     	0.964647  
2587.000000     	0.964813  
2590.000000     	0.964979  
2594.000000     	0.965145  
2595.000000     	0.965311  
2605.000000     	0.965477  
2609.000000     	0.965643  
2614.000000     	0.965809  
2641.000000     	0.965975  
2652.000000     	0.966307  
2665.000000     	0.966473  
2700.000000     	0.966639  
2728.000000     	0.966805  
2735.000000     	0.966971  
2763.000000     	0.967137  
2768.000000     	0.967303  
2789.000000     	0.967469  
2799.000000     	0.967635  
2821.000000     	0.967801  
2839.000000     	0.967967  
2850.000000     	0.968133  
2856.000000     	0.968299  
2863.000000     	0.968465  
2878.000000     	0.968631  
2881.000000     	0.968797  
2892.000000     	0.968963  
2902.000000     	0.969129  
2912.000000     	0.969295  
2913.000000     	0.969461  
2921.000000     	0.969627  
2928.000000     	0.969959  
2932.000000     	0.970124  
2980.000000     	0.970290  
3018.000000     	0.970456  
3022.000000     	0.970622  
3055.000000     	0.970788  
3073.000000     	0.970954  
3094.000000     	0.971120  
3117.000000     	0.971286  
3142.000000     	0.971452  
3150.000000     	0.971618  
3157.000000     	0.971784  
3191.000000     	0.971950  
3239.000000     	0.972116  
3249.000000     	0.972282  
3262.000000     	0.972448  
3307.000000     	0.972780  
3339.000000     	0.972946  
3349.000000     	0.973112  
3386.000000     	0.973278  
3418.000000     	0.973444  
3493.000000     	0.973610  
3500.000000     	0.973776  
3502.000000     	0.973942  
3504.000000     	0.974108  
3512.000000     	0.974274  
3523.000000     	0.974440  
3532.000000     	0.974606  
3612.000000     	0.974772  
3616.000000     	0.974938  
3624.000000     	0.975104  
3638.000000     	0.975270  
3704.000000     	0.975436  
3744.000000     	0.975602  
3798.000000     	0.975768  
3807.000000     	0.975934  
3813.000000     	0.976100  
3828.000000     	0.976266  
3841.000000     	0.976432  
3847.000000     	0.976598  
3859.000000     	0.976763  
3915.000000     	0.976929  
3918.000000     	0.977095  
3946.000000     	0.977261  
3953.000000     	0.977427  
4029.000000     	0.977593  
4058.000000     	0.977759  
4064.000000     	0.977925  
4133.000000     	0.978091  
4139.000000     	0.978257  
4147.000000     	0.978423  
4150.000000     	0.978589  
4169.000000     	0.978755  
4225.000000     	0.978921  
4236.000000     	0.979087  
4260.000000     	0.979253  
4324.000000     	0.979419  
4400.000000     	0.979585  
4403.000000     	0.979751  
4417.000000     	0.979917  
4424.000000     	0.980083  
4427.000000     	0.980249  
4508.000000     	0.980415  
4534.000000     	0.980581  
4570.000000     	0.980747  
4688.000000     	0.980913  
4717.000000     	0.981079  
4779.000000     	0.981245  
4783.000000     	0.981411  
4947.000000     	0.981577  
5024.000000     	0.981743  
5130.000000     	0.981909  
5141.000000     	0.982075  
5167.000000     	0.982241  
5233.000000     	0.982407  
5255.000000     	0.982573  
5297.000000     	0.982739  
5377.000000     	0.982905  
5474.000000     	0.983071  
5508.000000     	0.983237  
5527.000000     	0.983402  
5529.000000     	0.983568  
5598.000000     	0.983734  
5646.000000     	0.983900  
5677.000000     	0.984066  
5700.000000     	0.984232  
5705.000000     	0.984398  
5794.000000     	0.984564  
5918.000000     	0.984730  
5974.000000     	0.984896  
5992.000000     	0.985062  
6092.000000     	0.985228  
6125.000000     	0.985394  
6187.000000     	0.985560  
6204.000000     	0.985726  
6219.000000     	0.985892  
6246.000000     	0.986058  
6259.000000     	0.986224  
6384.000000     	0.986390  
6411.000000     	0.986556  
6436.000000     	0.986722  
6695.000000     	0.986888  
6776.000000     	0.987054  
6863.000000     	0.987220  
6898.000000     	0.987386  
6903.000000     	0.987552  
7163.000000     	0.987718  
7231.000000     	0.987884  
7275.000000     	0.988050  
7318.000000     	0.988216  
7803.000000     	0.988382  
7942.000000     	0.988548  
8059.000000     	0.988714  
8110.000000     	0.988880  
8432.000000     	0.989046  
8445.000000     	0.989212  
9056.000000     	0.989378  
9076.000000     	0.989544  
9432.000000     	0.989710  
9667.000000     	0.989876  
9692.000000     	0.990041  
9785.000000     	0.990207  
10404.000000    	0.990373  
10438.000000    	0.990539  
10703.000000    	0.990705  
11098.000000    	0.990871  
11276.000000    	0.991037  
12351.000000    	0.991203  
12703.000000    	0.991369  
13144.000000    	0.991535  
14493.000000    	0.991701  
15409.000000    	0.991867  
15501.000000    	0.992033  
15725.000000    	0.992199  
15820.000000    	0.992365  
15891.000000    	0.992531  
16603.000000    	0.992697  
16673.000000    	0.992863  
17257.000000    	0.993029  
18506.000000    	0.993195  
18547.000000    	0.993361  
18732.000000    	0.993527  
19253.000000    	0.993693  
19262.000000    	0.993859  
20514.000000    	0.994025  
21204.000000    	0.994191  
21514.000000    	0.994357  
22023.000000    	0.994523  
22286.000000    	0.994689  
22315.000000    	0.994855  
22568.000000    	0.995021  
23373.000000    	0.995187  
23535.000000    	0.995353  
23541.000000    	0.995519  
24591.000000    	0.995685  
24887.000000    	0.995851  
27715.000000    	0.996017  
27922.000000    	0.996183  
27991.000000    	0.996349  
28471.000000    	0.996515  
29052.000000    	0.996680  
29288.000000    	0.996846  
29567.000000    	0.997012  
29686.000000    	0.997178  
30797.000000    	0.997344  
30829.000000    	0.997510  
31089.000000    	0.997676  
31294.000000    	0.997842  
31672.000000    	0.998008  
35023.000000    	0.998174  
35301.000000    	0.998340  
36114.000000    	0.998506  
37497.000000    	0.998672  
38713.000000    	0.998838  
40379.000000    	0.999004  
49598.000000    	0.999170  
49909.000000    	0.999336  
51545.000000    	0.999502  
51581.000000    	0.999668  
53594.000000    	0.999834  
55088.000000    	1.000000  
55088.000000    	1.000000  
