6.000000        	0.000166  
7.000000        	0.000332  
9.000000        	0.000498  
22.000000       	0.000996  
23.000000       	0.001162  
29.000000       	0.001494  
30.000000       	0.001660  
32.000000       	0.001992  
34.000000       	0.002324  
41.000000       	0.002490  
47.000000       	0.002656  
49.000000       	0.002988  
51.000000       	0.003154  
52.000000       	0.003320  
53.000000       	0.003485  
57.000000       	0.003651  
59.000000       	0.004813  
60.000000       	0.006639  
61.000000       	0.007137  
62.000000       	0.008963  
63.000000       	0.010622  
64.000000       	0.012116  
65.000000       	0.013776  
66.000000       	0.015104  
67.000000       	0.016100  
68.000000       	0.016432  
69.000000       	0.016929  
72.000000       	0.017593  
73.000000       	0.018423  
74.000000       	0.020083  
75.000000       	0.024398  
76.000000       	0.029378  
77.000000       	0.035187  
78.000000       	0.039170  
79.000000       	0.042988  
80.000000       	0.045311  
81.000000       	0.048133  
82.000000       	0.051950  
83.000000       	0.054274  
84.000000       	0.057759  
85.000000       	0.061079  
86.000000       	0.065726  
87.000000       	0.069212  
88.000000       	0.072199  
89.000000       	0.074357  
90.000000       	0.078340  
91.000000       	0.080332  
92.000000       	0.082158  
93.000000       	0.084647  
94.000000       	0.086805  
95.000000       	0.089461  
96.000000       	0.092282  
97.000000       	0.094440  
98.000000       	0.097261  
99.000000       	0.101245  
100.000000      	0.103734  
101.000000      	0.106058  
102.000000      	0.108216  
103.000000      	0.110207  
104.000000      	0.113029  
105.000000      	0.116349  
106.000000      	0.119336  
107.000000      	0.123817  
108.000000      	0.126141  
109.000000      	0.129627  
110.000000      	0.132116  
111.000000      	0.135270  
112.000000      	0.137925  
113.000000      	0.141245  
114.000000      	0.145062  
115.000000      	0.149046  
116.000000      	0.152531  
117.000000      	0.155685  
118.000000      	0.158340  
119.000000      	0.161826  
120.000000      	0.165809  
121.000000      	0.168797  
122.000000      	0.171452  
123.000000      	0.174606  
124.000000      	0.177427  
125.000000      	0.179917  
126.000000      	0.181079  
127.000000      	0.182573  
128.000000      	0.184398  
129.000000      	0.187552  
130.000000      	0.189876  
131.000000      	0.192033  
132.000000      	0.193527  
133.000000      	0.197012  
134.000000      	0.199502  
135.000000      	0.201826  
136.000000      	0.203817  
137.000000      	0.205975  
138.000000      	0.209129  
139.000000      	0.210954  
140.000000      	0.212448  
141.000000      	0.213610  
142.000000      	0.214440  
143.000000      	0.215768  
144.000000      	0.216598  
145.000000      	0.217593  
146.000000      	0.218589  
147.000000      	0.219419  
148.000000      	0.220249  
149.000000      	0.221079  
150.000000      	0.221577  
151.000000      	0.222241  
152.000000      	0.223071  
153.000000      	0.223402  
154.000000      	0.224066  
155.000000      	0.224730  
156.000000      	0.225394  
157.000000      	0.226224  
158.000000      	0.227552  
159.000000      	0.228880  
160.000000      	0.229876  
161.000000      	0.230871  
162.000000      	0.231203  
163.000000      	0.231701  
164.000000      	0.232697  
165.000000      	0.233029  
166.000000      	0.234357  
167.000000      	0.235851  
168.000000      	0.237178  
169.000000      	0.238174  
170.000000      	0.238506  
171.000000      	0.239336  
172.000000      	0.240000  
173.000000      	0.240996  
174.000000      	0.241494  
175.000000      	0.241826  
176.000000      	0.242158  
177.000000      	0.242324  
178.000000      	0.242988  
179.000000      	0.243485  
180.000000      	0.244315  
181.000000      	0.244813  
182.000000      	0.245145  
183.000000      	0.245975  
184.000000      	0.246307  
186.000000      	0.246473  
187.000000      	0.246805  
188.000000      	0.247635  
189.000000      	0.248133  
190.000000      	0.248963  
191.000000      	0.249461  
192.000000      	0.249959  
193.000000      	0.250788  
194.000000      	0.251286  
195.000000      	0.251950  
196.000000      	0.252282  
197.000000      	0.252614  
198.000000      	0.253610  
199.000000      	0.254772  
200.000000      	0.255436  
201.000000      	0.256763  
202.000000      	0.258423  
203.000000      	0.260083  
204.000000      	0.261079  
205.000000      	0.261743  
206.000000      	0.262905  
207.000000      	0.264066  
208.000000      	0.264398  
209.000000      	0.265560  
210.000000      	0.267054  
211.000000      	0.268050  
212.000000      	0.269212  
213.000000      	0.270539  
214.000000      	0.271535  
215.000000      	0.272365  
216.000000      	0.273361  
217.000000      	0.273693  
218.000000      	0.275187  
219.000000      	0.275685  
220.000000      	0.276846  
221.000000      	0.277842  
222.000000      	0.279170  
223.000000      	0.279834  
224.000000      	0.280166  
225.000000      	0.281162  
226.000000      	0.282158  
227.000000      	0.282656  
228.000000      	0.282988  
229.000000      	0.283817  
230.000000      	0.285145  
231.000000      	0.285809  
232.000000      	0.286141  
233.000000      	0.287303  
234.000000      	0.288299  
235.000000      	0.288963  
236.000000      	0.289295  
237.000000      	0.289627  
238.000000      	0.290456  
239.000000      	0.291286  
240.000000      	0.291618  
241.000000      	0.292448  
242.000000      	0.293278  
243.000000      	0.294108  
244.000000      	0.294606  
245.000000      	0.295270  
246.000000      	0.295602  
247.000000      	0.296100  
248.000000      	0.296266  
249.000000      	0.296598  
250.000000      	0.297261  
251.000000      	0.297759  
252.000000      	0.298091  
253.000000      	0.298423  
254.000000      	0.299751  
255.000000      	0.300581  
256.000000      	0.302075  
257.000000      	0.302905  
258.000000      	0.304398  
259.000000      	0.306390  
260.000000      	0.306722  
261.000000      	0.307552  
262.000000      	0.309378  
263.000000      	0.309710  
264.000000      	0.310705  
265.000000      	0.312033  
266.000000      	0.313693  
267.000000      	0.314855  
268.000000      	0.315187  
269.000000      	0.316846  
270.000000      	0.317510  
271.000000      	0.318506  
272.000000      	0.319336  
273.000000      	0.320664  
274.000000      	0.321660  
275.000000      	0.322490  
276.000000      	0.323817  
277.000000      	0.326141  
278.000000      	0.327801  
279.000000      	0.329627  
280.000000      	0.332448  
281.000000      	0.334274  
282.000000      	0.336100  
283.000000      	0.338257  
284.000000      	0.339585  
285.000000      	0.341411  
286.000000      	0.343071  
287.000000      	0.344398  
288.000000      	0.345560  
289.000000      	0.346058  
290.000000      	0.347220  
291.000000      	0.349212  
292.000000      	0.350041  
293.000000      	0.351369  
294.000000      	0.352863  
295.000000      	0.354191  
296.000000      	0.355353  
297.000000      	0.357012  
298.000000      	0.358340  
299.000000      	0.360166  
300.000000      	0.360996  
301.000000      	0.362822  
302.000000      	0.364315  
303.000000      	0.365809  
304.000000      	0.367303  
305.000000      	0.369295  
306.000000      	0.372116  
307.000000      	0.373610  
308.000000      	0.375934  
309.000000      	0.378423  
310.000000      	0.380581  
311.000000      	0.382407  
312.000000      	0.384730  
313.000000      	0.387386  
314.000000      	0.390539  
315.000000      	0.393859  
316.000000      	0.395353  
317.000000      	0.396680  
318.000000      	0.398672  
319.000000      	0.400996  
320.000000      	0.403320  
321.000000      	0.405311  
322.000000      	0.408299  
323.000000      	0.411120  
324.000000      	0.413610  
325.000000      	0.416432  
326.000000      	0.420249  
327.000000      	0.422739  
328.000000      	0.425228  
329.000000      	0.427718  
330.000000      	0.431037  
331.000000      	0.433361  
332.000000      	0.437676  
333.000000      	0.440996  
334.000000      	0.444481  
335.000000      	0.446805  
336.000000      	0.451286  
337.000000      	0.453776  
338.000000      	0.455602  
339.000000      	0.459087  
340.000000      	0.462075  
341.000000      	0.465892  
342.000000      	0.467884  
343.000000      	0.471203  
344.000000      	0.474523  
345.000000      	0.478506  
346.000000      	0.482656  
347.000000      	0.486307  
348.000000      	0.489793  
349.000000      	0.494108  
350.000000      	0.498091  
351.000000      	0.503237  
352.000000      	0.509544  
353.000000      	0.512863  
354.000000      	0.517178  
355.000000      	0.521494  
356.000000      	0.525477  
357.000000      	0.529461  
358.000000      	0.532448  
359.000000      	0.534938  
360.000000      	0.538755  
361.000000      	0.543568  
362.000000      	0.545560  
363.000000      	0.548548  
364.000000      	0.551535  
365.000000      	0.555187  
366.000000      	0.557178  
367.000000      	0.559834  
368.000000      	0.562324  
369.000000      	0.566307  
370.000000      	0.569295  
371.000000      	0.572614  
372.000000      	0.575436  
373.000000      	0.578257  
374.000000      	0.583568  
375.000000      	0.586722  
376.000000      	0.589544  
377.000000      	0.591535  
378.000000      	0.595519  
379.000000      	0.597676  
380.000000      	0.599834  
381.000000      	0.601494  
382.000000      	0.603983  
383.000000      	0.606971  
384.000000      	0.607967  
385.000000      	0.609793  
386.000000      	0.612282  
387.000000      	0.613942  
388.000000      	0.614606  
389.000000      	0.616929  
390.000000      	0.618091  
391.000000      	0.620415  
392.000000      	0.622075  
393.000000      	0.623402  
394.000000      	0.625228  
395.000000      	0.627054  
396.000000      	0.628714  
397.000000      	0.630539  
398.000000      	0.632033  
399.000000      	0.633029  
400.000000      	0.634523  
401.000000      	0.635851  
402.000000      	0.637344  
403.000000      	0.639502  
404.000000      	0.640996  
405.000000      	0.643154  
406.000000      	0.645311  
407.000000      	0.647635  
408.000000      	0.650456  
409.000000      	0.652448  
410.000000      	0.654606  
411.000000      	0.656432  
412.000000      	0.659585  
413.000000      	0.662075  
414.000000      	0.664398  
415.000000      	0.666722  
416.000000      	0.668548  
417.000000      	0.671037  
418.000000      	0.673195  
419.000000      	0.675519  
420.000000      	0.677344  
421.000000      	0.678672  
422.000000      	0.681162  
423.000000      	0.683651  
424.000000      	0.684979  
425.000000      	0.687635  
426.000000      	0.689627  
427.000000      	0.692614  
428.000000      	0.694606  
429.000000      	0.697759  
430.000000      	0.701577  
431.000000      	0.705892  
432.000000      	0.707718  
433.000000      	0.710539  
434.000000      	0.712365  
435.000000      	0.715021  
436.000000      	0.718008  
437.000000      	0.719502  
438.000000      	0.721162  
439.000000      	0.723817  
440.000000      	0.726307  
441.000000      	0.727303  
442.000000      	0.729793  
443.000000      	0.731452  
444.000000      	0.735270  
445.000000      	0.737925  
446.000000      	0.742739  
447.000000      	0.745394  
448.000000      	0.748880  
449.000000      	0.751701  
450.000000      	0.754523  
451.000000      	0.756680  
452.000000      	0.760000  
453.000000      	0.764149  
454.000000      	0.767137  
455.000000      	0.769295  
456.000000      	0.772946  
457.000000      	0.775436  
458.000000      	0.777095  
459.000000      	0.780083  
460.000000      	0.781909  
461.000000      	0.783402  
462.000000      	0.785892  
463.000000      	0.787552  
464.000000      	0.790207  
465.000000      	0.792531  
466.000000      	0.793859  
467.000000      	0.794855  
468.000000      	0.796515  
469.000000      	0.798672  
470.000000      	0.799668  
471.000000      	0.801162  
472.000000      	0.802822  
473.000000      	0.805643  
474.000000      	0.806473  
475.000000      	0.807469  
476.000000      	0.809295  
477.000000      	0.810622  
478.000000      	0.812448  
479.000000      	0.813278  
480.000000      	0.814440  
481.000000      	0.815270  
482.000000      	0.815768  
483.000000      	0.817095  
484.000000      	0.818257  
485.000000      	0.819253  
486.000000      	0.820083  
487.000000      	0.821079  
488.000000      	0.821577  
489.000000      	0.821743  
490.000000      	0.823071  
491.000000      	0.824232  
492.000000      	0.824564  
493.000000      	0.824730  
494.000000      	0.825394  
495.000000      	0.826058  
496.000000      	0.826722  
497.000000      	0.827386  
498.000000      	0.828216  
499.000000      	0.828714  
500.000000      	0.829544  
501.000000      	0.830373  
502.000000      	0.831203  
503.000000      	0.831701  
504.000000      	0.832033  
505.000000      	0.832697  
506.000000      	0.833361  
507.000000      	0.834191  
508.000000      	0.834689  
509.000000      	0.835519  
510.000000      	0.836349  
511.000000      	0.837510  
512.000000      	0.837842  
513.000000      	0.838506  
514.000000      	0.839336  
515.000000      	0.839834  
516.000000      	0.840166  
517.000000      	0.840498  
518.000000      	0.840830  
519.000000      	0.841162  
520.000000      	0.841826  
521.000000      	0.841992  
522.000000      	0.842656  
523.000000      	0.842822  
524.000000      	0.843485  
525.000000      	0.844647  
526.000000      	0.844813  
527.000000      	0.845477  
528.000000      	0.846141  
529.000000      	0.846971  
530.000000      	0.847469  
531.000000      	0.847967  
532.000000      	0.848631  
533.000000      	0.848797  
534.000000      	0.849793  
535.000000      	0.849959  
536.000000      	0.850456  
537.000000      	0.850788  
538.000000      	0.851286  
539.000000      	0.851784  
540.000000      	0.851950  
541.000000      	0.852116  
542.000000      	0.852282  
543.000000      	0.852448  
544.000000      	0.852780  
545.000000      	0.853112  
546.000000      	0.853610  
547.000000      	0.853776  
548.000000      	0.853942  
549.000000      	0.854606  
550.000000      	0.854938  
551.000000      	0.855270  
553.000000      	0.855436  
555.000000      	0.855602  
556.000000      	0.856432  
557.000000      	0.856929  
558.000000      	0.857095  
559.000000      	0.857261  
560.000000      	0.857427  
562.000000      	0.858091  
563.000000      	0.858755  
564.000000      	0.858921  
565.000000      	0.859087  
566.000000      	0.859253  
567.000000      	0.859917  
568.000000      	0.860249  
569.000000      	0.860581  
570.000000      	0.860747  
573.000000      	0.861245  
574.000000      	0.861411  
575.000000      	0.861743  
576.000000      	0.861909  
577.000000      	0.862407  
578.000000      	0.862573  
579.000000      	0.862739  
580.000000      	0.862905  
582.000000      	0.863402  
583.000000      	0.863568  
584.000000      	0.863734  
586.000000      	0.864066  
587.000000      	0.864398  
588.000000      	0.864564  
589.000000      	0.864730  
590.000000      	0.864896  
591.000000      	0.865228  
592.000000      	0.865394  
593.000000      	0.865560  
594.000000      	0.865726  
595.000000      	0.865892  
598.000000      	0.866058  
599.000000      	0.866224  
600.000000      	0.866722  
602.000000      	0.867054  
605.000000      	0.867386  
606.000000      	0.867718  
607.000000      	0.867884  
608.000000      	0.868216  
609.000000      	0.868382  
610.000000      	0.868714  
612.000000      	0.869378  
617.000000      	0.869876  
618.000000      	0.870041  
620.000000      	0.870207  
621.000000      	0.870373  
622.000000      	0.870539  
625.000000      	0.870705  
626.000000      	0.871867  
627.000000      	0.872033  
628.000000      	0.872199  
629.000000      	0.872365  
630.000000      	0.872531  
632.000000      	0.872697  
634.000000      	0.872863  
636.000000      	0.873195  
637.000000      	0.873361  
639.000000      	0.873693  
640.000000      	0.873859  
642.000000      	0.874025  
643.000000      	0.874191  
644.000000      	0.874357  
645.000000      	0.874523  
648.000000      	0.874689  
650.000000      	0.875187  
651.000000      	0.875353  
652.000000      	0.875685  
653.000000      	0.876017  
654.000000      	0.876183  
655.000000      	0.876349  
657.000000      	0.876515  
662.000000      	0.876680  
663.000000      	0.876846  
665.000000      	0.877012  
667.000000      	0.877178  
668.000000      	0.877344  
669.000000      	0.877510  
671.000000      	0.877676  
679.000000      	0.877842  
681.000000      	0.878008  
682.000000      	0.878340  
683.000000      	0.878506  
685.000000      	0.879004  
688.000000      	0.879336  
690.000000      	0.879502  
692.000000      	0.879834  
693.000000      	0.880166  
694.000000      	0.880332  
696.000000      	0.880498  
697.000000      	0.880664  
698.000000      	0.881494  
701.000000      	0.881660  
702.000000      	0.881826  
703.000000      	0.881992  
706.000000      	0.882158  
707.000000      	0.882490  
709.000000      	0.882656  
711.000000      	0.883154  
712.000000      	0.883320  
713.000000      	0.883651  
716.000000      	0.883817  
717.000000      	0.883983  
718.000000      	0.884149  
719.000000      	0.884481  
720.000000      	0.884647  
722.000000      	0.884979  
726.000000      	0.885145  
727.000000      	0.886141  
728.000000      	0.886307  
731.000000      	0.886639  
732.000000      	0.886805  
733.000000      	0.886971  
734.000000      	0.887137  
739.000000      	0.887303  
742.000000      	0.887469  
743.000000      	0.887967  
744.000000      	0.888299  
745.000000      	0.888465  
748.000000      	0.888631  
749.000000      	0.888797  
752.000000      	0.888963  
755.000000      	0.889295  
759.000000      	0.889627  
761.000000      	0.889959  
762.000000      	0.890124  
764.000000      	0.890456  
765.000000      	0.890622  
767.000000      	0.890788  
770.000000      	0.890954  
771.000000      	0.891120  
775.000000      	0.891452  
776.000000      	0.891950  
777.000000      	0.892116  
779.000000      	0.892282  
782.000000      	0.892448  
783.000000      	0.892614  
784.000000      	0.892780  
785.000000      	0.892946  
786.000000      	0.893112  
787.000000      	0.893278  
789.000000      	0.893444  
791.000000      	0.893776  
792.000000      	0.893942  
796.000000      	0.894108  
797.000000      	0.894274  
800.000000      	0.894440  
801.000000      	0.894772  
804.000000      	0.894938  
805.000000      	0.895104  
810.000000      	0.895436  
811.000000      	0.895602  
812.000000      	0.895768  
814.000000      	0.895934  
815.000000      	0.896100  
818.000000      	0.896598  
819.000000      	0.896929  
820.000000      	0.897261  
821.000000      	0.897593  
822.000000      	0.897925  
834.000000      	0.898091  
836.000000      	0.898589  
840.000000      	0.898755  
841.000000      	0.898921  
843.000000      	0.899087  
845.000000      	0.899253  
847.000000      	0.899419  
849.000000      	0.899585  
853.000000      	0.899751  
854.000000      	0.900083  
855.000000      	0.900249  
858.000000      	0.900415  
860.000000      	0.900581  
862.000000      	0.900747  
864.000000      	0.901079  
866.000000      	0.901411  
868.000000      	0.901743  
875.000000      	0.901909  
877.000000      	0.902075  
878.000000      	0.902241  
882.000000      	0.902407  
883.000000      	0.902573  
885.000000      	0.902739  
887.000000      	0.903071  
888.000000      	0.903237  
893.000000      	0.903402  
894.000000      	0.903568  
896.000000      	0.903900  
902.000000      	0.904066  
903.000000      	0.904398  
905.000000      	0.904730  
907.000000      	0.904896  
909.000000      	0.905062  
910.000000      	0.905228  
911.000000      	0.905394  
913.000000      	0.905560  
915.000000      	0.905726  
923.000000      	0.905892  
924.000000      	0.906058  
926.000000      	0.906224  
929.000000      	0.906390  
931.000000      	0.906556  
935.000000      	0.906722  
936.000000      	0.906888  
940.000000      	0.907054  
943.000000      	0.907552  
949.000000      	0.907718  
953.000000      	0.907884  
954.000000      	0.908050  
959.000000      	0.908216  
960.000000      	0.908382  
962.000000      	0.908548  
963.000000      	0.908714  
964.000000      	0.909046  
965.000000      	0.909212  
967.000000      	0.909378  
969.000000      	0.909544  
970.000000      	0.909710  
972.000000      	0.909876  
973.000000      	0.910041  
974.000000      	0.910207  
975.000000      	0.910539  
976.000000      	0.910705  
977.000000      	0.910871  
982.000000      	0.911037  
983.000000      	0.911203  
984.000000      	0.911369  
986.000000      	0.911535  
988.000000      	0.911701  
989.000000      	0.911867  
990.000000      	0.912033  
994.000000      	0.912199  
995.000000      	0.912365  
997.000000      	0.912697  
1003.000000     	0.912863  
1005.000000     	0.913029  
1007.000000     	0.913361  
1010.000000     	0.913527  
1013.000000     	0.913859  
1014.000000     	0.914025  
1017.000000     	0.914357  
1019.000000     	0.914689  
1021.000000     	0.914855  
1024.000000     	0.915021  
1025.000000     	0.915187  
1026.000000     	0.915353  
1027.000000     	0.915519  
1030.000000     	0.915685  
1034.000000     	0.915851  
1035.000000     	0.916017  
1039.000000     	0.916183  
1044.000000     	0.916349  
1046.000000     	0.916515  
1050.000000     	0.916680  
1051.000000     	0.916846  
1053.000000     	0.917178  
1055.000000     	0.917344  
1056.000000     	0.917510  
1057.000000     	0.917842  
1058.000000     	0.918008  
1059.000000     	0.918174  
1061.000000     	0.918340  
1064.000000     	0.918506  
1065.000000     	0.918672  
1068.000000     	0.918838  
1069.000000     	0.919336  
1070.000000     	0.919502  
1074.000000     	0.919668  
1078.000000     	0.919834  
1081.000000     	0.920000  
1082.000000     	0.920166  
1083.000000     	0.920332  
1084.000000     	0.920498  
1085.000000     	0.920664  
1086.000000     	0.920996  
1090.000000     	0.921328  
1091.000000     	0.921494  
1093.000000     	0.921660  
1105.000000     	0.921992  
1106.000000     	0.922158  
1107.000000     	0.922490  
1112.000000     	0.922656  
1114.000000     	0.922822  
1124.000000     	0.922988  
1127.000000     	0.923320  
1134.000000     	0.923651  
1135.000000     	0.923817  
1138.000000     	0.923983  
1142.000000     	0.924149  
1151.000000     	0.924315  
1156.000000     	0.924481  
1158.000000     	0.924647  
1159.000000     	0.924813  
1172.000000     	0.924979  
1179.000000     	0.925145  
1181.000000     	0.925311  
1182.000000     	0.925477  
1185.000000     	0.925643  
1207.000000     	0.925809  
1212.000000     	0.925975  
1214.000000     	0.926307  
1220.000000     	0.926473  
1224.000000     	0.926639  
1226.000000     	0.926805  
1230.000000     	0.926971  
1232.000000     	0.927137  
1233.000000     	0.927469  
1245.000000     	0.927635  
1247.000000     	0.927801  
1249.000000     	0.927967  
1250.000000     	0.928299  
1253.000000     	0.928465  
1261.000000     	0.928631  
1276.000000     	0.928797  
1278.000000     	0.928963  
1290.000000     	0.929129  
1297.000000     	0.929295  
1300.000000     	0.929461  
1303.000000     	0.929627  
1304.000000     	0.929959  
1309.000000     	0.930124  
1314.000000     	0.930290  
1323.000000     	0.930456  
1333.000000     	0.930622  
1336.000000     	0.930788  
1344.000000     	0.930954  
1348.000000     	0.931120  
1352.000000     	0.931286  
1353.000000     	0.931452  
1356.000000     	0.931618  
1377.000000     	0.931784  
1388.000000     	0.931950  
1409.000000     	0.932116  
1413.000000     	0.932282  
1418.000000     	0.932448  
1448.000000     	0.932614  
1454.000000     	0.932780  
1460.000000     	0.932946  
1461.000000     	0.933112  
1465.000000     	0.933278  
1471.000000     	0.933444  
1486.000000     	0.933610  
1503.000000     	0.933776  
1504.000000     	0.933942  
1507.000000     	0.934108  
1508.000000     	0.934274  
1524.000000     	0.934440  
1530.000000     	0.934606  
1531.000000     	0.934772  
1539.000000     	0.934938  
1541.000000     	0.935104  
1560.000000     	0.935270  
1563.000000     	0.935436  
1568.000000     	0.935602  
1571.000000     	0.935768  
1574.000000     	0.936100  
1586.000000     	0.936266  
1591.000000     	0.936432  
1596.000000     	0.936598  
1600.000000     	0.936763  
1601.000000     	0.936929  
1604.000000     	0.937095  
1617.000000     	0.937261  
1623.000000     	0.937427  
1634.000000     	0.937593  
1643.000000     	0.937759  
1648.000000     	0.937925  
1650.000000     	0.938091  
1652.000000     	0.938257  
1653.000000     	0.938423  
1660.000000     	0.938589  
1679.000000     	0.938755  
1685.000000     	0.938921  
1696.000000     	0.939087  
1709.000000     	0.939419  
1710.000000     	0.939585  
1716.000000     	0.939751  
1720.000000     	0.939917  
1721.000000     	0.940083  
1739.000000     	0.940249  
1753.000000     	0.940415  
1765.000000     	0.940581  
1766.000000     	0.940747  
1769.000000     	0.940913  
1773.000000     	0.941079  
1781.000000     	0.941245  
1785.000000     	0.941411  
1793.000000     	0.941577  
1797.000000     	0.941743  
1800.000000     	0.941909  
1803.000000     	0.942075  
1820.000000     	0.942241  
1824.000000     	0.942407  
1834.000000     	0.942573  
1837.000000     	0.942739  
1838.000000     	0.942905  
1839.000000     	0.943071  
1843.000000     	0.943237  
1850.000000     	0.943402  
1851.000000     	0.943568  
1855.000000     	0.943734  
1858.000000     	0.943900  
1864.000000     	0.944066  
1877.000000     	0.944232  
1884.000000     	0.944564  
1900.000000     	0.944730  
1911.000000     	0.944896  
1928.000000     	0.945228  
1932.000000     	0.945394  
1951.000000     	0.945560  
1954.000000     	0.945726  
1957.000000     	0.945892  
1972.000000     	0.946058  
1974.000000     	0.946224  
2008.000000     	0.946390  
2013.000000     	0.946556  
2014.000000     	0.946722  
2018.000000     	0.946888  
2030.000000     	0.947054  
2035.000000     	0.947220  
2036.000000     	0.947386  
2044.000000     	0.947552  
2049.000000     	0.947718  
2056.000000     	0.947884  
2062.000000     	0.948050  
2066.000000     	0.948216  
2091.000000     	0.948382  
2099.000000     	0.948548  
2111.000000     	0.948714  
2115.000000     	0.948880  
2117.000000     	0.949046  
2123.000000     	0.949378  
2129.000000     	0.949710  
2134.000000     	0.949876  
2152.000000     	0.950207  
2165.000000     	0.950373  
2183.000000     	0.950539  
2185.000000     	0.950705  
2201.000000     	0.951037  
2202.000000     	0.951203  
2211.000000     	0.951369  
2218.000000     	0.951535  
2228.000000     	0.951701  
2234.000000     	0.952033  
2241.000000     	0.952199  
2252.000000     	0.952365  
2255.000000     	0.952531  
2265.000000     	0.952697  
2271.000000     	0.953029  
2272.000000     	0.953361  
2278.000000     	0.953527  
2283.000000     	0.953693  
2289.000000     	0.953859  
2298.000000     	0.954025  
2313.000000     	0.954191  
2315.000000     	0.954357  
2319.000000     	0.954523  
2322.000000     	0.954689  
2323.000000     	0.954855  
2325.000000     	0.955021  
2331.000000     	0.955187  
2337.000000     	0.955353  
2353.000000     	0.955519  
2356.000000     	0.955685  
2357.000000     	0.955851  
2360.000000     	0.956183  
2373.000000     	0.956349  
2376.000000     	0.956515  
2379.000000     	0.956680  
2389.000000     	0.956846  
2397.000000     	0.957012  
2398.000000     	0.957178  
2416.000000     	0.957344  
2418.000000     	0.957510  
2423.000000     	0.957676  
2424.000000     	0.957842  
2426.000000     	0.958008  
2429.000000     	0.958174  
2433.000000     	0.958340  
2456.000000     	0.958506  
2459.000000     	0.958672  
2462.000000     	0.958838  
2471.000000     	0.959004  
2484.000000     	0.959170  
2487.000000     	0.959336  
2495.000000     	0.959502  
2497.000000     	0.959668  
2509.000000     	0.959834  
2514.000000     	0.960000  
2515.000000     	0.960166  
2517.000000     	0.960332  
2537.000000     	0.960498  
2551.000000     	0.960664  
2555.000000     	0.960830  
2557.000000     	0.960996  
2562.000000     	0.961162  
2570.000000     	0.961328  
2581.000000     	0.961494  
2588.000000     	0.961660  
2602.000000     	0.961826  
2628.000000     	0.961992  
2641.000000     	0.962158  
2647.000000     	0.962324  
2650.000000     	0.962490  
2660.000000     	0.962656  
2661.000000     	0.962822  
2666.000000     	0.962988  
2671.000000     	0.963154  
2674.000000     	0.963485  
2680.000000     	0.963651  
2682.000000     	0.963817  
2684.000000     	0.963983  
2687.000000     	0.964149  
2691.000000     	0.964315  
2695.000000     	0.964481  
2702.000000     	0.964647  
2711.000000     	0.964813  
2716.000000     	0.964979  
2718.000000     	0.965145  
2720.000000     	0.965311  
2748.000000     	0.965477  
2749.000000     	0.965643  
2752.000000     	0.965809  
2759.000000     	0.965975  
2765.000000     	0.966141  
2766.000000     	0.966307  
2769.000000     	0.966473  
2774.000000     	0.966639  
2778.000000     	0.966805  
2780.000000     	0.966971  
2796.000000     	0.967137  
2807.000000     	0.967303  
2809.000000     	0.967469  
2811.000000     	0.967635  
2825.000000     	0.967801  
2827.000000     	0.967967  
2828.000000     	0.968133  
2841.000000     	0.968299  
2844.000000     	0.968465  
2855.000000     	0.968797  
2862.000000     	0.968963  
2876.000000     	0.969129  
2877.000000     	0.969295  
2913.000000     	0.969461  
2928.000000     	0.969627  
2941.000000     	0.969793  
2942.000000     	0.969959  
2950.000000     	0.970124  
2953.000000     	0.970456  
2956.000000     	0.970788  
2959.000000     	0.970954  
2962.000000     	0.971120  
2968.000000     	0.971286  
2983.000000     	0.971452  
2996.000000     	0.971618  
3012.000000     	0.971784  
3023.000000     	0.971950  
3027.000000     	0.972116  
3031.000000     	0.972282  
3040.000000     	0.972448  
3050.000000     	0.972780  
3079.000000     	0.972946  
3089.000000     	0.973112  
3103.000000     	0.973278  
3126.000000     	0.973444  
3136.000000     	0.973776  
3157.000000     	0.973942  
3164.000000     	0.974108  
3172.000000     	0.974274  
3174.000000     	0.974606  
3191.000000     	0.974772  
3206.000000     	0.974938  
3211.000000     	0.975104  
3213.000000     	0.975270  
3215.000000     	0.975436  
3221.000000     	0.975768  
3223.000000     	0.975934  
3226.000000     	0.976100  
3271.000000     	0.976266  
3273.000000     	0.976432  
3321.000000     	0.976598  
3326.000000     	0.976763  
3348.000000     	0.976929  
3350.000000     	0.977095  
3365.000000     	0.977261  
3369.000000     	0.977427  
3373.000000     	0.977593  
3414.000000     	0.977759  
3432.000000     	0.977925  
3448.000000     	0.978091  
3452.000000     	0.978257  
3456.000000     	0.978423  
3457.000000     	0.978589  
3471.000000     	0.978755  
3475.000000     	0.978921  
3486.000000     	0.979087  
3499.000000     	0.979253  
3500.000000     	0.979419  
3504.000000     	0.979585  
3530.000000     	0.979751  
3544.000000     	0.979917  
3578.000000     	0.980083  
3587.000000     	0.980249  
3590.000000     	0.980415  
3597.000000     	0.980581  
3602.000000     	0.980747  
3603.000000     	0.980913  
3621.000000     	0.981079  
3623.000000     	0.981245  
3652.000000     	0.981411  
3669.000000     	0.981577  
3680.000000     	0.981743  
3704.000000     	0.981909  
3718.000000     	0.982075  
3731.000000     	0.982241  
3751.000000     	0.982407  
3757.000000     	0.982573  
3769.000000     	0.982739  
3780.000000     	0.982905  
3792.000000     	0.983071  
3799.000000     	0.983237  
3803.000000     	0.983402  
3806.000000     	0.983568  
3815.000000     	0.983734  
3822.000000     	0.983900  
3827.000000     	0.984066  
3830.000000     	0.984232  
3836.000000     	0.984398  
3839.000000     	0.984564  
3847.000000     	0.984730  
3863.000000     	0.984896  
3887.000000     	0.985062  
3919.000000     	0.985228  
3942.000000     	0.985394  
3976.000000     	0.985560  
4018.000000     	0.985726  
4053.000000     	0.985892  
4207.000000     	0.986058  
4289.000000     	0.986224  
4290.000000     	0.986390  
4305.000000     	0.986556  
4319.000000     	0.986722  
4376.000000     	0.986888  
4383.000000     	0.987054  
4403.000000     	0.987220  
4490.000000     	0.987386  
4531.000000     	0.987552  
4548.000000     	0.987718  
4555.000000     	0.987884  
4601.000000     	0.988050  
4610.000000     	0.988216  
4619.000000     	0.988382  
4626.000000     	0.988548  
4643.000000     	0.988714  
4695.000000     	0.988880  
4709.000000     	0.989046  
4738.000000     	0.989212  
4754.000000     	0.989378  
4815.000000     	0.989544  
4827.000000     	0.989710  
4947.000000     	0.989876  
4982.000000     	0.990041  
4998.000000     	0.990207  
5024.000000     	0.990373  
5028.000000     	0.990539  
5073.000000     	0.990705  
5125.000000     	0.990871  
5134.000000     	0.991037  
5143.000000     	0.991203  
5200.000000     	0.991369  
5202.000000     	0.991535  
5215.000000     	0.991701  
5324.000000     	0.991867  
5379.000000     	0.992033  
5406.000000     	0.992199  
5477.000000     	0.992365  
5542.000000     	0.992531  
5606.000000     	0.992697  
5610.000000     	0.992863  
5633.000000     	0.993029  
5642.000000     	0.993195  
5690.000000     	0.993361  
5882.000000     	0.993527  
5996.000000     	0.993693  
6117.000000     	0.993859  
6286.000000     	0.994025  
6299.000000     	0.994191  
6321.000000     	0.994357  
6362.000000     	0.994523  
6405.000000     	0.994689  
6418.000000     	0.994855  
6634.000000     	0.995021  
6647.000000     	0.995187  
6693.000000     	0.995353  
6770.000000     	0.995519  
6962.000000     	0.995685  
7022.000000     	0.995851  
7031.000000     	0.996017  
7034.000000     	0.996183  
7042.000000     	0.996349  
7101.000000     	0.996515  
7355.000000     	0.996680  
7833.000000     	0.996846  
8089.000000     	0.997012  
8600.000000     	0.997178  
8759.000000     	0.997344  
9260.000000     	0.997510  
9904.000000     	0.997676  
10234.000000    	0.997842  
10590.000000    	0.998008  
10985.000000    	0.998174  
13665.000000    	0.998340  
15694.000000    	0.998506  
21762.000000    	0.998672  
22285.000000    	0.998838  
30171.000000    	0.999004  
36601.000000    	0.999170  
36973.000000    	0.999336  
37598.000000    	0.999502  
38431.000000    	0.999668  
39915.000000    	0.999834  
41297.000000    	1.000000  
41297.000000    	1.000000  
