15.000000       	0.000164  
16.000000       	0.000328  
17.000000       	0.000491  
18.000000       	0.000655  
21.000000       	0.001147  
22.000000       	0.002621  
23.000000       	0.004259  
24.000000       	0.005569  
25.000000       	0.006880  
26.000000       	0.008026  
27.000000       	0.008845  
28.000000       	0.009664  
29.000000       	0.010483  
30.000000       	0.010975  
31.000000       	0.011957  
32.000000       	0.012613  
33.000000       	0.012776  
34.000000       	0.013432  
35.000000       	0.013595  
37.000000       	0.013923  
38.000000       	0.014251  
41.000000       	0.014414  
42.000000       	0.014742  
50.000000       	0.014906  
56.000000       	0.015397  
57.000000       	0.015725  
58.000000       	0.015889  
60.000000       	0.016052  
61.000000       	0.016544  
62.000000       	0.016708  
63.000000       	0.017199  
65.000000       	0.017527  
66.000000       	0.017854  
67.000000       	0.019328  
68.000000       	0.024898  
69.000000       	0.036036  
70.000000       	0.055528  
71.000000       	0.084029  
72.000000       	0.121212  
73.000000       	0.156757  
74.000000       	0.189189  
75.000000       	0.220311  
76.000000       	0.251269  
77.000000       	0.282719  
78.000000       	0.312203  
79.000000       	0.338411  
80.000000       	0.358886  
81.000000       	0.381163  
82.000000       	0.402948  
83.000000       	0.417854  
84.000000       	0.430139  
85.000000       	0.440131  
86.000000       	0.450614  
87.000000       	0.459296  
88.000000       	0.468141  
89.000000       	0.477477  
90.000000       	0.488452  
91.000000       	0.497625  
92.000000       	0.513350  
93.000000       	0.526618  
94.000000       	0.543980  
95.000000       	0.561998  
96.000000       	0.576413  
97.000000       	0.593448  
98.000000       	0.605242  
99.000000       	0.613759  
100.000000      	0.625061  
101.000000      	0.634726  
102.000000      	0.641114  
103.000000      	0.649795  
104.000000      	0.655692  
105.000000      	0.663227  
106.000000      	0.671908  
107.000000      	0.679607  
108.000000      	0.686814  
109.000000      	0.692711  
110.000000      	0.699918  
111.000000      	0.706306  
112.000000      	0.712039  
113.000000      	0.717445  
114.000000      	0.720885  
115.000000      	0.724816  
116.000000      	0.729402  
117.000000      	0.733497  
118.000000      	0.738411  
119.000000      	0.743653  
120.000000      	0.748403  
121.000000      	0.753153  
122.000000      	0.758231  
123.000000      	0.761835  
124.000000      	0.766257  
125.000000      	0.770516  
126.000000      	0.774447  
127.000000      	0.778706  
128.000000      	0.782473  
129.000000      	0.786241  
130.000000      	0.789844  
131.000000      	0.794922  
132.000000      	0.797707  
133.000000      	0.799836  
134.000000      	0.802785  
135.000000      	0.807043  
136.000000      	0.809992  
137.000000      	0.812613  
138.000000      	0.815725  
139.000000      	0.817527  
140.000000      	0.820966  
141.000000      	0.824242  
142.000000      	0.826208  
143.000000      	0.828665  
144.000000      	0.831286  
145.000000      	0.833907  
146.000000      	0.836527  
147.000000      	0.837346  
148.000000      	0.839148  
149.000000      	0.841441  
150.000000      	0.842916  
151.000000      	0.845536  
152.000000      	0.847338  
153.000000      	0.848812  
154.000000      	0.849959  
155.000000      	0.851925  
156.000000      	0.853399  
157.000000      	0.854218  
158.000000      	0.856020  
159.000000      	0.856839  
160.000000      	0.858149  
161.000000      	0.860115  
162.000000      	0.862572  
163.000000      	0.864537  
164.000000      	0.866667  
165.000000      	0.868960  
166.000000      	0.870925  
167.000000      	0.872400  
168.000000      	0.872891  
169.000000      	0.873710  
170.000000      	0.875348  
171.000000      	0.876167  
172.000000      	0.877150  
173.000000      	0.878460  
174.000000      	0.879443  
175.000000      	0.881081  
176.000000      	0.882555  
177.000000      	0.884029  
178.000000      	0.886323  
179.000000      	0.888616  
180.000000      	0.890090  
181.000000      	0.891892  
182.000000      	0.893366  
183.000000      	0.894513  
184.000000      	0.895495  
185.000000      	0.896151  
186.000000      	0.897133  
187.000000      	0.897952  
188.000000      	0.898771  
189.000000      	0.899590  
190.000000      	0.900246  
191.000000      	0.900737  
192.000000      	0.901884  
193.000000      	0.902703  
194.000000      	0.903358  
195.000000      	0.904177  
196.000000      	0.905160  
197.000000      	0.905815  
198.000000      	0.906306  
199.000000      	0.906962  
200.000000      	0.907453  
201.000000      	0.908436  
202.000000      	0.909419  
203.000000      	0.910238  
204.000000      	0.910893  
205.000000      	0.911220  
206.000000      	0.911548  
207.000000      	0.912039  
209.000000      	0.912367  
210.000000      	0.912695  
211.000000      	0.913022  
212.000000      	0.913186  
213.000000      	0.913350  
214.000000      	0.914005  
216.000000      	0.914333  
217.000000      	0.914824  
218.000000      	0.915152  
219.000000      	0.915807  
220.000000      	0.916298  
221.000000      	0.916790  
222.000000      	0.917281  
223.000000      	0.917445  
224.000000      	0.918428  
225.000000      	0.918919  
226.000000      	0.919083  
227.000000      	0.919574  
228.000000      	0.920229  
229.000000      	0.920557  
230.000000      	0.920885  
232.000000      	0.921540  
233.000000      	0.922195  
236.000000      	0.922686  
237.000000      	0.923014  
238.000000      	0.923178  
239.000000      	0.923997  
241.000000      	0.924488  
242.000000      	0.925143  
243.000000      	0.925635  
244.000000      	0.926618  
245.000000      	0.927273  
246.000000      	0.927437  
247.000000      	0.927600  
249.000000      	0.927928  
250.000000      	0.928583  
251.000000      	0.929075  
252.000000      	0.929402  
254.000000      	0.929730  
255.000000      	0.930057  
256.000000      	0.930221  
257.000000      	0.930713  
258.000000      	0.931532  
259.000000      	0.931859  
260.000000      	0.932023  
261.000000      	0.932351  
262.000000      	0.932514  
263.000000      	0.932678  
265.000000      	0.933333  
266.000000      	0.933661  
267.000000      	0.933989  
268.000000      	0.934152  
269.000000      	0.934480  
270.000000      	0.934971  
271.000000      	0.935299  
272.000000      	0.935463  
273.000000      	0.935790  
274.000000      	0.936282  
275.000000      	0.936446  
276.000000      	0.936773  
277.000000      	0.937101  
279.000000      	0.937265  
280.000000      	0.937592  
282.000000      	0.937920  
283.000000      	0.938247  
285.000000      	0.938575  
286.000000      	0.938903  
287.000000      	0.939394  
288.000000      	0.939885  
289.000000      	0.940049  
290.000000      	0.940704  
291.000000      	0.941032  
293.000000      	0.941360  
294.000000      	0.941687  
295.000000      	0.941851  
296.000000      	0.942015  
297.000000      	0.942342  
298.000000      	0.942998  
299.000000      	0.943161  
300.000000      	0.943325  
301.000000      	0.943489  
302.000000      	0.943653  
303.000000      	0.943817  
304.000000      	0.944308  
306.000000      	0.944636  
307.000000      	0.944799  
309.000000      	0.944963  
310.000000      	0.945291  
311.000000      	0.946110  
313.000000      	0.946274  
314.000000      	0.946765  
315.000000      	0.947093  
316.000000      	0.947256  
317.000000      	0.947420  
318.000000      	0.947748  
319.000000      	0.948239  
321.000000      	0.948567  
322.000000      	0.948731  
323.000000      	0.949222  
324.000000      	0.949386  
325.000000      	0.949550  
326.000000      	0.949713  
328.000000      	0.950205  
329.000000      	0.950369  
330.000000      	0.950696  
331.000000      	0.951024  
332.000000      	0.951188  
333.000000      	0.951351  
334.000000      	0.951679  
337.000000      	0.951843  
338.000000      	0.952498  
339.000000      	0.952662  
342.000000      	0.952826  
343.000000      	0.953153  
344.000000      	0.953481  
345.000000      	0.953808  
348.000000      	0.954136  
349.000000      	0.954464  
352.000000      	0.954627  
354.000000      	0.954955  
356.000000      	0.955446  
357.000000      	0.955774  
358.000000      	0.955938  
360.000000      	0.956265  
361.000000      	0.956593  
362.000000      	0.956757  
364.000000      	0.957248  
365.000000      	0.957576  
366.000000      	0.958067  
367.000000      	0.958231  
368.000000      	0.958395  
369.000000      	0.958559  
370.000000      	0.958886  
371.000000      	0.959214  
372.000000      	0.959541  
373.000000      	0.959705  
374.000000      	0.959869  
375.000000      	0.960033  
376.000000      	0.960197  
377.000000      	0.960688  
379.000000      	0.961016  
380.000000      	0.961179  
381.000000      	0.961343  
384.000000      	0.961507  
385.000000      	0.962162  
388.000000      	0.962490  
389.000000      	0.962654  
391.000000      	0.962817  
394.000000      	0.962981  
398.000000      	0.963309  
399.000000      	0.963636  
400.000000      	0.963964  
401.000000      	0.964292  
403.000000      	0.964455  
404.000000      	0.964783  
405.000000      	0.965111  
406.000000      	0.965274  
409.000000      	0.965438  
410.000000      	0.965602  
411.000000      	0.965766  
418.000000      	0.965930  
419.000000      	0.966093  
423.000000      	0.966257  
426.000000      	0.966585  
428.000000      	0.966749  
429.000000      	0.966912  
430.000000      	0.967076  
432.000000      	0.967568  
435.000000      	0.967731  
438.000000      	0.967895  
439.000000      	0.968223  
440.000000      	0.968387  
442.000000      	0.968550  
443.000000      	0.968714  
444.000000      	0.969042  
445.000000      	0.969206  
446.000000      	0.969533  
448.000000      	0.969697  
452.000000      	0.969861  
453.000000      	0.970025  
454.000000      	0.970188  
456.000000      	0.970352  
459.000000      	0.970516  
460.000000      	0.970844  
463.000000      	0.971007  
466.000000      	0.971335  
468.000000      	0.971499  
471.000000      	0.971663  
472.000000      	0.971826  
473.000000      	0.971990  
475.000000      	0.972154  
476.000000      	0.972318  
478.000000      	0.972482  
481.000000      	0.972645  
486.000000      	0.972809  
487.000000      	0.972973  
489.000000      	0.973137  
490.000000      	0.973301  
497.000000      	0.973628  
501.000000      	0.973956  
503.000000      	0.974120  
505.000000      	0.974283  
506.000000      	0.974447  
510.000000      	0.974611  
511.000000      	0.974939  
513.000000      	0.975102  
514.000000      	0.975430  
515.000000      	0.975758  
521.000000      	0.975921  
523.000000      	0.976085  
526.000000      	0.976249  
531.000000      	0.976413  
533.000000      	0.976577  
534.000000      	0.976740  
536.000000      	0.976904  
539.000000      	0.977068  
541.000000      	0.977396  
544.000000      	0.977559  
549.000000      	0.977723  
550.000000      	0.977887  
552.000000      	0.978051  
554.000000      	0.978215  
555.000000      	0.978378  
563.000000      	0.978542  
572.000000      	0.978706  
577.000000      	0.978870  
580.000000      	0.979197  
591.000000      	0.979361  
592.000000      	0.979525  
595.000000      	0.979689  
598.000000      	0.979853  
605.000000      	0.980016  
607.000000      	0.980180  
614.000000      	0.980344  
615.000000      	0.980508  
620.000000      	0.980835  
622.000000      	0.981163  
624.000000      	0.981327  
627.000000      	0.981491  
636.000000      	0.981654  
643.000000      	0.981818  
645.000000      	0.981982  
647.000000      	0.982146  
650.000000      	0.982310  
655.000000      	0.982473  
660.000000      	0.982637  
661.000000      	0.982801  
668.000000      	0.982965  
672.000000      	0.983129  
683.000000      	0.983292  
698.000000      	0.983456  
703.000000      	0.983620  
710.000000      	0.983784  
719.000000      	0.983948  
722.000000      	0.984111  
727.000000      	0.984275  
730.000000      	0.984439  
733.000000      	0.984603  
735.000000      	0.984767  
741.000000      	0.984930  
743.000000      	0.985094  
747.000000      	0.985258  
754.000000      	0.985422  
758.000000      	0.985586  
766.000000      	0.985749  
767.000000      	0.985913  
788.000000      	0.986241  
789.000000      	0.986405  
791.000000      	0.986568  
794.000000      	0.986732  
808.000000      	0.986896  
809.000000      	0.987060  
811.000000      	0.987224  
817.000000      	0.987387  
826.000000      	0.987551  
834.000000      	0.987715  
850.000000      	0.987879  
853.000000      	0.988043  
861.000000      	0.988206  
862.000000      	0.988370  
866.000000      	0.988534  
869.000000      	0.988698  
873.000000      	0.988862  
876.000000      	0.989189  
880.000000      	0.989353  
883.000000      	0.989517  
912.000000      	0.989681  
950.000000      	0.989844  
966.000000      	0.990008  
967.000000      	0.990172  
975.000000      	0.990336  
999.000000      	0.990500  
1023.000000     	0.990663  
1025.000000     	0.990827  
1028.000000     	0.990991  
1044.000000     	0.991155  
1047.000000     	0.991319  
1081.000000     	0.991482  
1089.000000     	0.991810  
1094.000000     	0.991974  
1101.000000     	0.992138  
1102.000000     	0.992301  
1113.000000     	0.992465  
1183.000000     	0.992629  
1212.000000     	0.992793  
1221.000000     	0.992957  
1238.000000     	0.993120  
1247.000000     	0.993284  
1252.000000     	0.993612  
1283.000000     	0.993776  
1284.000000     	0.993939  
1288.000000     	0.994103  
1311.000000     	0.994267  
1319.000000     	0.994431  
1322.000000     	0.994595  
1338.000000     	0.994758  
1354.000000     	0.994922  
1356.000000     	0.995086  
1374.000000     	0.995250  
1418.000000     	0.995414  
1441.000000     	0.995577  
1473.000000     	0.995741  
1489.000000     	0.995905  
1539.000000     	0.996069  
1566.000000     	0.996233  
1668.000000     	0.996396  
1802.000000     	0.996560  
1809.000000     	0.996724  
1820.000000     	0.996888  
1821.000000     	0.997052  
1947.000000     	0.997215  
2245.000000     	0.997379  
2346.000000     	0.997543  
2353.000000     	0.997707  
2536.000000     	0.997871  
2624.000000     	0.998034  
2690.000000     	0.998198  
2898.000000     	0.998362  
2926.000000     	0.998526  
3131.000000     	0.998690  
3554.000000     	0.998853  
4149.000000     	0.999017  
4887.000000     	0.999181  
5457.000000     	0.999345  
6268.000000     	0.999509  
8820.000000     	0.999672  
9973.000000     	0.999836  
13414.000000    	1.000000  
13414.000000    	1.000000  
