6.000000        	0.000164  
7.000000        	0.000819  
8.000000        	0.001310  
9.000000        	0.001474  
10.000000       	0.001802  
11.000000       	0.002129  
14.000000       	0.002293  
16.000000       	0.002457  
17.000000       	0.002621  
19.000000       	0.002785  
21.000000       	0.002948  
22.000000       	0.004095  
23.000000       	0.005405  
24.000000       	0.007862  
25.000000       	0.009173  
26.000000       	0.010647  
27.000000       	0.011302  
30.000000       	0.011957  
31.000000       	0.012285  
32.000000       	0.012776  
33.000000       	0.013268  
35.000000       	0.013432  
40.000000       	0.013595  
46.000000       	0.013759  
55.000000       	0.013923  
56.000000       	0.014087  
58.000000       	0.014251  
59.000000       	0.015070  
60.000000       	0.016380  
61.000000       	0.019001  
62.000000       	0.025389  
63.000000       	0.032924  
64.000000       	0.042097  
65.000000       	0.048812  
66.000000       	0.054873  
67.000000       	0.059132  
68.000000       	0.061916  
69.000000       	0.065356  
70.000000       	0.069124  
71.000000       	0.071253  
72.000000       	0.074529  
73.000000       	0.078296  
74.000000       	0.085504  
75.000000       	0.097133  
76.000000       	0.114824  
77.000000       	0.137756  
78.000000       	0.168714  
79.000000       	0.205078  
80.000000       	0.240786  
81.000000       	0.275184  
82.000000       	0.303358  
83.000000       	0.323505  
84.000000       	0.344636  
85.000000       	0.361507  
86.000000       	0.375266  
87.000000       	0.387224  
88.000000       	0.400164  
89.000000       	0.408518  
90.000000       	0.419328  
91.000000       	0.430467  
92.000000       	0.439312  
93.000000       	0.446355  
94.000000       	0.453071  
95.000000       	0.459787  
96.000000       	0.467486  
97.000000       	0.473710  
98.000000       	0.482555  
99.000000       	0.488780  
100.000000      	0.496478  
101.000000      	0.504013  
102.000000      	0.514169  
103.000000      	0.522686  
104.000000      	0.531040  
105.000000      	0.539558  
106.000000      	0.545455  
107.000000      	0.552170  
108.000000      	0.558231  
109.000000      	0.564619  
110.000000      	0.571171  
111.000000      	0.577723  
112.000000      	0.585586  
113.000000      	0.599017  
114.000000      	0.609173  
115.000000      	0.617690  
116.000000      	0.626208  
117.000000      	0.635217  
118.000000      	0.642916  
119.000000      	0.648976  
120.000000      	0.654709  
121.000000      	0.660278  
122.000000      	0.664373  
123.000000      	0.670598  
124.000000      	0.675512  
125.000000      	0.681081  
126.000000      	0.685340  
127.000000      	0.691400  
128.000000      	0.697133  
129.000000      	0.702867  
130.000000      	0.707617  
131.000000      	0.712695  
132.000000      	0.717936  
133.000000      	0.722359  
134.000000      	0.727600  
135.000000      	0.731040  
136.000000      	0.733825  
137.000000      	0.738084  
138.000000      	0.741523  
139.000000      	0.744472  
140.000000      	0.746765  
141.000000      	0.749386  
142.000000      	0.753808  
143.000000      	0.757903  
144.000000      	0.761507  
145.000000      	0.764292  
146.000000      	0.767895  
147.000000      	0.770516  
148.000000      	0.772809  
149.000000      	0.775430  
150.000000      	0.777232  
151.000000      	0.779689  
152.000000      	0.782801  
153.000000      	0.784603  
154.000000      	0.787224  
155.000000      	0.789844  
156.000000      	0.791155  
157.000000      	0.793448  
158.000000      	0.795414  
159.000000      	0.798198  
160.000000      	0.801147  
161.000000      	0.801966  
162.000000      	0.804259  
163.000000      	0.806224  
164.000000      	0.808190  
165.000000      	0.810975  
166.000000      	0.813104  
167.000000      	0.814578  
168.000000      	0.815725  
169.000000      	0.817363  
170.000000      	0.818837  
171.000000      	0.819984  
172.000000      	0.821458  
173.000000      	0.822932  
174.000000      	0.823915  
175.000000      	0.825061  
176.000000      	0.825880  
177.000000      	0.827191  
178.000000      	0.827846  
179.000000      	0.829648  
180.000000      	0.830631  
181.000000      	0.831450  
182.000000      	0.832924  
183.000000      	0.833907  
184.000000      	0.835053  
185.000000      	0.836364  
186.000000      	0.837346  
187.000000      	0.838002  
188.000000      	0.840131  
189.000000      	0.840459  
190.000000      	0.841114  
191.000000      	0.841605  
192.000000      	0.842588  
193.000000      	0.843735  
194.000000      	0.844554  
195.000000      	0.845209  
196.000000      	0.845700  
197.000000      	0.846683  
198.000000      	0.847993  
199.000000      	0.849468  
200.000000      	0.850778  
201.000000      	0.851597  
202.000000      	0.852580  
203.000000      	0.853563  
204.000000      	0.854218  
205.000000      	0.854709  
206.000000      	0.855201  
207.000000      	0.855692  
208.000000      	0.856675  
209.000000      	0.857821  
210.000000      	0.858968  
211.000000      	0.860278  
212.000000      	0.860606  
213.000000      	0.861097  
214.000000      	0.862244  
215.000000      	0.863063  
216.000000      	0.863718  
217.000000      	0.864373  
218.000000      	0.865192  
219.000000      	0.865848  
220.000000      	0.866339  
223.000000      	0.867158  
224.000000      	0.867977  
225.000000      	0.868960  
226.000000      	0.870270  
228.000000      	0.870434  
229.000000      	0.871089  
230.000000      	0.872072  
231.000000      	0.872727  
232.000000      	0.873710  
234.000000      	0.875348  
235.000000      	0.875839  
236.000000      	0.876658  
237.000000      	0.876822  
238.000000      	0.877314  
239.000000      	0.878133  
240.000000      	0.879279  
241.000000      	0.880098  
242.000000      	0.880590  
243.000000      	0.881081  
244.000000      	0.881900  
245.000000      	0.882391  
246.000000      	0.882883  
247.000000      	0.883374  
248.000000      	0.883702  
249.000000      	0.884521  
250.000000      	0.884685  
251.000000      	0.885340  
252.000000      	0.885667  
253.000000      	0.886486  
254.000000      	0.887305  
255.000000      	0.887633  
256.000000      	0.887797  
257.000000      	0.888452  
258.000000      	0.889107  
259.000000      	0.889435  
260.000000      	0.890254  
261.000000      	0.890745  
262.000000      	0.891073  
263.000000      	0.891237  
264.000000      	0.891728  
265.000000      	0.892383  
266.000000      	0.893202  
267.000000      	0.893857  
268.000000      	0.894840  
269.000000      	0.895659  
270.000000      	0.895823  
271.000000      	0.895987  
272.000000      	0.896314  
273.000000      	0.896806  
274.000000      	0.896970  
275.000000      	0.897297  
276.000000      	0.897461  
277.000000      	0.897789  
278.000000      	0.898608  
279.000000      	0.899754  
280.000000      	0.900410  
281.000000      	0.900901  
282.000000      	0.901392  
283.000000      	0.902048  
284.000000      	0.902211  
285.000000      	0.902539  
286.000000      	0.902703  
287.000000      	0.902867  
288.000000      	0.903194  
289.000000      	0.903358  
290.000000      	0.903686  
291.000000      	0.904177  
292.000000      	0.904505  
293.000000      	0.904832  
294.000000      	0.904996  
295.000000      	0.905651  
297.000000      	0.906798  
298.000000      	0.907453  
299.000000      	0.908108  
300.000000      	0.908436  
302.000000      	0.908600  
303.000000      	0.908927  
304.000000      	0.909746  
305.000000      	0.910074  
306.000000      	0.910565  
307.000000      	0.910893  
309.000000      	0.911712  
310.000000      	0.911876  
311.000000      	0.912367  
312.000000      	0.912858  
314.000000      	0.913350  
315.000000      	0.914169  
316.000000      	0.914496  
317.000000      	0.914660  
318.000000      	0.914988  
319.000000      	0.915315  
320.000000      	0.915643  
321.000000      	0.915807  
322.000000      	0.916134  
323.000000      	0.916626  
324.000000      	0.916790  
325.000000      	0.917609  
326.000000      	0.917936  
327.000000      	0.918100  
328.000000      	0.918755  
329.000000      	0.919410  
330.000000      	0.919738  
331.000000      	0.920229  
332.000000      	0.920721  
333.000000      	0.921048  
334.000000      	0.921540  
335.000000      	0.922031  
337.000000      	0.922523  
339.000000      	0.922850  
340.000000      	0.923014  
341.000000      	0.923342  
342.000000      	0.923505  
343.000000      	0.923669  
344.000000      	0.923997  
345.000000      	0.924161  
347.000000      	0.924652  
348.000000      	0.924816  
349.000000      	0.925143  
350.000000      	0.925307  
351.000000      	0.925799  
352.000000      	0.925962  
353.000000      	0.926126  
354.000000      	0.926454  
355.000000      	0.926618  
357.000000      	0.926781  
358.000000      	0.927109  
359.000000      	0.927273  
360.000000      	0.927764  
361.000000      	0.928092  
363.000000      	0.928256  
364.000000      	0.928911  
365.000000      	0.929075  
367.000000      	0.929238  
368.000000      	0.929566  
369.000000      	0.929730  
370.000000      	0.930057  
371.000000      	0.930221  
372.000000      	0.930549  
373.000000      	0.930876  
375.000000      	0.931040  
378.000000      	0.931204  
379.000000      	0.931695  
380.000000      	0.932351  
381.000000      	0.932514  
384.000000      	0.932678  
385.000000      	0.933006  
386.000000      	0.933170  
387.000000      	0.933661  
388.000000      	0.934316  
389.000000      	0.934480  
390.000000      	0.935135  
391.000000      	0.935463  
394.000000      	0.935954  
395.000000      	0.936282  
397.000000      	0.936446  
398.000000      	0.936937  
399.000000      	0.937101  
400.000000      	0.937428  
401.000000      	0.937592  
402.000000      	0.937920  
403.000000      	0.938247  
404.000000      	0.938739  
405.000000      	0.938903  
406.000000      	0.939066  
409.000000      	0.939230  
410.000000      	0.939558  
411.000000      	0.939885  
412.000000      	0.940377  
414.000000      	0.940541  
416.000000      	0.940704  
422.000000      	0.940868  
423.000000      	0.941032  
424.000000      	0.941196  
426.000000      	0.941523  
427.000000      	0.941687  
428.000000      	0.941851  
429.000000      	0.942015  
430.000000      	0.942506  
431.000000      	0.942670  
432.000000      	0.942998  
434.000000      	0.943325  
435.000000      	0.943489  
438.000000      	0.943653  
443.000000      	0.943980  
444.000000      	0.944144  
446.000000      	0.944308  
448.000000      	0.944472  
449.000000      	0.944799  
450.000000      	0.944963  
459.000000      	0.945127  
460.000000      	0.945291  
461.000000      	0.945455  
462.000000      	0.945946  
465.000000      	0.946110  
471.000000      	0.946437  
472.000000      	0.946601  
473.000000      	0.946929  
479.000000      	0.947093  
480.000000      	0.947420  
487.000000      	0.947584  
488.000000      	0.947912  
489.000000      	0.948075  
490.000000      	0.948239  
492.000000      	0.948403  
494.000000      	0.948567  
495.000000      	0.948894  
496.000000      	0.949058  
497.000000      	0.949222  
498.000000      	0.949386  
499.000000      	0.949550  
502.000000      	0.949713  
503.000000      	0.950041  
505.000000      	0.950205  
506.000000      	0.950532  
507.000000      	0.950696  
508.000000      	0.950860  
509.000000      	0.951024  
511.000000      	0.951188  
513.000000      	0.951351  
515.000000      	0.951515  
517.000000      	0.951679  
519.000000      	0.952007  
520.000000      	0.952334  
527.000000      	0.952662  
533.000000      	0.952826  
535.000000      	0.952989  
539.000000      	0.953153  
544.000000      	0.953317  
548.000000      	0.953481  
557.000000      	0.953645  
562.000000      	0.953808  
564.000000      	0.953972  
568.000000      	0.954136  
570.000000      	0.954464  
571.000000      	0.954627  
573.000000      	0.954955  
574.000000      	0.955119  
581.000000      	0.955446  
583.000000      	0.955610  
584.000000      	0.955774  
586.000000      	0.955938  
587.000000      	0.956102  
589.000000      	0.956265  
593.000000      	0.956429  
595.000000      	0.956593  
598.000000      	0.956757  
601.000000      	0.956921  
602.000000      	0.957084  
610.000000      	0.957248  
611.000000      	0.957412  
619.000000      	0.957576  
625.000000      	0.957740  
627.000000      	0.957903  
629.000000      	0.958231  
637.000000      	0.958559  
638.000000      	0.958722  
640.000000      	0.958886  
642.000000      	0.959050  
647.000000      	0.959214  
674.000000      	0.959541  
677.000000      	0.959705  
682.000000      	0.959869  
684.000000      	0.960033  
685.000000      	0.960360  
689.000000      	0.960524  
692.000000      	0.960688  
696.000000      	0.960852  
700.000000      	0.961016  
701.000000      	0.961179  
706.000000      	0.961343  
707.000000      	0.961507  
710.000000      	0.961671  
719.000000      	0.961835  
722.000000      	0.961998  
724.000000      	0.962162  
725.000000      	0.962490  
730.000000      	0.962654  
754.000000      	0.962981  
762.000000      	0.963145  
763.000000      	0.963309  
769.000000      	0.963473  
791.000000      	0.963636  
798.000000      	0.963800  
799.000000      	0.963964  
802.000000      	0.964128  
812.000000      	0.964292  
822.000000      	0.964455  
829.000000      	0.964619  
840.000000      	0.964783  
843.000000      	0.964947  
847.000000      	0.965111  
850.000000      	0.965274  
857.000000      	0.965438  
859.000000      	0.965602  
860.000000      	0.965766  
864.000000      	0.965930  
872.000000      	0.966093  
874.000000      	0.966257  
876.000000      	0.966421  
878.000000      	0.966585  
889.000000      	0.966749  
898.000000      	0.966912  
903.000000      	0.967076  
909.000000      	0.967240  
916.000000      	0.967404  
921.000000      	0.967568  
941.000000      	0.967731  
945.000000      	0.967895  
948.000000      	0.968223  
985.000000      	0.968387  
987.000000      	0.968550  
1041.000000     	0.968714  
1061.000000     	0.968878  
1068.000000     	0.969042  
1069.000000     	0.969206  
1086.000000     	0.969369  
1087.000000     	0.969533  
1101.000000     	0.969697  
1104.000000     	0.969861  
1111.000000     	0.970025  
1130.000000     	0.970352  
1140.000000     	0.970516  
1149.000000     	0.970680  
1152.000000     	0.970844  
1172.000000     	0.971007  
1174.000000     	0.971171  
1178.000000     	0.971335  
1188.000000     	0.971499  
1196.000000     	0.971663  
1198.000000     	0.971826  
1211.000000     	0.971990  
1236.000000     	0.972154  
1240.000000     	0.972482  
1258.000000     	0.972645  
1261.000000     	0.972809  
1289.000000     	0.972973  
1316.000000     	0.973137  
1319.000000     	0.973301  
1325.000000     	0.973464  
1340.000000     	0.973628  
1349.000000     	0.973792  
1391.000000     	0.973956  
1423.000000     	0.974120  
1453.000000     	0.974283  
1459.000000     	0.974447  
1482.000000     	0.974611  
1491.000000     	0.974775  
1492.000000     	0.974939  
1504.000000     	0.975102  
1507.000000     	0.975266  
1511.000000     	0.975430  
1528.000000     	0.975594  
1593.000000     	0.975758  
1624.000000     	0.975921  
1681.000000     	0.976085  
1693.000000     	0.976249  
1708.000000     	0.976413  
1712.000000     	0.976577  
1728.000000     	0.976740  
1738.000000     	0.976904  
1814.000000     	0.977068  
1815.000000     	0.977232  
1817.000000     	0.977396  
1839.000000     	0.977559  
1845.000000     	0.977723  
1853.000000     	0.977887  
1889.000000     	0.978051  
1898.000000     	0.978215  
1903.000000     	0.978378  
1941.000000     	0.978542  
1977.000000     	0.978706  
1980.000000     	0.978870  
1988.000000     	0.979034  
2040.000000     	0.979197  
2042.000000     	0.979361  
2056.000000     	0.979525  
2122.000000     	0.979689  
2134.000000     	0.979853  
2166.000000     	0.980016  
2217.000000     	0.980180  
2301.000000     	0.980344  
2349.000000     	0.980508  
2382.000000     	0.980672  
2524.000000     	0.980835  
2538.000000     	0.980999  
2545.000000     	0.981163  
2558.000000     	0.981327  
2589.000000     	0.981491  
2597.000000     	0.981654  
2786.000000     	0.981818  
2832.000000     	0.981982  
2947.000000     	0.982146  
2969.000000     	0.982310  
3140.000000     	0.982473  
3199.000000     	0.982637  
3234.000000     	0.982801  
3267.000000     	0.982965  
3430.000000     	0.983129  
3495.000000     	0.983292  
3584.000000     	0.983456  
3599.000000     	0.983620  
3609.000000     	0.983784  
3946.000000     	0.983948  
4630.000000     	0.984111  
4958.000000     	0.984275  
5102.000000     	0.984439  
5569.000000     	0.984603  
5889.000000     	0.984767  
5896.000000     	0.984930  
5922.000000     	0.985094  
6296.000000     	0.985258  
6393.000000     	0.985422  
6480.000000     	0.985586  
6579.000000     	0.985749  
6715.000000     	0.985913  
7650.000000     	0.986077  
7778.000000     	0.986241  
8116.000000     	0.986405  
8811.000000     	0.986568  
9522.000000     	0.986732  
9592.000000     	0.986896  
9799.000000     	0.987060  
10156.000000    	0.987224  
10402.000000    	0.987387  
10742.000000    	0.987551  
11324.000000    	0.987715  
11510.000000    	0.987879  
11759.000000    	0.988043  
12176.000000    	0.988206  
12383.000000    	0.988370  
12811.000000    	0.988534  
12833.000000    	0.988698  
13140.000000    	0.988862  
14066.000000    	0.989025  
14243.000000    	0.989189  
14344.000000    	0.989353  
14404.000000    	0.989517  
14660.000000    	0.989681  
15101.000000    	0.989844  
15734.000000    	0.990008  
15940.000000    	0.990172  
16621.000000    	0.990336  
16669.000000    	0.990500  
16862.000000    	0.990663  
17123.000000    	0.990827  
18951.000000    	0.990991  
19084.000000    	0.991155  
19130.000000    	0.991319  
19179.000000    	0.991482  
20940.000000    	0.991646  
22698.000000    	0.991810  
24022.000000    	0.991974  
24569.000000    	0.992138  
25014.000000    	0.992301  
25233.000000    	0.992465  
25897.000000    	0.992629  
27539.000000    	0.992793  
27884.000000    	0.992957  
28170.000000    	0.993120  
28209.000000    	0.993284  
29138.000000    	0.993448  
29376.000000    	0.993612  
29481.000000    	0.993776  
29537.000000    	0.993939  
29856.000000    	0.994103  
29931.000000    	0.994267  
30070.000000    	0.994431  
30205.000000    	0.994595  
30733.000000    	0.994758  
30861.000000    	0.994922  
31071.000000    	0.995086  
31427.000000    	0.995250  
31893.000000    	0.995414  
32478.000000    	0.995577  
33426.000000    	0.995741  
34783.000000    	0.995905  
35731.000000    	0.996069  
36145.000000    	0.996233  
36178.000000    	0.996396  
36584.000000    	0.996560  
37676.000000    	0.996724  
38061.000000    	0.996888  
38439.000000    	0.997052  
39777.000000    	0.997215  
39871.000000    	0.997379  
40582.000000    	0.997543  
40765.000000    	0.997707  
40767.000000    	0.997871  
42375.000000    	0.998034  
42440.000000    	0.998198  
42924.000000    	0.998362  
42995.000000    	0.998526  
43419.000000    	0.998690  
43932.000000    	0.998853  
44205.000000    	0.999017  
44915.000000    	0.999181  
45041.000000    	0.999345  
45362.000000    	0.999509  
45706.000000    	0.999672  
46479.000000    	0.999836  
52102.000000    	1.000000  
52102.000000    	1.000000  
