5.000000        	0.000164  
6.000000        	0.000491  
7.000000        	0.001147  
8.000000        	0.001310  
9.000000        	0.001638  
11.000000       	0.001802  
13.000000       	0.001966  
14.000000       	0.002129  
15.000000       	0.002293  
16.000000       	0.002457  
20.000000       	0.002785  
21.000000       	0.003112  
22.000000       	0.004914  
23.000000       	0.006552  
24.000000       	0.008518  
25.000000       	0.010975  
26.000000       	0.011794  
28.000000       	0.012449  
29.000000       	0.012613  
30.000000       	0.012940  
31.000000       	0.013268  
32.000000       	0.013432  
33.000000       	0.013595  
35.000000       	0.013923  
39.000000       	0.014087  
42.000000       	0.014251  
45.000000       	0.014414  
46.000000       	0.014578  
47.000000       	0.014742  
53.000000       	0.014906  
59.000000       	0.015397  
60.000000       	0.018182  
61.000000       	0.021622  
62.000000       	0.027518  
63.000000       	0.034889  
64.000000       	0.041769  
65.000000       	0.051925  
66.000000       	0.055692  
67.000000       	0.058313  
68.000000       	0.061753  
69.000000       	0.063227  
70.000000       	0.064537  
71.000000       	0.065520  
72.000000       	0.066994  
73.000000       	0.070598  
74.000000       	0.078952  
75.000000       	0.093857  
76.000000       	0.115807  
77.000000       	0.147912  
78.000000       	0.188698  
79.000000       	0.231450  
80.000000       	0.270598  
81.000000       	0.304505  
82.000000       	0.326945  
83.000000       	0.344963  
84.000000       	0.358722  
85.000000       	0.367240  
86.000000       	0.376249  
87.000000       	0.386077  
88.000000       	0.394758  
89.000000       	0.404750  
90.000000       	0.414578  
91.000000       	0.422768  
92.000000       	0.430303  
93.000000       	0.437346  
94.000000       	0.447830  
95.000000       	0.457985  
96.000000       	0.471089  
97.000000       	0.484029  
98.000000       	0.499427  
99.000000       	0.513677  
100.000000      	0.529075  
101.000000      	0.541687  
102.000000      	0.552007  
103.000000      	0.561835  
104.000000      	0.570188  
105.000000      	0.580835  
106.000000      	0.590663  
107.000000      	0.600983  
108.000000      	0.609337  
109.000000      	0.618018  
110.000000      	0.627191  
111.000000      	0.633251  
112.000000      	0.640131  
113.000000      	0.647502  
114.000000      	0.653563  
115.000000      	0.658968  
116.000000      	0.665520  
117.000000      	0.670762  
118.000000      	0.674857  
119.000000      	0.677969  
120.000000      	0.680753  
121.000000      	0.686323  
122.000000      	0.690909  
123.000000      	0.695495  
124.000000      	0.702375  
125.000000      	0.708763  
126.000000      	0.713841  
127.000000      	0.719247  
128.000000      	0.724816  
129.000000      	0.729894  
130.000000      	0.734971  
131.000000      	0.739885  
132.000000      	0.743653  
133.000000      	0.749550  
134.000000      	0.754136  
135.000000      	0.758722  
136.000000      	0.762326  
137.000000      	0.765602  
138.000000      	0.768550  
139.000000      	0.772645  
140.000000      	0.775266  
141.000000      	0.778378  
142.000000      	0.781327  
143.000000      	0.785422  
144.000000      	0.786896  
145.000000      	0.790008  
146.000000      	0.790991  
147.000000      	0.792957  
148.000000      	0.793776  
149.000000      	0.795086  
150.000000      	0.796069  
151.000000      	0.797543  
152.000000      	0.799017  
153.000000      	0.800164  
154.000000      	0.801310  
155.000000      	0.802621  
156.000000      	0.803440  
157.000000      	0.805078  
158.000000      	0.805733  
159.000000      	0.807043  
160.000000      	0.808026  
161.000000      	0.809664  
162.000000      	0.811466  
163.000000      	0.812285  
164.000000      	0.814251  
165.000000      	0.815233  
166.000000      	0.817035  
167.000000      	0.818018  
168.000000      	0.819165  
169.000000      	0.820803  
170.000000      	0.821785  
171.000000      	0.823423  
172.000000      	0.824242  
173.000000      	0.825061  
174.000000      	0.825717  
175.000000      	0.826372  
176.000000      	0.828010  
177.000000      	0.829156  
178.000000      	0.830303  
179.000000      	0.831122  
180.000000      	0.832432  
181.000000      	0.833743  
182.000000      	0.834889  
183.000000      	0.836364  
184.000000      	0.837346  
185.000000      	0.837838  
186.000000      	0.838657  
187.000000      	0.839967  
188.000000      	0.842424  
189.000000      	0.843571  
190.000000      	0.844226  
191.000000      	0.846355  
192.000000      	0.847011  
193.000000      	0.847830  
194.000000      	0.848649  
195.000000      	0.849631  
196.000000      	0.850614  
197.000000      	0.851433  
198.000000      	0.852416  
199.000000      	0.853726  
200.000000      	0.854709  
202.000000      	0.855856  
203.000000      	0.857002  
204.000000      	0.858313  
205.000000      	0.859296  
206.000000      	0.860442  
207.000000      	0.861097  
208.000000      	0.862244  
209.000000      	0.863554  
210.000000      	0.864865  
211.000000      	0.865356  
212.000000      	0.866175  
213.000000      	0.866994  
214.000000      	0.868796  
215.000000      	0.869779  
216.000000      	0.870270  
217.000000      	0.871581  
218.000000      	0.872400  
219.000000      	0.873710  
221.000000      	0.874693  
222.000000      	0.875839  
223.000000      	0.876658  
224.000000      	0.878133  
225.000000      	0.879115  
226.000000      	0.880590  
227.000000      	0.882555  
229.000000      	0.883538  
230.000000      	0.883866  
231.000000      	0.884521  
232.000000      	0.885012  
233.000000      	0.885504  
234.000000      	0.885995  
235.000000      	0.886486  
236.000000      	0.887142  
237.000000      	0.887469  
238.000000      	0.888124  
239.000000      	0.888780  
240.000000      	0.889107  
241.000000      	0.889435  
242.000000      	0.889926  
243.000000      	0.890418  
244.000000      	0.890745  
245.000000      	0.891564  
246.000000      	0.891728  
247.000000      	0.892711  
248.000000      	0.893366  
249.000000      	0.893857  
250.000000      	0.895659  
251.000000      	0.895987  
252.000000      	0.897461  
253.000000      	0.898116  
254.000000      	0.898935  
255.000000      	0.899099  
256.000000      	0.899918  
257.000000      	0.900246  
258.000000      	0.900573  
259.000000      	0.901392  
260.000000      	0.901720  
261.000000      	0.902211  
263.000000      	0.902867  
264.000000      	0.903358  
265.000000      	0.903849  
266.000000      	0.904013  
267.000000      	0.904832  
269.000000      	0.905160  
270.000000      	0.905979  
271.000000      	0.906634  
272.000000      	0.906962  
273.000000      	0.907289  
274.000000      	0.907781  
275.000000      	0.907944  
276.000000      	0.908272  
278.000000      	0.908927  
279.000000      	0.909582  
281.000000      	0.909746  
282.000000      	0.910074  
283.000000      	0.910238  
284.000000      	0.910401  
285.000000      	0.910893  
286.000000      	0.911548  
287.000000      	0.911876  
288.000000      	0.912039  
289.000000      	0.912531  
290.000000      	0.912695  
291.000000      	0.913186  
292.000000      	0.913350  
293.000000      	0.913677  
294.000000      	0.914005  
295.000000      	0.914169  
296.000000      	0.914824  
297.000000      	0.915315  
298.000000      	0.915643  
299.000000      	0.915971  
301.000000      	0.916626  
302.000000      	0.916790  
303.000000      	0.917445  
304.000000      	0.917772  
305.000000      	0.917936  
306.000000      	0.918591  
307.000000      	0.918755  
309.000000      	0.919738  
310.000000      	0.920066  
311.000000      	0.920557  
312.000000      	0.921212  
313.000000      	0.921704  
314.000000      	0.922195  
315.000000      	0.922359  
316.000000      	0.922686  
317.000000      	0.923342  
318.000000      	0.923505  
319.000000      	0.923833  
320.000000      	0.923997  
321.000000      	0.924324  
322.000000      	0.924980  
323.000000      	0.925143  
325.000000      	0.925307  
326.000000      	0.925799  
327.000000      	0.925962  
328.000000      	0.926454  
329.000000      	0.926618  
330.000000      	0.926781  
331.000000      	0.926945  
332.000000      	0.927273  
335.000000      	0.927437  
336.000000      	0.927928  
338.000000      	0.928256  
339.000000      	0.928419  
340.000000      	0.928747  
341.000000      	0.928911  
342.000000      	0.929566  
343.000000      	0.930057  
344.000000      	0.930385  
345.000000      	0.930876  
346.000000      	0.931040  
348.000000      	0.931532  
350.000000      	0.931859  
351.000000      	0.932023  
352.000000      	0.932187  
353.000000      	0.932678  
354.000000      	0.932842  
355.000000      	0.933825  
356.000000      	0.934152  
357.000000      	0.934316  
358.000000      	0.934480  
359.000000      	0.935299  
360.000000      	0.935627  
361.000000      	0.935790  
362.000000      	0.935954  
363.000000      	0.936609  
364.000000      	0.936773  
365.000000      	0.937265  
369.000000      	0.937592  
370.000000      	0.937920  
371.000000      	0.938575  
372.000000      	0.938739  
373.000000      	0.938903  
376.000000      	0.939066  
377.000000      	0.939230  
378.000000      	0.939394  
379.000000      	0.939558  
381.000000      	0.939885  
382.000000      	0.940049  
384.000000      	0.940541  
385.000000      	0.940704  
386.000000      	0.940868  
388.000000      	0.941360  
389.000000      	0.941851  
390.000000      	0.942015  
391.000000      	0.942179  
393.000000      	0.942342  
395.000000      	0.942998  
396.000000      	0.943325  
397.000000      	0.943653  
398.000000      	0.943817  
399.000000      	0.943980  
400.000000      	0.944144  
402.000000      	0.944636  
403.000000      	0.944963  
406.000000      	0.945127  
407.000000      	0.945291  
408.000000      	0.945782  
412.000000      	0.945946  
413.000000      	0.946110  
416.000000      	0.946274  
417.000000      	0.946437  
418.000000      	0.946601  
419.000000      	0.946765  
420.000000      	0.947093  
421.000000      	0.947420  
422.000000      	0.947584  
423.000000      	0.947912  
425.000000      	0.948075  
426.000000      	0.948239  
427.000000      	0.948403  
437.000000      	0.948894  
438.000000      	0.949222  
441.000000      	0.949386  
444.000000      	0.949550  
445.000000      	0.949877  
446.000000      	0.950041  
449.000000      	0.950205  
451.000000      	0.950369  
452.000000      	0.950696  
454.000000      	0.951024  
455.000000      	0.951515  
458.000000      	0.951679  
459.000000      	0.951843  
460.000000      	0.952007  
461.000000      	0.952170  
462.000000      	0.952334  
467.000000      	0.952498  
469.000000      	0.952662  
470.000000      	0.952989  
472.000000      	0.953153  
473.000000      	0.953317  
474.000000      	0.953481  
477.000000      	0.953645  
479.000000      	0.953808  
481.000000      	0.954136  
486.000000      	0.954300  
487.000000      	0.954791  
489.000000      	0.954955  
490.000000      	0.955283  
491.000000      	0.955446  
492.000000      	0.955610  
493.000000      	0.955774  
497.000000      	0.955938  
499.000000      	0.956265  
502.000000      	0.956429  
506.000000      	0.956593  
507.000000      	0.956757  
508.000000      	0.956921  
510.000000      	0.957084  
513.000000      	0.957412  
515.000000      	0.957576  
517.000000      	0.957740  
518.000000      	0.957903  
520.000000      	0.958067  
523.000000      	0.958231  
525.000000      	0.958395  
526.000000      	0.958559  
528.000000      	0.958886  
530.000000      	0.959050  
532.000000      	0.959378  
539.000000      	0.959541  
544.000000      	0.959869  
547.000000      	0.960033  
553.000000      	0.960197  
555.000000      	0.960360  
557.000000      	0.960524  
560.000000      	0.960688  
565.000000      	0.960852  
572.000000      	0.961016  
576.000000      	0.961179  
580.000000      	0.961343  
581.000000      	0.961671  
584.000000      	0.961835  
585.000000      	0.961998  
586.000000      	0.962162  
589.000000      	0.962326  
591.000000      	0.962490  
592.000000      	0.962654  
598.000000      	0.962981  
602.000000      	0.963145  
609.000000      	0.963309  
610.000000      	0.963473  
611.000000      	0.963636  
625.000000      	0.963800  
629.000000      	0.964128  
639.000000      	0.964455  
641.000000      	0.964619  
645.000000      	0.964783  
647.000000      	0.964947  
652.000000      	0.965111  
658.000000      	0.965274  
665.000000      	0.965438  
669.000000      	0.965602  
671.000000      	0.965766  
678.000000      	0.965930  
680.000000      	0.966093  
681.000000      	0.966257  
686.000000      	0.966421  
688.000000      	0.966585  
700.000000      	0.966749  
710.000000      	0.966912  
727.000000      	0.967076  
739.000000      	0.967240  
745.000000      	0.967404  
752.000000      	0.967568  
755.000000      	0.967731  
776.000000      	0.967895  
791.000000      	0.968059  
792.000000      	0.968223  
824.000000      	0.968387  
831.000000      	0.968714  
836.000000      	0.968878  
837.000000      	0.969042  
858.000000      	0.969206  
863.000000      	0.969369  
878.000000      	0.969533  
883.000000      	0.969697  
884.000000      	0.969861  
892.000000      	0.970025  
894.000000      	0.970188  
911.000000      	0.970352  
917.000000      	0.970516  
920.000000      	0.970680  
925.000000      	0.970844  
927.000000      	0.971007  
929.000000      	0.971171  
932.000000      	0.971335  
935.000000      	0.971663  
961.000000      	0.971826  
975.000000      	0.971990  
995.000000      	0.972154  
999.000000      	0.972318  
1000.000000     	0.972482  
1010.000000     	0.972645  
1018.000000     	0.972809  
1020.000000     	0.972973  
1022.000000     	0.973137  
1023.000000     	0.973301  
1036.000000     	0.973464  
1040.000000     	0.973628  
1046.000000     	0.973792  
1058.000000     	0.973956  
1070.000000     	0.974120  
1075.000000     	0.974283  
1102.000000     	0.974447  
1113.000000     	0.974611  
1122.000000     	0.974775  
1135.000000     	0.974939  
1138.000000     	0.975102  
1148.000000     	0.975266  
1154.000000     	0.975430  
1188.000000     	0.975594  
1203.000000     	0.975758  
1208.000000     	0.975921  
1225.000000     	0.976085  
1239.000000     	0.976249  
1242.000000     	0.976413  
1255.000000     	0.976577  
1291.000000     	0.976740  
1304.000000     	0.976904  
1317.000000     	0.977068  
1318.000000     	0.977232  
1328.000000     	0.977396  
1346.000000     	0.977559  
1355.000000     	0.977723  
1358.000000     	0.977887  
1364.000000     	0.978051  
1367.000000     	0.978215  
1378.000000     	0.978378  
1389.000000     	0.978706  
1395.000000     	0.978870  
1406.000000     	0.979197  
1411.000000     	0.979361  
1417.000000     	0.979525  
1429.000000     	0.979689  
1438.000000     	0.979853  
1451.000000     	0.980016  
1453.000000     	0.980180  
1456.000000     	0.980344  
1473.000000     	0.980508  
1490.000000     	0.980672  
1539.000000     	0.980835  
1580.000000     	0.980999  
1603.000000     	0.981163  
1653.000000     	0.981327  
1655.000000     	0.981491  
1663.000000     	0.981654  
1684.000000     	0.981818  
1686.000000     	0.981982  
1700.000000     	0.982146  
1701.000000     	0.982310  
1712.000000     	0.982473  
1722.000000     	0.982637  
1742.000000     	0.982801  
1758.000000     	0.982965  
1860.000000     	0.983129  
1904.000000     	0.983292  
1957.000000     	0.983456  
1981.000000     	0.983620  
1984.000000     	0.983784  
1993.000000     	0.983948  
2008.000000     	0.984111  
2054.000000     	0.984275  
2144.000000     	0.984439  
2147.000000     	0.984603  
2201.000000     	0.984767  
2206.000000     	0.984930  
2244.000000     	0.985094  
2294.000000     	0.985258  
2315.000000     	0.985422  
2329.000000     	0.985586  
2351.000000     	0.985749  
2352.000000     	0.985913  
2372.000000     	0.986077  
2390.000000     	0.986241  
2398.000000     	0.986405  
2675.000000     	0.986568  
2840.000000     	0.986732  
2905.000000     	0.986896  
3014.000000     	0.987060  
3171.000000     	0.987224  
3226.000000     	0.987387  
3227.000000     	0.987551  
3259.000000     	0.987715  
3281.000000     	0.987879  
3297.000000     	0.988043  
3416.000000     	0.988206  
3471.000000     	0.988370  
4052.000000     	0.988534  
4554.000000     	0.988698  
5095.000000     	0.988862  
5584.000000     	0.989025  
5597.000000     	0.989189  
6282.000000     	0.989353  
6731.000000     	0.989517  
6751.000000     	0.989681  
7546.000000     	0.989844  
7785.000000     	0.990008  
8120.000000     	0.990172  
8237.000000     	0.990336  
8539.000000     	0.990500  
8901.000000     	0.990663  
10406.000000    	0.990827  
10651.000000    	0.990991  
10888.000000    	0.991155  
11524.000000    	0.991319  
11917.000000    	0.991482  
12019.000000    	0.991646  
12046.000000    	0.991810  
12065.000000    	0.991974  
12084.000000    	0.992138  
12231.000000    	0.992301  
12630.000000    	0.992465  
12854.000000    	0.992629  
12876.000000    	0.992793  
13290.000000    	0.992957  
13759.000000    	0.993120  
15272.000000    	0.993284  
16064.000000    	0.993448  
16253.000000    	0.993612  
16719.000000    	0.993776  
16759.000000    	0.993939  
17613.000000    	0.994103  
17941.000000    	0.994267  
19111.000000    	0.994431  
19323.000000    	0.994595  
19585.000000    	0.994758  
19948.000000    	0.994922  
20084.000000    	0.995086  
20321.000000    	0.995250  
21863.000000    	0.995414  
21934.000000    	0.995577  
22087.000000    	0.995741  
22315.000000    	0.995905  
23067.000000    	0.996069  
23676.000000    	0.996233  
23710.000000    	0.996396  
25679.000000    	0.996560  
26368.000000    	0.996724  
26404.000000    	0.996888  
26989.000000    	0.997052  
27230.000000    	0.997215  
27890.000000    	0.997379  
28071.000000    	0.997543  
30761.000000    	0.997707  
31795.000000    	0.997871  
33135.000000    	0.998034  
33891.000000    	0.998198  
34213.000000    	0.998362  
34480.000000    	0.998526  
34750.000000    	0.998690  
35689.000000    	0.998853  
35960.000000    	0.999017  
37524.000000    	0.999181  
38559.000000    	0.999345  
41399.000000    	0.999509  
41875.000000    	0.999672  
41883.000000    	0.999836  
43645.000000    	1.000000  
43645.000000    	1.000000  
