6.000000        	0.000164  
7.000000        	0.000655  
8.000000        	0.000983  
9.000000        	0.001147  
10.000000       	0.001802  
16.000000       	0.001966  
17.000000       	0.002129  
20.000000       	0.002457  
21.000000       	0.002948  
22.000000       	0.003931  
23.000000       	0.005897  
24.000000       	0.006880  
25.000000       	0.008190  
26.000000       	0.009337  
27.000000       	0.009500  
28.000000       	0.010156  
29.000000       	0.010975  
30.000000       	0.011302  
31.000000       	0.011957  
32.000000       	0.012121  
33.000000       	0.012613  
34.000000       	0.012776  
35.000000       	0.013432  
36.000000       	0.013595  
38.000000       	0.013923  
44.000000       	0.014087  
45.000000       	0.014251  
54.000000       	0.014414  
59.000000       	0.015889  
60.000000       	0.018346  
61.000000       	0.020639  
62.000000       	0.023423  
63.000000       	0.027355  
64.000000       	0.031777  
65.000000       	0.038329  
66.000000       	0.042752  
67.000000       	0.046847  
68.000000       	0.049140  
69.000000       	0.051269  
70.000000       	0.053726  
71.000000       	0.055037  
72.000000       	0.057985  
73.000000       	0.059787  
74.000000       	0.066503  
75.000000       	0.081081  
76.000000       	0.100901  
77.000000       	0.122195  
78.000000       	0.149550  
79.000000       	0.177887  
80.000000       	0.204914  
81.000000       	0.229975  
82.000000       	0.249304  
83.000000       	0.267486  
84.000000       	0.282883  
85.000000       	0.301229  
86.000000       	0.321212  
87.000000       	0.339558  
88.000000       	0.357903  
89.000000       	0.376413  
90.000000       	0.389681  
91.000000       	0.400655  
92.000000       	0.413432  
93.000000       	0.423260  
94.000000       	0.432760  
95.000000       	0.442097  
96.000000       	0.450942  
97.000000       	0.461261  
98.000000       	0.471417  
99.000000       	0.479934  
100.000000      	0.488780  
101.000000      	0.499918  
102.000000      	0.511220  
103.000000      	0.520885  
104.000000      	0.528419  
105.000000      	0.537101  
106.000000      	0.549550  
107.000000      	0.558231  
108.000000      	0.569697  
109.000000      	0.577396  
110.000000      	0.588370  
111.000000      	0.598034  
112.000000      	0.606716  
113.000000      	0.616380  
114.000000      	0.624079  
115.000000      	0.633251  
116.000000      	0.641769  
117.000000      	0.648976  
118.000000      	0.656511  
119.000000      	0.663882  
120.000000      	0.669943  
121.000000      	0.677969  
122.000000      	0.684521  
123.000000      	0.689926  
124.000000      	0.694513  
125.000000      	0.700573  
126.000000      	0.705324  
127.000000      	0.709910  
128.000000      	0.716953  
129.000000      	0.719247  
130.000000      	0.724161  
131.000000      	0.727764  
132.000000      	0.732678  
133.000000      	0.738247  
134.000000      	0.742015  
135.000000      	0.745782  
136.000000      	0.748731  
137.000000      	0.751515  
138.000000      	0.754791  
139.000000      	0.758067  
140.000000      	0.761343  
141.000000      	0.763473  
142.000000      	0.768387  
143.000000      	0.770844  
144.000000      	0.773464  
145.000000      	0.776577  
146.000000      	0.778051  
147.000000      	0.780508  
148.000000      	0.782473  
149.000000      	0.785094  
150.000000      	0.786732  
151.000000      	0.788534  
152.000000      	0.790663  
153.000000      	0.791810  
154.000000      	0.792957  
155.000000      	0.793776  
156.000000      	0.794103  
157.000000      	0.794431  
158.000000      	0.796069  
159.000000      	0.796888  
160.000000      	0.797871  
161.000000      	0.799509  
162.000000      	0.799836  
163.000000      	0.800491  
164.000000      	0.801638  
165.000000      	0.802457  
166.000000      	0.802948  
167.000000      	0.804095  
168.000000      	0.805078  
169.000000      	0.805897  
170.000000      	0.806716  
171.000000      	0.807371  
172.000000      	0.809173  
173.000000      	0.809664  
174.000000      	0.810319  
175.000000      	0.810483  
176.000000      	0.810975  
177.000000      	0.811302  
178.000000      	0.811957  
179.000000      	0.812776  
180.000000      	0.813759  
181.000000      	0.814742  
182.000000      	0.815561  
183.000000      	0.816380  
184.000000      	0.817035  
185.000000      	0.817854  
186.000000      	0.818509  
187.000000      	0.819001  
188.000000      	0.819656  
189.000000      	0.820311  
190.000000      	0.821294  
191.000000      	0.822768  
192.000000      	0.823915  
193.000000      	0.824898  
194.000000      	0.825880  
195.000000      	0.826372  
196.000000      	0.826699  
197.000000      	0.827191  
198.000000      	0.828501  
199.000000      	0.830139  
200.000000      	0.831613  
201.000000      	0.832432  
202.000000      	0.833415  
203.000000      	0.835381  
204.000000      	0.836200  
205.000000      	0.837183  
206.000000      	0.838493  
207.000000      	0.840131  
208.000000      	0.840950  
209.000000      	0.842752  
210.000000      	0.844226  
211.000000      	0.844717  
212.000000      	0.846028  
213.000000      	0.847830  
214.000000      	0.849959  
215.000000      	0.851106  
216.000000      	0.852907  
217.000000      	0.854545  
218.000000      	0.856347  
219.000000      	0.857330  
220.000000      	0.858477  
221.000000      	0.859623  
222.000000      	0.860442  
223.000000      	0.861261  
224.000000      	0.862080  
225.000000      	0.862735  
226.000000      	0.864210  
227.000000      	0.865848  
228.000000      	0.866503  
229.000000      	0.867649  
230.000000      	0.868960  
231.000000      	0.869124  
232.000000      	0.869615  
233.000000      	0.869943  
234.000000      	0.870925  
235.000000      	0.871581  
236.000000      	0.872072  
237.000000      	0.872400  
238.000000      	0.873219  
239.000000      	0.873710  
240.000000      	0.874201  
241.000000      	0.874693  
242.000000      	0.875184  
243.000000      	0.875839  
244.000000      	0.876495  
245.000000      	0.876658  
246.000000      	0.876822  
247.000000      	0.877477  
248.000000      	0.877969  
249.000000      	0.878952  
250.000000      	0.879607  
251.000000      	0.879771  
252.000000      	0.880262  
253.000000      	0.881081  
254.000000      	0.881572  
255.000000      	0.881900  
256.000000      	0.882391  
258.000000      	0.882555  
259.000000      	0.883047  
260.000000      	0.883702  
261.000000      	0.884357  
262.000000      	0.884685  
264.000000      	0.884848  
266.000000      	0.885667  
267.000000      	0.886159  
268.000000      	0.886650  
269.000000      	0.887305  
271.000000      	0.887633  
272.000000      	0.887961  
273.000000      	0.888616  
274.000000      	0.889107  
275.000000      	0.889435  
276.000000      	0.889762  
278.000000      	0.889926  
279.000000      	0.890581  
281.000000      	0.890909  
283.000000      	0.891564  
284.000000      	0.892056  
287.000000      	0.892547  
288.000000      	0.893694  
289.000000      	0.894185  
290.000000      	0.894676  
291.000000      	0.895659  
292.000000      	0.895987  
293.000000      	0.896970  
294.000000      	0.897789  
295.000000      	0.898116  
296.000000      	0.898771  
297.000000      	0.899754  
298.000000      	0.900737  
299.000000      	0.901229  
300.000000      	0.902211  
301.000000      	0.903030  
302.000000      	0.903358  
303.000000      	0.903849  
304.000000      	0.904505  
305.000000      	0.905324  
306.000000      	0.905815  
307.000000      	0.906143  
308.000000      	0.907617  
309.000000      	0.908108  
310.000000      	0.908927  
311.000000      	0.909419  
312.000000      	0.910401  
313.000000      	0.911384  
314.000000      	0.912367  
315.000000      	0.912858  
316.000000      	0.914005  
317.000000      	0.914660  
318.000000      	0.915315  
319.000000      	0.915807  
320.000000      	0.916298  
321.000000      	0.916953  
322.000000      	0.917772  
323.000000      	0.918100  
324.000000      	0.918919  
325.000000      	0.919247  
326.000000      	0.920229  
327.000000      	0.920557  
328.000000      	0.921048  
329.000000      	0.921540  
330.000000      	0.922359  
331.000000      	0.922850  
332.000000      	0.923178  
333.000000      	0.923342  
334.000000      	0.924161  
335.000000      	0.924324  
336.000000      	0.924980  
337.000000      	0.925635  
338.000000      	0.926126  
339.000000      	0.926290  
340.000000      	0.926454  
341.000000      	0.926945  
342.000000      	0.927600  
343.000000      	0.928092  
345.000000      	0.928256  
346.000000      	0.928583  
347.000000      	0.928911  
348.000000      	0.929894  
349.000000      	0.930385  
350.000000      	0.930549  
351.000000      	0.931040  
352.000000      	0.931204  
353.000000      	0.931368  
354.000000      	0.931532  
356.000000      	0.931859  
357.000000      	0.932023  
358.000000      	0.932842  
360.000000      	0.933006  
361.000000      	0.933170  
362.000000      	0.933661  
363.000000      	0.933825  
364.000000      	0.933989  
366.000000      	0.934152  
367.000000      	0.934316  
368.000000      	0.934644  
370.000000      	0.934971  
371.000000      	0.935135  
372.000000      	0.935299  
373.000000      	0.935463  
374.000000      	0.935790  
375.000000      	0.936118  
377.000000      	0.936446  
378.000000      	0.936609  
379.000000      	0.936773  
382.000000      	0.936937  
383.000000      	0.937101  
384.000000      	0.937265  
385.000000      	0.937756  
386.000000      	0.938247  
387.000000      	0.938739  
388.000000      	0.939066  
389.000000      	0.939394  
391.000000      	0.939558  
392.000000      	0.939885  
393.000000      	0.940541  
394.000000      	0.941196  
395.000000      	0.941523  
396.000000      	0.941687  
398.000000      	0.941851  
399.000000      	0.942015  
400.000000      	0.942342  
401.000000      	0.942506  
404.000000      	0.942670  
405.000000      	0.942834  
406.000000      	0.942998  
407.000000      	0.943325  
408.000000      	0.943653  
412.000000      	0.943817  
413.000000      	0.944308  
417.000000      	0.945127  
418.000000      	0.945618  
419.000000      	0.945782  
420.000000      	0.946274  
423.000000      	0.946765  
424.000000      	0.946929  
425.000000      	0.947093  
427.000000      	0.947748  
428.000000      	0.947912  
430.000000      	0.948403  
431.000000      	0.948731  
432.000000      	0.949058  
433.000000      	0.949222  
434.000000      	0.949550  
435.000000      	0.949877  
438.000000      	0.950041  
440.000000      	0.950205  
441.000000      	0.950369  
442.000000      	0.950860  
443.000000      	0.951024  
444.000000      	0.951188  
445.000000      	0.951351  
446.000000      	0.952007  
447.000000      	0.952170  
449.000000      	0.952334  
450.000000      	0.952498  
451.000000      	0.952662  
454.000000      	0.952826  
456.000000      	0.952989  
457.000000      	0.953153  
460.000000      	0.954136  
462.000000      	0.954300  
464.000000      	0.954464  
465.000000      	0.954627  
467.000000      	0.954791  
468.000000      	0.954955  
469.000000      	0.955119  
471.000000      	0.955283  
474.000000      	0.955446  
475.000000      	0.955938  
478.000000      	0.956265  
479.000000      	0.956429  
482.000000      	0.956593  
484.000000      	0.956757  
486.000000      	0.957084  
488.000000      	0.957248  
491.000000      	0.957412  
492.000000      	0.957740  
494.000000      	0.957903  
495.000000      	0.958231  
496.000000      	0.958395  
499.000000      	0.958559  
500.000000      	0.958886  
502.000000      	0.959050  
504.000000      	0.959214  
508.000000      	0.959541  
512.000000      	0.959705  
513.000000      	0.959869  
514.000000      	0.960033  
517.000000      	0.960197  
518.000000      	0.960360  
521.000000      	0.960852  
524.000000      	0.961016  
525.000000      	0.961179  
526.000000      	0.961343  
527.000000      	0.961507  
528.000000      	0.961671  
530.000000      	0.961835  
532.000000      	0.961998  
537.000000      	0.962162  
543.000000      	0.962326  
546.000000      	0.962490  
547.000000      	0.962654  
548.000000      	0.962981  
550.000000      	0.963145  
552.000000      	0.963309  
553.000000      	0.963473  
556.000000      	0.963636  
561.000000      	0.963964  
567.000000      	0.964292  
568.000000      	0.964455  
571.000000      	0.964619  
573.000000      	0.964783  
574.000000      	0.964947  
580.000000      	0.965111  
582.000000      	0.965438  
583.000000      	0.965930  
584.000000      	0.966093  
586.000000      	0.966257  
587.000000      	0.966421  
588.000000      	0.966585  
591.000000      	0.966749  
594.000000      	0.966912  
595.000000      	0.967076  
597.000000      	0.967240  
604.000000      	0.967404  
609.000000      	0.967568  
611.000000      	0.967895  
612.000000      	0.968059  
618.000000      	0.968223  
623.000000      	0.968387  
627.000000      	0.968550  
634.000000      	0.968714  
637.000000      	0.968878  
638.000000      	0.969042  
639.000000      	0.969206  
649.000000      	0.969533  
651.000000      	0.969697  
652.000000      	0.969861  
653.000000      	0.970188  
655.000000      	0.970352  
659.000000      	0.970516  
664.000000      	0.970844  
665.000000      	0.971007  
668.000000      	0.971171  
670.000000      	0.971335  
688.000000      	0.971663  
700.000000      	0.971826  
701.000000      	0.971990  
703.000000      	0.972154  
707.000000      	0.972318  
710.000000      	0.972482  
712.000000      	0.972645  
715.000000      	0.972809  
716.000000      	0.973137  
720.000000      	0.973628  
727.000000      	0.973792  
731.000000      	0.973956  
740.000000      	0.974283  
744.000000      	0.974447  
747.000000      	0.974611  
754.000000      	0.974775  
755.000000      	0.974939  
762.000000      	0.975102  
764.000000      	0.975266  
771.000000      	0.975430  
772.000000      	0.975594  
774.000000      	0.975758  
775.000000      	0.975921  
776.000000      	0.976085  
777.000000      	0.976413  
785.000000      	0.976740  
794.000000      	0.976904  
795.000000      	0.977068  
805.000000      	0.977232  
808.000000      	0.977396  
819.000000      	0.977559  
825.000000      	0.977723  
826.000000      	0.977887  
829.000000      	0.978051  
830.000000      	0.978215  
832.000000      	0.978378  
844.000000      	0.978542  
848.000000      	0.978706  
851.000000      	0.978870  
868.000000      	0.979034  
870.000000      	0.979197  
871.000000      	0.979361  
877.000000      	0.979525  
886.000000      	0.979689  
907.000000      	0.979853  
912.000000      	0.980016  
918.000000      	0.980180  
919.000000      	0.980344  
922.000000      	0.980508  
948.000000      	0.980672  
962.000000      	0.980835  
979.000000      	0.981163  
980.000000      	0.981327  
992.000000      	0.981491  
995.000000      	0.981654  
999.000000      	0.981818  
1014.000000     	0.981982  
1015.000000     	0.982310  
1020.000000     	0.982473  
1022.000000     	0.982637  
1029.000000     	0.982801  
1030.000000     	0.982965  
1033.000000     	0.983129  
1052.000000     	0.983292  
1053.000000     	0.983456  
1058.000000     	0.983620  
1061.000000     	0.983784  
1062.000000     	0.983948  
1063.000000     	0.984111  
1066.000000     	0.984275  
1071.000000     	0.984439  
1076.000000     	0.984603  
1094.000000     	0.984767  
1112.000000     	0.984930  
1126.000000     	0.985094  
1128.000000     	0.985258  
1132.000000     	0.985422  
1135.000000     	0.985586  
1142.000000     	0.985749  
1152.000000     	0.985913  
1156.000000     	0.986077  
1177.000000     	0.986241  
1195.000000     	0.986405  
1221.000000     	0.986568  
1230.000000     	0.986732  
1238.000000     	0.986896  
1261.000000     	0.987060  
1267.000000     	0.987224  
1275.000000     	0.987387  
1283.000000     	0.987551  
1286.000000     	0.987715  
1312.000000     	0.987879  
1331.000000     	0.988043  
1340.000000     	0.988206  
1347.000000     	0.988370  
1348.000000     	0.988534  
1386.000000     	0.988698  
1409.000000     	0.988862  
1420.000000     	0.989025  
1421.000000     	0.989189  
1444.000000     	0.989353  
1452.000000     	0.989517  
1467.000000     	0.989681  
1481.000000     	0.989844  
1486.000000     	0.990008  
1496.000000     	0.990172  
1566.000000     	0.990336  
1610.000000     	0.990500  
1641.000000     	0.990663  
1647.000000     	0.990827  
1650.000000     	0.990991  
1652.000000     	0.991155  
1661.000000     	0.991319  
1662.000000     	0.991482  
1670.000000     	0.991646  
1703.000000     	0.991810  
1764.000000     	0.991974  
1783.000000     	0.992138  
1786.000000     	0.992301  
1869.000000     	0.992465  
1901.000000     	0.992629  
1903.000000     	0.992793  
1991.000000     	0.992957  
2015.000000     	0.993120  
2035.000000     	0.993284  
2113.000000     	0.993448  
2154.000000     	0.993612  
2192.000000     	0.993776  
2209.000000     	0.993939  
2250.000000     	0.994103  
2251.000000     	0.994267  
2337.000000     	0.994431  
2342.000000     	0.994595  
2437.000000     	0.994758  
2447.000000     	0.994922  
2454.000000     	0.995086  
2456.000000     	0.995250  
2498.000000     	0.995414  
2529.000000     	0.995577  
2586.000000     	0.995741  
2656.000000     	0.995905  
2666.000000     	0.996069  
3009.000000     	0.996233  
3091.000000     	0.996396  
3105.000000     	0.996560  
3181.000000     	0.996888  
3416.000000     	0.997052  
3514.000000     	0.997215  
3528.000000     	0.997379  
3699.000000     	0.997543  
3775.000000     	0.997707  
3953.000000     	0.997871  
4021.000000     	0.998034  
4057.000000     	0.998198  
4121.000000     	0.998362  
4227.000000     	0.998526  
4450.000000     	0.998690  
4503.000000     	0.998853  
4560.000000     	0.999017  
5518.000000     	0.999181  
6446.000000     	0.999345  
6835.000000     	0.999509  
7202.000000     	0.999672  
7216.000000     	0.999836  
9461.000000     	1.000000  
9461.000000     	1.000000  
