6.000000        	0.000164  
7.000000        	0.000491  
8.000000        	0.000655  
9.000000        	0.001310  
11.000000       	0.001638  
12.000000       	0.001802  
13.000000       	0.002129  
14.000000       	0.002293  
16.000000       	0.002457  
17.000000       	0.002621  
18.000000       	0.002785  
19.000000       	0.002948  
21.000000       	0.003440  
22.000000       	0.004095  
23.000000       	0.006061  
24.000000       	0.007207  
25.000000       	0.009173  
26.000000       	0.009828  
27.000000       	0.010483  
28.000000       	0.010975  
29.000000       	0.011302  
30.000000       	0.011794  
32.000000       	0.012285  
33.000000       	0.012613  
37.000000       	0.012940  
41.000000       	0.013104  
42.000000       	0.013268  
46.000000       	0.013432  
47.000000       	0.013595  
51.000000       	0.013759  
52.000000       	0.014251  
53.000000       	0.015070  
54.000000       	0.016871  
55.000000       	0.022768  
56.000000       	0.028501  
57.000000       	0.032105  
58.000000       	0.035053  
59.000000       	0.037674  
60.000000       	0.042424  
61.000000       	0.050123  
62.000000       	0.057494  
63.000000       	0.064210  
64.000000       	0.069451  
65.000000       	0.075348  
66.000000       	0.080098  
67.000000       	0.084029  
68.000000       	0.089435  
69.000000       	0.097133  
70.000000       	0.106634  
71.000000       	0.118591  
72.000000       	0.132187  
73.000000       	0.146765  
74.000000       	0.163964  
75.000000       	0.182801  
76.000000       	0.204914  
77.000000       	0.229320  
78.000000       	0.251106  
79.000000       	0.274693  
80.000000       	0.298444  
81.000000       	0.325471  
82.000000       	0.350041  
83.000000       	0.368878  
84.000000       	0.385749  
85.000000       	0.398690  
86.000000       	0.415233  
87.000000       	0.425553  
88.000000       	0.436855  
89.000000       	0.446847  
90.000000       	0.459296  
91.000000       	0.468960  
92.000000       	0.476658  
93.000000       	0.488452  
94.000000       	0.500573  
95.000000       	0.510893  
96.000000       	0.521212  
97.000000       	0.531040  
98.000000       	0.542506  
99.000000       	0.553317  
100.000000      	0.562817  
101.000000      	0.568878  
102.000000      	0.575758  
103.000000      	0.583292  
104.000000      	0.589517  
105.000000      	0.597215  
106.000000      	0.604750  
107.000000      	0.611630  
108.000000      	0.616544  
109.000000      	0.623587  
110.000000      	0.629812  
111.000000      	0.634726  
112.000000      	0.641278  
113.000000      	0.644881  
114.000000      	0.649631  
115.000000      	0.654873  
116.000000      	0.657494  
117.000000      	0.663227  
118.000000      	0.667813  
119.000000      	0.670762  
120.000000      	0.673546  
121.000000      	0.676495  
122.000000      	0.681081  
123.000000      	0.685176  
124.000000      	0.690581  
125.000000      	0.694513  
126.000000      	0.697297  
127.000000      	0.700737  
128.000000      	0.702867  
129.000000      	0.705815  
130.000000      	0.709255  
131.000000      	0.711712  
132.000000      	0.714169  
133.000000      	0.719083  
134.000000      	0.722031  
135.000000      	0.725962  
136.000000      	0.729238  
137.000000      	0.731859  
138.000000      	0.733989  
139.000000      	0.735463  
140.000000      	0.738084  
141.000000      	0.743161  
142.000000      	0.745782  
143.000000      	0.749713  
144.000000      	0.752826  
145.000000      	0.756265  
146.000000      	0.759869  
147.000000      	0.762817  
148.000000      	0.765274  
149.000000      	0.768550  
150.000000      	0.770516  
151.000000      	0.772318  
152.000000      	0.774120  
153.000000      	0.775758  
154.000000      	0.776740  
155.000000      	0.777559  
156.000000      	0.778706  
157.000000      	0.779689  
158.000000      	0.780180  
159.000000      	0.782473  
160.000000      	0.783620  
161.000000      	0.785094  
162.000000      	0.785586  
163.000000      	0.786568  
164.000000      	0.787715  
165.000000      	0.788534  
166.000000      	0.789681  
167.000000      	0.790500  
168.000000      	0.791482  
169.000000      	0.792465  
170.000000      	0.793776  
171.000000      	0.794267  
172.000000      	0.795741  
173.000000      	0.796233  
174.000000      	0.796724  
175.000000      	0.797379  
176.000000      	0.798034  
177.000000      	0.798853  
178.000000      	0.800000  
179.000000      	0.800983  
180.000000      	0.801638  
181.000000      	0.802457  
182.000000      	0.803276  
183.000000      	0.804095  
184.000000      	0.804586  
185.000000      	0.805405  
186.000000      	0.806224  
187.000000      	0.807207  
188.000000      	0.807371  
189.000000      	0.808518  
190.000000      	0.809500  
191.000000      	0.809828  
192.000000      	0.810647  
193.000000      	0.810811  
194.000000      	0.811302  
195.000000      	0.811794  
196.000000      	0.812121  
197.000000      	0.812449  
198.000000      	0.812776  
199.000000      	0.813268  
200.000000      	0.813595  
201.000000      	0.814251  
202.000000      	0.815070  
203.000000      	0.815725  
205.000000      	0.816380  
206.000000      	0.816544  
207.000000      	0.817199  
208.000000      	0.818509  
209.000000      	0.819001  
210.000000      	0.819492  
211.000000      	0.819820  
213.000000      	0.820147  
214.000000      	0.820475  
215.000000      	0.820803  
216.000000      	0.821458  
217.000000      	0.821949  
218.000000      	0.822932  
219.000000      	0.823423  
220.000000      	0.824079  
221.000000      	0.824734  
222.000000      	0.825553  
223.000000      	0.825717  
224.000000      	0.826044  
225.000000      	0.826372  
226.000000      	0.827027  
227.000000      	0.827191  
228.000000      	0.827518  
229.000000      	0.828010  
230.000000      	0.828174  
231.000000      	0.828337  
233.000000      	0.828829  
234.000000      	0.828993  
235.000000      	0.829156  
236.000000      	0.829484  
237.000000      	0.829975  
238.000000      	0.830303  
239.000000      	0.830631  
240.000000      	0.830958  
241.000000      	0.831122  
242.000000      	0.831450  
243.000000      	0.831613  
244.000000      	0.831941  
246.000000      	0.832105  
247.000000      	0.832760  
248.000000      	0.833415  
250.000000      	0.833743  
251.000000      	0.834398  
252.000000      	0.834562  
253.000000      	0.834889  
254.000000      	0.835217  
255.000000      	0.835381  
256.000000      	0.835545  
257.000000      	0.835872  
258.000000      	0.836036  
259.000000      	0.836364  
260.000000      	0.836691  
261.000000      	0.837183  
262.000000      	0.837674  
264.000000      	0.838329  
265.000000      	0.838493  
266.000000      	0.838657  
267.000000      	0.838984  
268.000000      	0.839148  
269.000000      	0.839476  
270.000000      	0.839640  
271.000000      	0.839803  
272.000000      	0.840295  
273.000000      	0.840950  
274.000000      	0.841441  
275.000000      	0.841769  
276.000000      	0.842097  
277.000000      	0.842260  
278.000000      	0.842588  
279.000000      	0.842916  
280.000000      	0.843407  
282.000000      	0.843571  
283.000000      	0.843735  
285.000000      	0.843898  
287.000000      	0.844062  
288.000000      	0.844390  
289.000000      	0.845209  
290.000000      	0.845536  
291.000000      	0.846192  
292.000000      	0.846683  
293.000000      	0.847011  
294.000000      	0.847502  
295.000000      	0.847666  
296.000000      	0.847830  
298.000000      	0.848157  
299.000000      	0.848321  
300.000000      	0.848649  
302.000000      	0.848976  
303.000000      	0.849140  
304.000000      	0.849468  
306.000000      	0.849631  
307.000000      	0.849959  
308.000000      	0.850287  
309.000000      	0.850614  
310.000000      	0.851597  
311.000000      	0.851761  
313.000000      	0.852252  
315.000000      	0.852744  
316.000000      	0.853071  
317.000000      	0.853399  
319.000000      	0.853563  
320.000000      	0.853726  
321.000000      	0.853890  
324.000000      	0.854054  
325.000000      	0.854382  
326.000000      	0.854709  
327.000000      	0.854873  
328.000000      	0.855037  
329.000000      	0.855201  
331.000000      	0.855528  
332.000000      	0.856020  
333.000000      	0.856183  
336.000000      	0.856347  
338.000000      	0.856675  
340.000000      	0.856839  
343.000000      	0.857002  
346.000000      	0.857494  
347.000000      	0.857658  
348.000000      	0.857985  
349.000000      	0.858149  
350.000000      	0.858804  
351.000000      	0.859296  
352.000000      	0.859459  
353.000000      	0.859623  
354.000000      	0.859787  
356.000000      	0.859951  
358.000000      	0.860278  
359.000000      	0.860442  
362.000000      	0.860934  
364.000000      	0.861097  
366.000000      	0.861425  
367.000000      	0.861589  
368.000000      	0.862080  
369.000000      	0.862244  
372.000000      	0.862408  
373.000000      	0.862735  
374.000000      	0.863063  
375.000000      	0.863391  
376.000000      	0.863554  
377.000000      	0.863718  
380.000000      	0.863882  
382.000000      	0.864046  
383.000000      	0.864373  
385.000000      	0.864537  
389.000000      	0.864701  
390.000000      	0.865029  
392.000000      	0.865356  
394.000000      	0.865520  
395.000000      	0.865684  
400.000000      	0.865848  
401.000000      	0.866011  
402.000000      	0.866175  
403.000000      	0.866339  
406.000000      	0.866503  
410.000000      	0.866667  
411.000000      	0.866830  
415.000000      	0.866994  
417.000000      	0.867158  
419.000000      	0.867322  
423.000000      	0.867486  
424.000000      	0.867813  
425.000000      	0.868141  
427.000000      	0.868305  
428.000000      	0.868468  
429.000000      	0.868632  
434.000000      	0.868796  
439.000000      	0.868960  
441.000000      	0.869287  
444.000000      	0.869615  
449.000000      	0.869779  
453.000000      	0.870106  
454.000000      	0.870270  
455.000000      	0.870434  
459.000000      	0.871089  
460.000000      	0.871253  
461.000000      	0.871417  
462.000000      	0.871581  
464.000000      	0.871744  
467.000000      	0.871908  
470.000000      	0.872072  
472.000000      	0.872236  
473.000000      	0.872400  
479.000000      	0.872563  
480.000000      	0.872727  
482.000000      	0.872891  
485.000000      	0.873055  
487.000000      	0.873219  
491.000000      	0.873382  
494.000000      	0.873546  
498.000000      	0.873710  
502.000000      	0.873874  
504.000000      	0.874038  
505.000000      	0.874201  
507.000000      	0.874365  
518.000000      	0.874529  
520.000000      	0.874693  
522.000000      	0.874857  
529.000000      	0.875020  
531.000000      	0.875184  
536.000000      	0.875348  
540.000000      	0.875512  
543.000000      	0.875676  
544.000000      	0.875839  
546.000000      	0.876003  
552.000000      	0.876167  
553.000000      	0.876331  
558.000000      	0.876495  
559.000000      	0.876658  
562.000000      	0.876822  
571.000000      	0.876986  
573.000000      	0.877150  
581.000000      	0.877314  
582.000000      	0.877477  
586.000000      	0.877641  
587.000000      	0.877969  
592.000000      	0.878133  
593.000000      	0.878296  
594.000000      	0.878460  
596.000000      	0.878624  
600.000000      	0.878788  
603.000000      	0.878952  
604.000000      	0.879115  
605.000000      	0.879279  
615.000000      	0.879443  
618.000000      	0.879607  
627.000000      	0.879771  
631.000000      	0.879934  
636.000000      	0.880098  
638.000000      	0.880262  
653.000000      	0.880426  
675.000000      	0.880590  
676.000000      	0.880753  
688.000000      	0.880917  
691.000000      	0.881081  
692.000000      	0.881245  
696.000000      	0.881409  
704.000000      	0.881572  
721.000000      	0.881736  
722.000000      	0.881900  
728.000000      	0.882064  
736.000000      	0.882228  
749.000000      	0.882555  
760.000000      	0.882719  
772.000000      	0.882883  
775.000000      	0.883210  
785.000000      	0.883538  
805.000000      	0.883702  
817.000000      	0.883866  
818.000000      	0.884029  
824.000000      	0.884193  
826.000000      	0.884357  
841.000000      	0.884521  
872.000000      	0.884685  
873.000000      	0.884848  
875.000000      	0.885012  
879.000000      	0.885176  
916.000000      	0.885340  
918.000000      	0.885504  
926.000000      	0.885667  
936.000000      	0.885831  
939.000000      	0.885995  
947.000000      	0.886159  
959.000000      	0.886323  
974.000000      	0.886486  
980.000000      	0.886814  
1003.000000     	0.886978  
1004.000000     	0.887142  
1008.000000     	0.887305  
1018.000000     	0.887469  
1019.000000     	0.887633  
1023.000000     	0.887797  
1043.000000     	0.887961  
1063.000000     	0.888124  
1080.000000     	0.888288  
1092.000000     	0.888452  
1149.000000     	0.888616  
1155.000000     	0.888780  
1157.000000     	0.888943  
1174.000000     	0.889107  
1201.000000     	0.889271  
1217.000000     	0.889435  
1220.000000     	0.889599  
1264.000000     	0.889762  
1270.000000     	0.889926  
1344.000000     	0.890090  
1406.000000     	0.890254  
1446.000000     	0.890418  
1451.000000     	0.890581  
1460.000000     	0.890745  
1485.000000     	0.890909  
1495.000000     	0.891073  
1496.000000     	0.891237  
1554.000000     	0.891400  
1602.000000     	0.891728  
1621.000000     	0.891892  
1665.000000     	0.892056  
1692.000000     	0.892219  
1712.000000     	0.892383  
1715.000000     	0.892547  
1744.000000     	0.892711  
1838.000000     	0.892875  
1899.000000     	0.893038  
1921.000000     	0.893202  
1939.000000     	0.893366  
1953.000000     	0.893530  
1974.000000     	0.893694  
2000.000000     	0.893857  
2049.000000     	0.894021  
2198.000000     	0.894185  
2210.000000     	0.894349  
2223.000000     	0.894513  
2260.000000     	0.894676  
2283.000000     	0.894840  
2289.000000     	0.895004  
2290.000000     	0.895168  
2292.000000     	0.895332  
2293.000000     	0.895495  
2387.000000     	0.895659  
2534.000000     	0.895823  
2546.000000     	0.895987  
2593.000000     	0.896151  
2606.000000     	0.896314  
2660.000000     	0.896478  
2695.000000     	0.896642  
3020.000000     	0.896806  
3050.000000     	0.896970  
3098.000000     	0.897133  
3239.000000     	0.897297  
3333.000000     	0.897461  
3664.000000     	0.897625  
3880.000000     	0.897789  
4283.000000     	0.897952  
4344.000000     	0.898116  
4392.000000     	0.898280  
4496.000000     	0.898444  
4510.000000     	0.898608  
4548.000000     	0.898771  
4630.000000     	0.898935  
4652.000000     	0.899099  
4667.000000     	0.899263  
5081.000000     	0.899427  
5211.000000     	0.899590  
5262.000000     	0.899754  
5324.000000     	0.899918  
5328.000000     	0.900246  
5345.000000     	0.900410  
5358.000000     	0.900573  
5473.000000     	0.900737  
5497.000000     	0.900901  
5515.000000     	0.901065  
5641.000000     	0.901229  
5664.000000     	0.901392  
5752.000000     	0.901556  
5782.000000     	0.901720  
5815.000000     	0.901884  
5876.000000     	0.902048  
6100.000000     	0.902211  
6148.000000     	0.902375  
6274.000000     	0.902539  
6381.000000     	0.902703  
6527.000000     	0.902867  
6763.000000     	0.903030  
6933.000000     	0.903194  
6982.000000     	0.903358  
7065.000000     	0.903522  
7184.000000     	0.903686  
7243.000000     	0.903849  
7409.000000     	0.904013  
7430.000000     	0.904177  
7679.000000     	0.904341  
7681.000000     	0.904505  
7724.000000     	0.904668  
7753.000000     	0.904832  
7759.000000     	0.904996  
7781.000000     	0.905160  
7833.000000     	0.905324  
7847.000000     	0.905487  
7860.000000     	0.905651  
7876.000000     	0.905815  
8024.000000     	0.905979  
8112.000000     	0.906143  
8222.000000     	0.906306  
8248.000000     	0.906470  
8366.000000     	0.906634  
8377.000000     	0.906798  
8424.000000     	0.906962  
8467.000000     	0.907125  
8469.000000     	0.907289  
8542.000000     	0.907453  
8590.000000     	0.907617  
8703.000000     	0.907781  
8771.000000     	0.907944  
8774.000000     	0.908108  
8892.000000     	0.908272  
9034.000000     	0.908436  
9048.000000     	0.908600  
9054.000000     	0.908763  
9076.000000     	0.908927  
9142.000000     	0.909091  
9209.000000     	0.909255  
9223.000000     	0.909419  
9327.000000     	0.909582  
9342.000000     	0.909746  
9374.000000     	0.909910  
9520.000000     	0.910074  
9531.000000     	0.910238  
9743.000000     	0.910401  
9757.000000     	0.910565  
9843.000000     	0.910729  
9897.000000     	0.910893  
9923.000000     	0.911057  
9942.000000     	0.911220  
10057.000000    	0.911384  
10136.000000    	0.911548  
10211.000000    	0.911712  
10241.000000    	0.911876  
10251.000000    	0.912039  
10414.000000    	0.912203  
10461.000000    	0.912367  
10501.000000    	0.912531  
10740.000000    	0.912695  
10742.000000    	0.912858  
10884.000000    	0.913022  
11174.000000    	0.913186  
11248.000000    	0.913350  
11377.000000    	0.913514  
11409.000000    	0.913677  
11516.000000    	0.913841  
11528.000000    	0.914005  
11587.000000    	0.914169  
11604.000000    	0.914333  
11638.000000    	0.914496  
11652.000000    	0.914660  
11776.000000    	0.914824  
11850.000000    	0.914988  
11854.000000    	0.915152  
12025.000000    	0.915315  
12037.000000    	0.915479  
12047.000000    	0.915643  
12051.000000    	0.915807  
12186.000000    	0.915971  
12216.000000    	0.916134  
12231.000000    	0.916298  
12337.000000    	0.916462  
12378.000000    	0.916626  
12492.000000    	0.916790  
12510.000000    	0.916953  
12551.000000    	0.917117  
12596.000000    	0.917281  
12599.000000    	0.917445  
12648.000000    	0.917609  
12752.000000    	0.917772  
12805.000000    	0.917936  
12940.000000    	0.918100  
12982.000000    	0.918264  
12983.000000    	0.918428  
13022.000000    	0.918591  
13102.000000    	0.918755  
13165.000000    	0.918919  
13283.000000    	0.919083  
13289.000000    	0.919247  
13408.000000    	0.919410  
13466.000000    	0.919574  
13610.000000    	0.919738  
13698.000000    	0.919902  
13739.000000    	0.920066  
13810.000000    	0.920229  
13882.000000    	0.920393  
13911.000000    	0.920557  
13971.000000    	0.920721  
14003.000000    	0.920885  
14055.000000    	0.921048  
14121.000000    	0.921212  
14124.000000    	0.921376  
14181.000000    	0.921540  
14190.000000    	0.921704  
14324.000000    	0.921867  
14372.000000    	0.922031  
14373.000000    	0.922195  
14418.000000    	0.922359  
14542.000000    	0.922523  
14568.000000    	0.922686  
14624.000000    	0.922850  
15072.000000    	0.923014  
15196.000000    	0.923178  
15232.000000    	0.923342  
15390.000000    	0.923505  
15436.000000    	0.923669  
15498.000000    	0.923833  
15545.000000    	0.923997  
15603.000000    	0.924161  
15608.000000    	0.924324  
15844.000000    	0.924488  
15920.000000    	0.924652  
15993.000000    	0.924816  
16093.000000    	0.924980  
16175.000000    	0.925143  
16447.000000    	0.925307  
16478.000000    	0.925471  
16711.000000    	0.925635  
16906.000000    	0.925799  
16972.000000    	0.925962  
17137.000000    	0.926126  
17159.000000    	0.926290  
17201.000000    	0.926454  
17206.000000    	0.926618  
17241.000000    	0.926781  
17313.000000    	0.926945  
17524.000000    	0.927109  
17605.000000    	0.927273  
17755.000000    	0.927437  
17834.000000    	0.927600  
17874.000000    	0.927764  
17945.000000    	0.927928  
17951.000000    	0.928092  
18055.000000    	0.928256  
18126.000000    	0.928419  
18366.000000    	0.928583  
18433.000000    	0.928747  
18485.000000    	0.928911  
18545.000000    	0.929075  
18614.000000    	0.929238  
18658.000000    	0.929402  
18925.000000    	0.929566  
18973.000000    	0.929730  
19060.000000    	0.929894  
19183.000000    	0.930057  
19243.000000    	0.930221  
19311.000000    	0.930385  
19315.000000    	0.930549  
19515.000000    	0.930713  
19564.000000    	0.930876  
19587.000000    	0.931040  
19666.000000    	0.931204  
19970.000000    	0.931368  
19973.000000    	0.931532  
20069.000000    	0.931695  
20220.000000    	0.931859  
20279.000000    	0.932023  
20292.000000    	0.932187  
20469.000000    	0.932351  
20473.000000    	0.932514  
20547.000000    	0.932678  
20555.000000    	0.932842  
20834.000000    	0.933006  
20888.000000    	0.933170  
21089.000000    	0.933333  
21196.000000    	0.933497  
21244.000000    	0.933661  
21274.000000    	0.933825  
21346.000000    	0.933989  
21371.000000    	0.934152  
21389.000000    	0.934316  
21401.000000    	0.934480  
21438.000000    	0.934644  
21466.000000    	0.934808  
21504.000000    	0.934971  
21507.000000    	0.935135  
21619.000000    	0.935299  
21846.000000    	0.935463  
21878.000000    	0.935627  
21906.000000    	0.935790  
21926.000000    	0.935954  
21934.000000    	0.936118  
22115.000000    	0.936282  
22242.000000    	0.936446  
22296.000000    	0.936609  
22413.000000    	0.936773  
22426.000000    	0.936937  
22474.000000    	0.937101  
22549.000000    	0.937265  
22555.000000    	0.937428  
22691.000000    	0.937592  
22880.000000    	0.937756  
22957.000000    	0.937920  
22982.000000    	0.938084  
23103.000000    	0.938247  
23132.000000    	0.938411  
23181.000000    	0.938575  
23257.000000    	0.938739  
23319.000000    	0.938903  
23333.000000    	0.939066  
23348.000000    	0.939230  
23415.000000    	0.939558  
23418.000000    	0.939722  
23441.000000    	0.939885  
23602.000000    	0.940049  
23749.000000    	0.940213  
23824.000000    	0.940377  
23842.000000    	0.940541  
24427.000000    	0.940704  
24449.000000    	0.940868  
24503.000000    	0.941032  
24621.000000    	0.941196  
24734.000000    	0.941360  
24758.000000    	0.941523  
24805.000000    	0.941687  
24808.000000    	0.941851  
24951.000000    	0.942015  
24990.000000    	0.942179  
25096.000000    	0.942342  
25098.000000    	0.942506  
25193.000000    	0.942670  
25240.000000    	0.942834  
25425.000000    	0.942998  
25439.000000    	0.943161  
25654.000000    	0.943325  
25795.000000    	0.943489  
26193.000000    	0.943653  
26306.000000    	0.943817  
26330.000000    	0.944144  
26439.000000    	0.944308  
26592.000000    	0.944472  
26618.000000    	0.944636  
26701.000000    	0.944799  
26757.000000    	0.944963  
26771.000000    	0.945127  
26782.000000    	0.945291  
26846.000000    	0.945455  
26873.000000    	0.945618  
26885.000000    	0.945782  
26903.000000    	0.945946  
26907.000000    	0.946110  
26916.000000    	0.946274  
26950.000000    	0.946437  
26977.000000    	0.946601  
27043.000000    	0.946765  
27228.000000    	0.946929  
27335.000000    	0.947093  
27534.000000    	0.947256  
27568.000000    	0.947420  
27881.000000    	0.947584  
28128.000000    	0.947748  
28180.000000    	0.947912  
28198.000000    	0.948075  
28261.000000    	0.948239  
28283.000000    	0.948403  
28287.000000    	0.948567  
28369.000000    	0.948731  
28386.000000    	0.948894  
28563.000000    	0.949058  
28582.000000    	0.949222  
28680.000000    	0.949386  
28819.000000    	0.949550  
28839.000000    	0.949713  
28845.000000    	0.949877  
28954.000000    	0.950041  
28976.000000    	0.950205  
28977.000000    	0.950369  
28983.000000    	0.950532  
29045.000000    	0.950696  
29141.000000    	0.950860  
29146.000000    	0.951024  
29205.000000    	0.951188  
29420.000000    	0.951351  
29433.000000    	0.951515  
29469.000000    	0.951679  
29539.000000    	0.951843  
29549.000000    	0.952007  
29568.000000    	0.952170  
29576.000000    	0.952334  
29577.000000    	0.952498  
29620.000000    	0.952662  
29625.000000    	0.952826  
29670.000000    	0.952989  
29757.000000    	0.953153  
29778.000000    	0.953317  
29798.000000    	0.953481  
29852.000000    	0.953645  
30153.000000    	0.953808  
30384.000000    	0.953972  
30545.000000    	0.954136  
30549.000000    	0.954300  
30593.000000    	0.954464  
30692.000000    	0.954627  
30735.000000    	0.954791  
30899.000000    	0.954955  
30944.000000    	0.955119  
30958.000000    	0.955283  
30977.000000    	0.955446  
31023.000000    	0.955610  
31061.000000    	0.955774  
31190.000000    	0.955938  
31215.000000    	0.956102  
31411.000000    	0.956265  
31425.000000    	0.956429  
31539.000000    	0.956593  
31547.000000    	0.956757  
31619.000000    	0.956921  
31624.000000    	0.957084  
31722.000000    	0.957248  
31728.000000    	0.957412  
31731.000000    	0.957576  
31794.000000    	0.957740  
31859.000000    	0.957903  
31886.000000    	0.958067  
31925.000000    	0.958231  
31932.000000    	0.958395  
31944.000000    	0.958559  
32133.000000    	0.958722  
32204.000000    	0.958886  
32211.000000    	0.959050  
32228.000000    	0.959214  
32248.000000    	0.959378  
32263.000000    	0.959541  
32340.000000    	0.959705  
32367.000000    	0.959869  
32459.000000    	0.960033  
32576.000000    	0.960197  
32785.000000    	0.960360  
32820.000000    	0.960524  
32844.000000    	0.960688  
32946.000000    	0.960852  
32979.000000    	0.961016  
32998.000000    	0.961179  
33071.000000    	0.961343  
33124.000000    	0.961507  
33197.000000    	0.961671  
33224.000000    	0.961835  
33247.000000    	0.961998  
33297.000000    	0.962162  
33299.000000    	0.962326  
33329.000000    	0.962490  
33376.000000    	0.962654  
33388.000000    	0.962817  
33478.000000    	0.962981  
33501.000000    	0.963145  
33515.000000    	0.963309  
33608.000000    	0.963473  
33612.000000    	0.963636  
33728.000000    	0.963800  
33731.000000    	0.963964  
33788.000000    	0.964128  
33931.000000    	0.964292  
33964.000000    	0.964455  
33990.000000    	0.964619  
34030.000000    	0.964783  
34105.000000    	0.964947  
34193.000000    	0.965111  
34203.000000    	0.965274  
34241.000000    	0.965438  
34279.000000    	0.965602  
34298.000000    	0.965766  
34416.000000    	0.965930  
34531.000000    	0.966093  
34564.000000    	0.966257  
34573.000000    	0.966421  
34777.000000    	0.966585  
34896.000000    	0.966749  
34965.000000    	0.966912  
35106.000000    	0.967076  
35151.000000    	0.967240  
35160.000000    	0.967404  
35265.000000    	0.967568  
35294.000000    	0.967731  
35322.000000    	0.967895  
35466.000000    	0.968059  
35513.000000    	0.968223  
35521.000000    	0.968387  
35571.000000    	0.968550  
35751.000000    	0.968714  
35809.000000    	0.968878  
35857.000000    	0.969042  
35865.000000    	0.969206  
36140.000000    	0.969369  
36164.000000    	0.969533  
36284.000000    	0.969697  
36522.000000    	0.969861  
36645.000000    	0.970025  
36648.000000    	0.970188  
36681.000000    	0.970352  
36744.000000    	0.970516  
36788.000000    	0.970680  
36797.000000    	0.970844  
36875.000000    	0.971007  
36883.000000    	0.971171  
36932.000000    	0.971335  
37001.000000    	0.971499  
37038.000000    	0.971663  
37109.000000    	0.971826  
37242.000000    	0.971990  
37247.000000    	0.972154  
37278.000000    	0.972318  
37294.000000    	0.972482  
37306.000000    	0.972645  
37328.000000    	0.972809  
37339.000000    	0.972973  
37373.000000    	0.973137  
37437.000000    	0.973301  
37453.000000    	0.973464  
37638.000000    	0.973628  
37682.000000    	0.973792  
37693.000000    	0.973956  
37725.000000    	0.974120  
37763.000000    	0.974283  
37839.000000    	0.974447  
37844.000000    	0.974611  
37941.000000    	0.974775  
37951.000000    	0.974939  
37992.000000    	0.975102  
38071.000000    	0.975266  
38226.000000    	0.975430  
38280.000000    	0.975594  
38285.000000    	0.975758  
38333.000000    	0.975921  
38417.000000    	0.976085  
38434.000000    	0.976249  
38473.000000    	0.976413  
38543.000000    	0.976577  
38551.000000    	0.976740  
38600.000000    	0.976904  
38602.000000    	0.977068  
38603.000000    	0.977232  
38609.000000    	0.977396  
38611.000000    	0.977559  
38630.000000    	0.977723  
38791.000000    	0.977887  
38864.000000    	0.978051  
38915.000000    	0.978215  
39022.000000    	0.978378  
39203.000000    	0.978542  
39337.000000    	0.978706  
39373.000000    	0.978870  
39456.000000    	0.979034  
39504.000000    	0.979197  
39523.000000    	0.979361  
39615.000000    	0.979525  
39625.000000    	0.979689  
39634.000000    	0.979853  
39640.000000    	0.980016  
39761.000000    	0.980180  
39832.000000    	0.980344  
39876.000000    	0.980508  
39881.000000    	0.980672  
40074.000000    	0.980835  
40079.000000    	0.980999  
40107.000000    	0.981163  
40159.000000    	0.981327  
40163.000000    	0.981491  
40171.000000    	0.981654  
40194.000000    	0.981818  
40207.000000    	0.981982  
40229.000000    	0.982146  
40280.000000    	0.982310  
40385.000000    	0.982473  
40435.000000    	0.982637  
40503.000000    	0.982801  
40533.000000    	0.982965  
40551.000000    	0.983129  
40575.000000    	0.983292  
40651.000000    	0.983456  
40673.000000    	0.983620  
40772.000000    	0.983784  
40781.000000    	0.983948  
40815.000000    	0.984111  
40984.000000    	0.984275  
41015.000000    	0.984439  
41052.000000    	0.984603  
41094.000000    	0.984767  
41143.000000    	0.984930  
41150.000000    	0.985094  
41310.000000    	0.985422  
41356.000000    	0.985586  
41366.000000    	0.985749  
41450.000000    	0.985913  
41452.000000    	0.986077  
41495.000000    	0.986241  
41561.000000    	0.986405  
41595.000000    	0.986568  
41622.000000    	0.986732  
41646.000000    	0.986896  
41722.000000    	0.987060  
41809.000000    	0.987224  
41857.000000    	0.987387  
42085.000000    	0.987551  
42096.000000    	0.987715  
42098.000000    	0.987879  
42107.000000    	0.988043  
42117.000000    	0.988206  
42311.000000    	0.988370  
42535.000000    	0.988534  
42582.000000    	0.988698  
42597.000000    	0.988862  
42728.000000    	0.989025  
42851.000000    	0.989189  
42870.000000    	0.989353  
43008.000000    	0.989517  
43093.000000    	0.989681  
43212.000000    	0.989844  
43321.000000    	0.990008  
43341.000000    	0.990172  
43399.000000    	0.990336  
43412.000000    	0.990500  
43431.000000    	0.990663  
43446.000000    	0.990827  
43702.000000    	0.990991  
43832.000000    	0.991155  
43834.000000    	0.991319  
43836.000000    	0.991482  
43865.000000    	0.991646  
43927.000000    	0.991810  
43990.000000    	0.991974  
44007.000000    	0.992138  
44062.000000    	0.992301  
44072.000000    	0.992465  
44153.000000    	0.992629  
44182.000000    	0.992793  
44213.000000    	0.992957  
44217.000000    	0.993120  
44227.000000    	0.993284  
44256.000000    	0.993448  
44293.000000    	0.993612  
44343.000000    	0.993776  
44352.000000    	0.993939  
44464.000000    	0.994103  
44508.000000    	0.994267  
44543.000000    	0.994431  
44646.000000    	0.994595  
44673.000000    	0.994758  
44734.000000    	0.994922  
44794.000000    	0.995086  
44997.000000    	0.995250  
45112.000000    	0.995414  
45220.000000    	0.995577  
45238.000000    	0.995741  
45388.000000    	0.995905  
45521.000000    	0.996069  
45555.000000    	0.996233  
45693.000000    	0.996396  
45744.000000    	0.996560  
45822.000000    	0.996724  
45951.000000    	0.996888  
46174.000000    	0.997052  
46241.000000    	0.997215  
46282.000000    	0.997379  
46292.000000    	0.997543  
46348.000000    	0.997707  
46352.000000    	0.997871  
46436.000000    	0.998034  
46496.000000    	0.998198  
46726.000000    	0.998362  
46777.000000    	0.998526  
46835.000000    	0.998690  
46923.000000    	0.998853  
46928.000000    	0.999017  
47010.000000    	0.999345  
47217.000000    	0.999509  
47238.000000    	0.999672  
47290.000000    	0.999836  
47380.000000    	1.000000  
47380.000000    	1.000000  
