7.000000        	0.000819  
8.000000        	0.000983  
9.000000        	0.001474  
10.000000       	0.001802  
11.000000       	0.002129  
12.000000       	0.002293  
13.000000       	0.002457  
14.000000       	0.002948  
16.000000       	0.003112  
22.000000       	0.003276  
23.000000       	0.003931  
24.000000       	0.005405  
25.000000       	0.006224  
26.000000       	0.006552  
27.000000       	0.006716  
28.000000       	0.007043  
29.000000       	0.007371  
30.000000       	0.007862  
31.000000       	0.008518  
32.000000       	0.009664  
33.000000       	0.010319  
34.000000       	0.011466  
35.000000       	0.011957  
36.000000       	0.012613  
37.000000       	0.012776  
38.000000       	0.012940  
43.000000       	0.013268  
44.000000       	0.013759  
47.000000       	0.013923  
57.000000       	0.014087  
66.000000       	0.014578  
74.000000       	0.014742  
82.000000       	0.014906  
83.000000       	0.015397  
84.000000       	0.016544  
85.000000       	0.017690  
86.000000       	0.018837  
87.000000       	0.020639  
88.000000       	0.022441  
89.000000       	0.024734  
90.000000       	0.027027  
91.000000       	0.030467  
92.000000       	0.034070  
93.000000       	0.037674  
94.000000       	0.040459  
95.000000       	0.041933  
96.000000       	0.043407  
97.000000       	0.045045  
98.000000       	0.047993  
99.000000       	0.050123  
100.000000      	0.052907  
101.000000      	0.058149  
102.000000      	0.064865  
103.000000      	0.072727  
104.000000      	0.082391  
105.000000      	0.090090  
106.000000      	0.098280  
107.000000      	0.109255  
108.000000      	0.119083  
109.000000      	0.125962  
110.000000      	0.135627  
111.000000      	0.143325  
112.000000      	0.151843  
113.000000      	0.160688  
114.000000      	0.169861  
115.000000      	0.178215  
116.000000      	0.186896  
117.000000      	0.195577  
118.000000      	0.204423  
119.000000      	0.211630  
120.000000      	0.218182  
121.000000      	0.225225  
122.000000      	0.232105  
123.000000      	0.240786  
124.000000      	0.249140  
125.000000      	0.258313  
126.000000      	0.264373  
127.000000      	0.271908  
128.000000      	0.279771  
129.000000      	0.286650  
130.000000      	0.294185  
131.000000      	0.303849  
132.000000      	0.313022  
133.000000      	0.324488  
134.000000      	0.332842  
135.000000      	0.341687  
136.000000      	0.349550  
137.000000      	0.357740  
138.000000      	0.364455  
139.000000      	0.370352  
140.000000      	0.376085  
141.000000      	0.381327  
142.000000      	0.385258  
143.000000      	0.389025  
144.000000      	0.394431  
145.000000      	0.399345  
146.000000      	0.405897  
147.000000      	0.411794  
148.000000      	0.417199  
149.000000      	0.422113  
150.000000      	0.425389  
151.000000      	0.429975  
152.000000      	0.435053  
153.000000      	0.438821  
154.000000      	0.443407  
155.000000      	0.449795  
156.000000      	0.454545  
157.000000      	0.459787  
158.000000      	0.464865  
159.000000      	0.470270  
160.000000      	0.475348  
161.000000      	0.479443  
162.000000      	0.484685  
163.000000      	0.488943  
164.000000      	0.493694  
165.000000      	0.496642  
166.000000      	0.500410  
167.000000      	0.504177  
168.000000      	0.507617  
169.000000      	0.511384  
170.000000      	0.515315  
171.000000      	0.520557  
172.000000      	0.525143  
173.000000      	0.530713  
174.000000      	0.535627  
175.000000      	0.539722  
176.000000      	0.543817  
177.000000      	0.547912  
178.000000      	0.550696  
179.000000      	0.554627  
180.000000      	0.557903  
181.000000      	0.561835  
182.000000      	0.564128  
183.000000      	0.568059  
184.000000      	0.571499  
185.000000      	0.575758  
186.000000      	0.579689  
187.000000      	0.582801  
188.000000      	0.586405  
189.000000      	0.590500  
190.000000      	0.595741  
191.000000      	0.599509  
192.000000      	0.602621  
193.000000      	0.605242  
194.000000      	0.609009  
195.000000      	0.611138  
196.000000      	0.614251  
197.000000      	0.617690  
198.000000      	0.620311  
199.000000      	0.624079  
200.000000      	0.627027  
201.000000      	0.631450  
202.000000      	0.634234  
203.000000      	0.637183  
204.000000      	0.640295  
205.000000      	0.643407  
206.000000      	0.645373  
207.000000      	0.648321  
208.000000      	0.651925  
209.000000      	0.655364  
210.000000      	0.657166  
211.000000      	0.660606  
212.000000      	0.662408  
213.000000      	0.666339  
214.000000      	0.668632  
215.000000      	0.671417  
216.000000      	0.674038  
217.000000      	0.676495  
218.000000      	0.680590  
219.000000      	0.682555  
220.000000      	0.685995  
221.000000      	0.689926  
222.000000      	0.692219  
223.000000      	0.695332  
224.000000      	0.697297  
225.000000      	0.700573  
226.000000      	0.703030  
227.000000      	0.704996  
228.000000      	0.706470  
229.000000      	0.707781  
230.000000      	0.709582  
231.000000      	0.712203  
232.000000      	0.713841  
233.000000      	0.714496  
234.000000      	0.717445  
235.000000      	0.719247  
236.000000      	0.721048  
237.000000      	0.723178  
238.000000      	0.724980  
239.000000      	0.727600  
240.000000      	0.729730  
241.000000      	0.731204  
242.000000      	0.733825  
243.000000      	0.734971  
244.000000      	0.737265  
245.000000      	0.738739  
246.000000      	0.740377  
247.000000      	0.741687  
248.000000      	0.742506  
249.000000      	0.743653  
250.000000      	0.745455  
251.000000      	0.746437  
252.000000      	0.747912  
253.000000      	0.750532  
254.000000      	0.752007  
255.000000      	0.753481  
256.000000      	0.754955  
257.000000      	0.757084  
258.000000      	0.759050  
259.000000      	0.759705  
260.000000      	0.761343  
261.000000      	0.762162  
262.000000      	0.763800  
263.000000      	0.764947  
264.000000      	0.766093  
265.000000      	0.766749  
266.000000      	0.768059  
267.000000      	0.768387  
268.000000      	0.769533  
269.000000      	0.770844  
270.000000      	0.771499  
271.000000      	0.772482  
272.000000      	0.773137  
273.000000      	0.774611  
274.000000      	0.775594  
275.000000      	0.776740  
276.000000      	0.778051  
277.000000      	0.778870  
278.000000      	0.779525  
279.000000      	0.780999  
280.000000      	0.781982  
281.000000      	0.782965  
282.000000      	0.783456  
283.000000      	0.784111  
284.000000      	0.785094  
285.000000      	0.785422  
286.000000      	0.786077  
287.000000      	0.786896  
288.000000      	0.788534  
289.000000      	0.789681  
290.000000      	0.790500  
291.000000      	0.791482  
292.000000      	0.792301  
293.000000      	0.793776  
294.000000      	0.794758  
295.000000      	0.795250  
296.000000      	0.795905  
297.000000      	0.797052  
298.000000      	0.798362  
299.000000      	0.799509  
300.000000      	0.800983  
301.000000      	0.802129  
302.000000      	0.803276  
303.000000      	0.803931  
304.000000      	0.804750  
305.000000      	0.805897  
306.000000      	0.807043  
307.000000      	0.807535  
308.000000      	0.808518  
309.000000      	0.808845  
310.000000      	0.809828  
311.000000      	0.810975  
312.000000      	0.811957  
313.000000      	0.812940  
314.000000      	0.814087  
315.000000      	0.815233  
316.000000      	0.815561  
317.000000      	0.817035  
318.000000      	0.818018  
319.000000      	0.819820  
320.000000      	0.821130  
321.000000      	0.822113  
322.000000      	0.822932  
323.000000      	0.823915  
324.000000      	0.824734  
325.000000      	0.825061  
326.000000      	0.825553  
327.000000      	0.826372  
328.000000      	0.827355  
329.000000      	0.828337  
330.000000      	0.829648  
331.000000      	0.830303  
332.000000      	0.831122  
333.000000      	0.831450  
334.000000      	0.832105  
335.000000      	0.832432  
336.000000      	0.832924  
337.000000      	0.834234  
338.000000      	0.835217  
339.000000      	0.836200  
340.000000      	0.837510  
341.000000      	0.837838  
342.000000      	0.838329  
343.000000      	0.839640  
344.000000      	0.840131  
345.000000      	0.840622  
346.000000      	0.840786  
347.000000      	0.842097  
348.000000      	0.842916  
349.000000      	0.843735  
350.000000      	0.844062  
351.000000      	0.845209  
352.000000      	0.846847  
353.000000      	0.847830  
354.000000      	0.848485  
355.000000      	0.849468  
356.000000      	0.850287  
357.000000      	0.851433  
358.000000      	0.852252  
359.000000      	0.853071  
360.000000      	0.854873  
361.000000      	0.855364  
362.000000      	0.856511  
363.000000      	0.857002  
364.000000      	0.857494  
365.000000      	0.857985  
366.000000      	0.858968  
367.000000      	0.860442  
368.000000      	0.861261  
369.000000      	0.862572  
370.000000      	0.863227  
371.000000      	0.864537  
372.000000      	0.865029  
373.000000      	0.865684  
374.000000      	0.865848  
375.000000      	0.866994  
376.000000      	0.867977  
377.000000      	0.868796  
378.000000      	0.869124  
379.000000      	0.870106  
380.000000      	0.870434  
381.000000      	0.870925  
382.000000      	0.871417  
383.000000      	0.872072  
384.000000      	0.872563  
385.000000      	0.872891  
386.000000      	0.873874  
387.000000      	0.874857  
388.000000      	0.876003  
389.000000      	0.876495  
391.000000      	0.877477  
392.000000      	0.878133  
393.000000      	0.878788  
394.000000      	0.879115  
395.000000      	0.879771  
396.000000      	0.880098  
398.000000      	0.880917  
399.000000      	0.881572  
400.000000      	0.882064  
401.000000      	0.882228  
402.000000      	0.883047  
403.000000      	0.883702  
404.000000      	0.884193  
405.000000      	0.884685  
406.000000      	0.885340  
407.000000      	0.886323  
408.000000      	0.887142  
409.000000      	0.888124  
410.000000      	0.888616  
411.000000      	0.888780  
412.000000      	0.888943  
413.000000      	0.889271  
414.000000      	0.889599  
415.000000      	0.889762  
416.000000      	0.890418  
417.000000      	0.891237  
418.000000      	0.891728  
419.000000      	0.891892  
420.000000      	0.892383  
421.000000      	0.893038  
422.000000      	0.893366  
423.000000      	0.893694  
424.000000      	0.894349  
425.000000      	0.894513  
426.000000      	0.894840  
427.000000      	0.895495  
428.000000      	0.896314  
429.000000      	0.897297  
430.000000      	0.897625  
431.000000      	0.898608  
432.000000      	0.899099  
433.000000      	0.899263  
434.000000      	0.900082  
435.000000      	0.900573  
436.000000      	0.900901  
437.000000      	0.901229  
438.000000      	0.902211  
439.000000      	0.902539  
440.000000      	0.903030  
441.000000      	0.903358  
442.000000      	0.903522  
443.000000      	0.904177  
444.000000      	0.904505  
445.000000      	0.904996  
446.000000      	0.905160  
447.000000      	0.905815  
448.000000      	0.906306  
449.000000      	0.906634  
451.000000      	0.906962  
452.000000      	0.907781  
453.000000      	0.908272  
454.000000      	0.908436  
455.000000      	0.908927  
456.000000      	0.909091  
457.000000      	0.909255  
458.000000      	0.909746  
459.000000      	0.910074  
460.000000      	0.910893  
461.000000      	0.911220  
462.000000      	0.911548  
463.000000      	0.912039  
464.000000      	0.912531  
465.000000      	0.912858  
466.000000      	0.913186  
467.000000      	0.913677  
470.000000      	0.914169  
471.000000      	0.914333  
472.000000      	0.914824  
473.000000      	0.914988  
474.000000      	0.915315  
475.000000      	0.915643  
476.000000      	0.916298  
477.000000      	0.916462  
478.000000      	0.916953  
479.000000      	0.917445  
480.000000      	0.917609  
482.000000      	0.917936  
484.000000      	0.918100  
486.000000      	0.918591  
487.000000      	0.919083  
488.000000      	0.919247  
489.000000      	0.920066  
490.000000      	0.920229  
491.000000      	0.920393  
492.000000      	0.920557  
493.000000      	0.920721  
494.000000      	0.920885  
496.000000      	0.921048  
498.000000      	0.921376  
501.000000      	0.921867  
503.000000      	0.922031  
504.000000      	0.922195  
505.000000      	0.922359  
506.000000      	0.922686  
510.000000      	0.923342  
511.000000      	0.923669  
512.000000      	0.923833  
515.000000      	0.924324  
516.000000      	0.924488  
517.000000      	0.924652  
519.000000      	0.924816  
520.000000      	0.924980  
521.000000      	0.925143  
522.000000      	0.925307  
525.000000      	0.925471  
526.000000      	0.925635  
527.000000      	0.925799  
528.000000      	0.925962  
529.000000      	0.926126  
530.000000      	0.926290  
531.000000      	0.926454  
533.000000      	0.926781  
536.000000      	0.927109  
539.000000      	0.927437  
541.000000      	0.927600  
543.000000      	0.927764  
544.000000      	0.927928  
545.000000      	0.928092  
546.000000      	0.928256  
547.000000      	0.928583  
548.000000      	0.928911  
549.000000      	0.929075  
551.000000      	0.929402  
552.000000      	0.929566  
553.000000      	0.929894  
555.000000      	0.930057  
557.000000      	0.930221  
558.000000      	0.930385  
559.000000      	0.930549  
561.000000      	0.930876  
564.000000      	0.931040  
565.000000      	0.931204  
567.000000      	0.931532  
569.000000      	0.931695  
571.000000      	0.931859  
572.000000      	0.932023  
573.000000      	0.932351  
575.000000      	0.932514  
576.000000      	0.932678  
577.000000      	0.932842  
578.000000      	0.933006  
579.000000      	0.933497  
581.000000      	0.933661  
584.000000      	0.933825  
585.000000      	0.934152  
588.000000      	0.934316  
590.000000      	0.934644  
592.000000      	0.934808  
594.000000      	0.934971  
597.000000      	0.935135  
598.000000      	0.935463  
603.000000      	0.935790  
604.000000      	0.935954  
609.000000      	0.936282  
611.000000      	0.936446  
613.000000      	0.936609  
615.000000      	0.936773  
616.000000      	0.936937  
617.000000      	0.937101  
618.000000      	0.937265  
619.000000      	0.937428  
622.000000      	0.937592  
623.000000      	0.937756  
627.000000      	0.937920  
628.000000      	0.938084  
629.000000      	0.938247  
630.000000      	0.938411  
632.000000      	0.938575  
638.000000      	0.938739  
640.000000      	0.939066  
646.000000      	0.939230  
647.000000      	0.939394  
649.000000      	0.939722  
651.000000      	0.939885  
654.000000      	0.940213  
658.000000      	0.940377  
663.000000      	0.940541  
664.000000      	0.940704  
666.000000      	0.940868  
669.000000      	0.941032  
671.000000      	0.941196  
674.000000      	0.941360  
675.000000      	0.941687  
679.000000      	0.941851  
684.000000      	0.942015  
686.000000      	0.942179  
687.000000      	0.942342  
689.000000      	0.942506  
690.000000      	0.942834  
693.000000      	0.942998  
694.000000      	0.943161  
695.000000      	0.943325  
697.000000      	0.943489  
703.000000      	0.943653  
706.000000      	0.943817  
708.000000      	0.943980  
710.000000      	0.944308  
713.000000      	0.944472  
719.000000      	0.944636  
720.000000      	0.944799  
721.000000      	0.945127  
722.000000      	0.945455  
723.000000      	0.945782  
724.000000      	0.945946  
728.000000      	0.946110  
732.000000      	0.946274  
733.000000      	0.946437  
736.000000      	0.946601  
739.000000      	0.946765  
740.000000      	0.946929  
741.000000      	0.947093  
742.000000      	0.947256  
743.000000      	0.947420  
746.000000      	0.947584  
747.000000      	0.947912  
751.000000      	0.948075  
753.000000      	0.948239  
764.000000      	0.948403  
772.000000      	0.948567  
774.000000      	0.948731  
778.000000      	0.948894  
780.000000      	0.949222  
786.000000      	0.949386  
791.000000      	0.949550  
796.000000      	0.949713  
803.000000      	0.949877  
812.000000      	0.950041  
815.000000      	0.950205  
818.000000      	0.950369  
821.000000      	0.950532  
822.000000      	0.950696  
823.000000      	0.950860  
824.000000      	0.951024  
828.000000      	0.951188  
829.000000      	0.951351  
842.000000      	0.951515  
844.000000      	0.951843  
845.000000      	0.952007  
847.000000      	0.952170  
848.000000      	0.952334  
852.000000      	0.952662  
853.000000      	0.952826  
854.000000      	0.952989  
855.000000      	0.953153  
856.000000      	0.953317  
858.000000      	0.953481  
867.000000      	0.953645  
869.000000      	0.953808  
878.000000      	0.954136  
883.000000      	0.954300  
886.000000      	0.954464  
889.000000      	0.954627  
891.000000      	0.954791  
892.000000      	0.954955  
894.000000      	0.955119  
900.000000      	0.955283  
908.000000      	0.955610  
916.000000      	0.955774  
922.000000      	0.955938  
931.000000      	0.956102  
955.000000      	0.956429  
957.000000      	0.956593  
963.000000      	0.956757  
965.000000      	0.956921  
981.000000      	0.957084  
983.000000      	0.957248  
986.000000      	0.957412  
996.000000      	0.957576  
1006.000000     	0.957740  
1009.000000     	0.957903  
1010.000000     	0.958067  
1011.000000     	0.958231  
1015.000000     	0.958395  
1018.000000     	0.958559  
1021.000000     	0.958722  
1024.000000     	0.958886  
1033.000000     	0.959214  
1035.000000     	0.959378  
1051.000000     	0.959541  
1055.000000     	0.959705  
1061.000000     	0.960033  
1064.000000     	0.960360  
1065.000000     	0.960524  
1072.000000     	0.960688  
1073.000000     	0.960852  
1081.000000     	0.961016  
1090.000000     	0.961179  
1095.000000     	0.961343  
1097.000000     	0.961507  
1104.000000     	0.961671  
1126.000000     	0.961835  
1132.000000     	0.961998  
1134.000000     	0.962326  
1142.000000     	0.962654  
1145.000000     	0.962817  
1168.000000     	0.962981  
1175.000000     	0.963145  
1195.000000     	0.963309  
1203.000000     	0.963473  
1205.000000     	0.963636  
1208.000000     	0.963800  
1219.000000     	0.963964  
1224.000000     	0.964292  
1242.000000     	0.964619  
1243.000000     	0.964783  
1254.000000     	0.964947  
1279.000000     	0.965111  
1294.000000     	0.965274  
1298.000000     	0.965438  
1316.000000     	0.965602  
1323.000000     	0.965766  
1327.000000     	0.965930  
1329.000000     	0.966093  
1339.000000     	0.966257  
1369.000000     	0.966421  
1373.000000     	0.966585  
1379.000000     	0.966749  
1387.000000     	0.966912  
1406.000000     	0.967076  
1424.000000     	0.967240  
1438.000000     	0.967404  
1441.000000     	0.967568  
1447.000000     	0.967731  
1477.000000     	0.967895  
1479.000000     	0.968059  
1489.000000     	0.968223  
1495.000000     	0.968550  
1506.000000     	0.968714  
1530.000000     	0.968878  
1531.000000     	0.969042  
1533.000000     	0.969206  
1537.000000     	0.969369  
1543.000000     	0.969533  
1545.000000     	0.969697  
1563.000000     	0.969861  
1607.000000     	0.970025  
1616.000000     	0.970188  
1628.000000     	0.970516  
1630.000000     	0.970680  
1642.000000     	0.970844  
1657.000000     	0.971007  
1658.000000     	0.971171  
1676.000000     	0.971335  
1706.000000     	0.971499  
1717.000000     	0.971663  
1719.000000     	0.971826  
1720.000000     	0.971990  
1757.000000     	0.972154  
1775.000000     	0.972318  
1777.000000     	0.972482  
1793.000000     	0.972645  
1797.000000     	0.972809  
1802.000000     	0.972973  
1820.000000     	0.973137  
1826.000000     	0.973301  
1833.000000     	0.973464  
1840.000000     	0.973628  
1842.000000     	0.973792  
1886.000000     	0.973956  
1912.000000     	0.974120  
1914.000000     	0.974283  
1929.000000     	0.974447  
1940.000000     	0.974611  
1945.000000     	0.974775  
1946.000000     	0.974939  
1965.000000     	0.975102  
1998.000000     	0.975266  
2004.000000     	0.975430  
2024.000000     	0.975594  
2044.000000     	0.975758  
2047.000000     	0.975921  
2065.000000     	0.976085  
2066.000000     	0.976249  
2092.000000     	0.976413  
2099.000000     	0.976577  
2103.000000     	0.976740  
2190.000000     	0.976904  
2218.000000     	0.977068  
2251.000000     	0.977232  
2274.000000     	0.977396  
2287.000000     	0.977559  
2310.000000     	0.977723  
2312.000000     	0.977887  
2352.000000     	0.978051  
2388.000000     	0.978215  
2393.000000     	0.978378  
2456.000000     	0.978542  
2465.000000     	0.978706  
2466.000000     	0.978870  
2475.000000     	0.979034  
2517.000000     	0.979197  
2565.000000     	0.979361  
2566.000000     	0.979525  
2609.000000     	0.979689  
2612.000000     	0.979853  
2615.000000     	0.980016  
2632.000000     	0.980180  
2644.000000     	0.980344  
2654.000000     	0.980508  
2664.000000     	0.980672  
2718.000000     	0.980835  
2729.000000     	0.980999  
2742.000000     	0.981163  
2746.000000     	0.981327  
2747.000000     	0.981491  
2786.000000     	0.981654  
2791.000000     	0.981818  
2813.000000     	0.981982  
2824.000000     	0.982146  
2838.000000     	0.982310  
2893.000000     	0.982473  
3089.000000     	0.982637  
3125.000000     	0.982801  
3164.000000     	0.982965  
3177.000000     	0.983129  
3200.000000     	0.983292  
3243.000000     	0.983456  
3244.000000     	0.983620  
3248.000000     	0.983784  
3284.000000     	0.983948  
3302.000000     	0.984111  
3309.000000     	0.984275  
3315.000000     	0.984439  
3322.000000     	0.984603  
3335.000000     	0.984767  
3343.000000     	0.984930  
3398.000000     	0.985094  
3401.000000     	0.985258  
3404.000000     	0.985422  
3411.000000     	0.985586  
3431.000000     	0.985749  
3442.000000     	0.985913  
3459.000000     	0.986077  
3467.000000     	0.986241  
3472.000000     	0.986405  
3477.000000     	0.986568  
3481.000000     	0.986732  
3501.000000     	0.986896  
3502.000000     	0.987060  
3524.000000     	0.987387  
3534.000000     	0.987551  
3540.000000     	0.987715  
3556.000000     	0.987879  
3568.000000     	0.988043  
3576.000000     	0.988206  
3596.000000     	0.988370  
3605.000000     	0.988534  
3606.000000     	0.988698  
3640.000000     	0.988862  
3643.000000     	0.989025  
3710.000000     	0.989189  
3714.000000     	0.989353  
3746.000000     	0.989517  
3749.000000     	0.989681  
3752.000000     	0.989844  
3802.000000     	0.990008  
3846.000000     	0.990172  
3856.000000     	0.990336  
3866.000000     	0.990500  
3894.000000     	0.990663  
3900.000000     	0.990827  
4021.000000     	0.990991  
4062.000000     	0.991155  
4114.000000     	0.991319  
4130.000000     	0.991482  
4283.000000     	0.991646  
4395.000000     	0.991810  
4494.000000     	0.991974  
4582.000000     	0.992301  
4585.000000     	0.992465  
4612.000000     	0.992629  
4634.000000     	0.992793  
4707.000000     	0.992957  
4731.000000     	0.993120  
4762.000000     	0.993284  
4859.000000     	0.993448  
5008.000000     	0.993612  
5537.000000     	0.993776  
5542.000000     	0.993939  
5671.000000     	0.994103  
6016.000000     	0.994267  
6176.000000     	0.994431  
6212.000000     	0.994595  
6477.000000     	0.994758  
6777.000000     	0.994922  
6829.000000     	0.995086  
6953.000000     	0.995250  
6960.000000     	0.995414  
7051.000000     	0.995577  
7108.000000     	0.995741  
7835.000000     	0.995905  
8041.000000     	0.996069  
8044.000000     	0.996233  
8187.000000     	0.996396  
8260.000000     	0.996560  
8730.000000     	0.996724  
9108.000000     	0.996888  
9175.000000     	0.997052  
9316.000000     	0.997215  
9616.000000     	0.997379  
9886.000000     	0.997543  
10907.000000    	0.997707  
10925.000000    	0.997871  
11060.000000    	0.998034  
13039.000000    	0.998198  
15706.000000    	0.998362  
15972.000000    	0.998526  
16009.000000    	0.998690  
18648.000000    	0.998853  
18700.000000    	0.999017  
20456.000000    	0.999181  
23868.000000    	0.999345  
24031.000000    	0.999509  
24572.000000    	0.999672  
24586.000000    	0.999836  
30817.000000    	1.000000  
30817.000000    	1.000000  
