6.000000        	0.000172  
7.000000        	0.000861  
8.000000        	0.002067  
9.000000        	0.002412  
10.000000       	0.002584  
11.000000       	0.002756  
12.000000       	0.002929  
16.000000       	0.003101  
18.000000       	0.003273  
20.000000       	0.003445  
21.000000       	0.003962  
22.000000       	0.005340  
23.000000       	0.006891  
24.000000       	0.008786  
25.000000       	0.009819  
26.000000       	0.010508  
27.000000       	0.010680  
28.000000       	0.011025  
30.000000       	0.011714  
31.000000       	0.012231  
32.000000       	0.012403  
33.000000       	0.012575  
34.000000       	0.012748  
37.000000       	0.013092  
38.000000       	0.013264  
55.000000       	0.013437  
57.000000       	0.014126  
58.000000       	0.014470  
59.000000       	0.016021  
60.000000       	0.018088  
61.000000       	0.019294  
62.000000       	0.022394  
63.000000       	0.025323  
64.000000       	0.028941  
65.000000       	0.032386  
66.000000       	0.040827  
67.000000       	0.057709  
68.000000       	0.078036  
69.000000       	0.095263  
70.000000       	0.108527  
71.000000       	0.119380  
72.000000       	0.129371  
73.000000       	0.138157  
74.000000       	0.148493  
75.000000       	0.160034  
76.000000       	0.168648  
77.000000       	0.175538  
78.000000       	0.187769  
79.000000       	0.206374  
80.000000       	0.237382  
81.000000       	0.284410  
82.000000       	0.342119  
83.000000       	0.387941  
84.000000       	0.427735  
85.000000       	0.467700  
86.000000       	0.508527  
87.000000       	0.545736  
88.000000       	0.578467  
89.000000       	0.606202  
90.000000       	0.635314  
91.000000       	0.663394  
92.000000       	0.686305  
93.000000       	0.704220  
94.000000       	0.720758  
95.000000       	0.738674  
96.000000       	0.758829  
97.000000       	0.773988  
98.000000       	0.785874  
99.000000       	0.793971  
100.000000      	0.804651  
101.000000      	0.812920  
102.000000      	0.821189  
103.000000      	0.829457  
104.000000      	0.838071  
105.000000      	0.844617  
106.000000      	0.851335  
107.000000      	0.855642  
108.000000      	0.859087  
109.000000      	0.862360  
110.000000      	0.864599  
111.000000      	0.867528  
112.000000      	0.870457  
113.000000      	0.873557  
114.000000      	0.875452  
115.000000      	0.877692  
116.000000      	0.879070  
117.000000      	0.880103  
118.000000      	0.880620  
119.000000      	0.881137  
120.000000      	0.882171  
121.000000      	0.883032  
122.000000      	0.883549  
123.000000      	0.884755  
124.000000      	0.884927  
125.000000      	0.885444  
126.000000      	0.886477  
127.000000      	0.887166  
128.000000      	0.888372  
129.000000      	0.888889  
130.000000      	0.889406  
131.000000      	0.889750  
132.000000      	0.890956  
133.000000      	0.891645  
134.000000      	0.892851  
135.000000      	0.893023  
136.000000      	0.893885  
137.000000      	0.894574  
138.000000      	0.894918  
139.000000      	0.895780  
140.000000      	0.896641  
141.000000      	0.897330  
142.000000      	0.897674  
143.000000      	0.898536  
144.000000      	0.898880  
145.000000      	0.899397  
146.000000      	0.900603  
147.000000      	0.900947  
148.000000      	0.901292  
149.000000      	0.901637  
150.000000      	0.902326  
151.000000      	0.902670  
152.000000      	0.903531  
153.000000      	0.904048  
154.000000      	0.904737  
157.000000      	0.905599  
159.000000      	0.905943  
160.000000      	0.906115  
161.000000      	0.906804  
163.000000      	0.907149  
164.000000      	0.907666  
165.000000      	0.907838  
166.000000      	0.908527  
167.000000      	0.908872  
170.000000      	0.909044  
171.000000      	0.909216  
172.000000      	0.909388  
173.000000      	0.909733  
174.000000      	0.909905  
175.000000      	0.910594  
176.000000      	0.911283  
177.000000      	0.911456  
178.000000      	0.911972  
180.000000      	0.912317  
181.000000      	0.912489  
182.000000      	0.913006  
184.000000      	0.913178  
185.000000      	0.913351  
186.000000      	0.913867  
187.000000      	0.914556  
189.000000      	0.914729  
191.000000      	0.914901  
192.000000      	0.915245  
193.000000      	0.915590  
194.000000      	0.915762  
196.000000      	0.915935  
197.000000      	0.916451  
198.000000      	0.916796  
200.000000      	0.916968  
201.000000      	0.917140  
202.000000      	0.917657  
203.000000      	0.917829  
204.000000      	0.918002  
205.000000      	0.918174  
206.000000      	0.918519  
207.000000      	0.918691  
208.000000      	0.919035  
209.000000      	0.919724  
210.000000      	0.919897  
211.000000      	0.920930  
212.000000      	0.921275  
214.000000      	0.921619  
215.000000      	0.921964  
216.000000      	0.922481  
217.000000      	0.922653  
218.000000      	0.922825  
219.000000      	0.922997  
220.000000      	0.923170  
221.000000      	0.923514  
222.000000      	0.923859  
224.000000      	0.924031  
225.000000      	0.924376  
226.000000      	0.924548  
227.000000      	0.924720  
229.000000      	0.925065  
232.000000      	0.925237  
233.000000      	0.925409  
235.000000      	0.925581  
239.000000      	0.925754  
242.000000      	0.925926  
243.000000      	0.926098  
246.000000      	0.926270  
247.000000      	0.926615  
248.000000      	0.926787  
250.000000      	0.927132  
251.000000      	0.927476  
252.000000      	0.927821  
253.000000      	0.928165  
254.000000      	0.928338  
256.000000      	0.928682  
257.000000      	0.929199  
259.000000      	0.929371  
260.000000      	0.930060  
261.000000      	0.930577  
263.000000      	0.930749  
265.000000      	0.931094  
266.000000      	0.931266  
267.000000      	0.931611  
269.000000      	0.932127  
270.000000      	0.932817  
271.000000      	0.933161  
272.000000      	0.933333  
273.000000      	0.933850  
274.000000      	0.934195  
276.000000      	0.934367  
277.000000      	0.934884  
278.000000      	0.935228  
279.000000      	0.935401  
280.000000      	0.935745  
281.000000      	0.935917  
282.000000      	0.936090  
283.000000      	0.936434  
285.000000      	0.936606  
286.000000      	0.937123  
287.000000      	0.937812  
288.000000      	0.937984  
291.000000      	0.938329  
292.000000      	0.938674  
297.000000      	0.938846  
300.000000      	0.939190  
303.000000      	0.939879  
305.000000      	0.940741  
306.000000      	0.941085  
308.000000      	0.941430  
310.000000      	0.941602  
311.000000      	0.941947  
313.000000      	0.942119  
315.000000      	0.942463  
316.000000      	0.942636  
317.000000      	0.942980  
319.000000      	0.943152  
322.000000      	0.943497  
324.000000      	0.943669  
326.000000      	0.943842  
328.000000      	0.944014  
329.000000      	0.944186  
332.000000      	0.944358  
333.000000      	0.944531  
334.000000      	0.944703  
335.000000      	0.945047  
339.000000      	0.945220  
341.000000      	0.945392  
344.000000      	0.945736  
345.000000      	0.945909  
346.000000      	0.946081  
347.000000      	0.946253  
348.000000      	0.946425  
349.000000      	0.946598  
351.000000      	0.946770  
352.000000      	0.946942  
353.000000      	0.947287  
354.000000      	0.947631  
355.000000      	0.947976  
356.000000      	0.948320  
358.000000      	0.948493  
360.000000      	0.948665  
361.000000      	0.948837  
362.000000      	0.949009  
363.000000      	0.949182  
365.000000      	0.949526  
367.000000      	0.949699  
368.000000      	0.949871  
369.000000      	0.950043  
370.000000      	0.950732  
371.000000      	0.950904  
373.000000      	0.951077  
375.000000      	0.951249  
377.000000      	0.951421  
380.000000      	0.951938  
382.000000      	0.952110  
384.000000      	0.952455  
387.000000      	0.952972  
389.000000      	0.953144  
390.000000      	0.953316  
391.000000      	0.953488  
392.000000      	0.953661  
393.000000      	0.953833  
394.000000      	0.954005  
395.000000      	0.954177  
396.000000      	0.954350  
397.000000      	0.954694  
398.000000      	0.954866  
399.000000      	0.955039  
402.000000      	0.955211  
406.000000      	0.955556  
407.000000      	0.955900  
410.000000      	0.956417  
411.000000      	0.956589  
412.000000      	0.956761  
414.000000      	0.956934  
416.000000      	0.957106  
418.000000      	0.957278  
420.000000      	0.957450  
422.000000      	0.957623  
425.000000      	0.957795  
426.000000      	0.957967  
427.000000      	0.958140  
429.000000      	0.958312  
433.000000      	0.958484  
434.000000      	0.958656  
435.000000      	0.959001  
438.000000      	0.959173  
439.000000      	0.959345  
440.000000      	0.959518  
442.000000      	0.959862  
446.000000      	0.960034  
447.000000      	0.960207  
448.000000      	0.960551  
449.000000      	0.960724  
450.000000      	0.960896  
452.000000      	0.961068  
453.000000      	0.961240  
457.000000      	0.961585  
459.000000      	0.961757  
462.000000      	0.962102  
465.000000      	0.962791  
472.000000      	0.962963  
473.000000      	0.963135  
476.000000      	0.963307  
477.000000      	0.963480  
478.000000      	0.963824  
479.000000      	0.964169  
480.000000      	0.964341  
483.000000      	0.964513  
484.000000      	0.964686  
491.000000      	0.965030  
492.000000      	0.965202  
505.000000      	0.965375  
512.000000      	0.965719  
513.000000      	0.965891  
515.000000      	0.966064  
516.000000      	0.966753  
522.000000      	0.967097  
528.000000      	0.967270  
530.000000      	0.967442  
539.000000      	0.967614  
542.000000      	0.967786  
548.000000      	0.967959  
549.000000      	0.968131  
558.000000      	0.968303  
560.000000      	0.968475  
565.000000      	0.968648  
581.000000      	0.968820  
584.000000      	0.968992  
593.000000      	0.969165  
596.000000      	0.969337  
605.000000      	0.969509  
611.000000      	0.969681  
619.000000      	0.969854  
621.000000      	0.970026  
631.000000      	0.970198  
639.000000      	0.970370  
642.000000      	0.970543  
646.000000      	0.970715  
652.000000      	0.970887  
661.000000      	0.971059  
668.000000      	0.971232  
674.000000      	0.971576  
675.000000      	0.971748  
676.000000      	0.971921  
677.000000      	0.972093  
685.000000      	0.972265  
689.000000      	0.972438  
707.000000      	0.972610  
714.000000      	0.972782  
717.000000      	0.972954  
721.000000      	0.973299  
731.000000      	0.973471  
778.000000      	0.973643  
782.000000      	0.973816  
787.000000      	0.973988  
832.000000      	0.974160  
839.000000      	0.974332  
844.000000      	0.974505  
846.000000      	0.974677  
851.000000      	0.974849  
860.000000      	0.975022  
864.000000      	0.975194  
870.000000      	0.975366  
874.000000      	0.975538  
946.000000      	0.975711  
982.000000      	0.975883  
1011.000000     	0.976055  
1018.000000     	0.976227  
1027.000000     	0.976400  
1051.000000     	0.976572  
1079.000000     	0.976744  
1082.000000     	0.976916  
1086.000000     	0.977089  
1099.000000     	0.977261  
1103.000000     	0.977433  
1107.000000     	0.977606  
1178.000000     	0.977778  
1185.000000     	0.977950  
1186.000000     	0.978122  
1195.000000     	0.978295  
1207.000000     	0.978467  
1222.000000     	0.978639  
1256.000000     	0.978811  
1259.000000     	0.978984  
1398.000000     	0.979156  
1407.000000     	0.979328  
1509.000000     	0.979500  
1577.000000     	0.979673  
1580.000000     	0.979845  
1759.000000     	0.980017  
1782.000000     	0.980189  
1935.000000     	0.980362  
1963.000000     	0.980534  
1975.000000     	0.980706  
2030.000000     	0.980879  
2085.000000     	0.981051  
2132.000000     	0.981223  
2154.000000     	0.981395  
2191.000000     	0.981568  
2208.000000     	0.981740  
2448.000000     	0.981912  
2462.000000     	0.982084  
2479.000000     	0.982257  
2488.000000     	0.982429  
2665.000000     	0.982601  
2735.000000     	0.982773  
2758.000000     	0.982946  
2772.000000     	0.983118  
2788.000000     	0.983290  
2892.000000     	0.983463  
2925.000000     	0.983635  
2984.000000     	0.983807  
3069.000000     	0.983979  
3073.000000     	0.984152  
3134.000000     	0.984496  
3244.000000     	0.984668  
3249.000000     	0.984841  
3329.000000     	0.985013  
3457.000000     	0.985185  
3777.000000     	0.985357  
4013.000000     	0.985530  
4174.000000     	0.985702  
4200.000000     	0.985874  
4291.000000     	0.986219  
4559.000000     	0.986391  
4659.000000     	0.986563  
4907.000000     	0.986736  
4912.000000     	0.986908  
4917.000000     	0.987080  
5036.000000     	0.987252  
5064.000000     	0.987425  
5113.000000     	0.987597  
5151.000000     	0.987769  
5200.000000     	0.987941  
5446.000000     	0.988114  
5472.000000     	0.988286  
5863.000000     	0.988458  
5991.000000     	0.988630  
5993.000000     	0.988803  
6089.000000     	0.988975  
6133.000000     	0.989147  
6184.000000     	0.989320  
6303.000000     	0.989492  
6474.000000     	0.989664  
6703.000000     	0.989836  
6979.000000     	0.990009  
6993.000000     	0.990181  
7100.000000     	0.990353  
7129.000000     	0.990525  
7164.000000     	0.990698  
7252.000000     	0.990870  
7308.000000     	0.991042  
7431.000000     	0.991214  
7765.000000     	0.991387  
7869.000000     	0.991559  
8373.000000     	0.991731  
8426.000000     	0.991904  
8427.000000     	0.992076  
8459.000000     	0.992248  
9011.000000     	0.992420  
9048.000000     	0.992593  
9225.000000     	0.992765  
9253.000000     	0.992937  
9673.000000     	0.993109  
9780.000000     	0.993282  
9912.000000     	0.993454  
10313.000000    	0.993626  
10354.000000    	0.993798  
10393.000000    	0.993971  
10963.000000    	0.994143  
12064.000000    	0.994315  
12261.000000    	0.994488  
12282.000000    	0.994660  
13046.000000    	0.994832  
13407.000000    	0.995004  
13486.000000    	0.995177  
14624.000000    	0.995349  
14810.000000    	0.995521  
15515.000000    	0.995693  
18331.000000    	0.995866  
19551.000000    	0.996038  
22128.000000    	0.996210  
22689.000000    	0.996382  
23155.000000    	0.996555  
24311.000000    	0.996727  
24835.000000    	0.996899  
24966.000000    	0.997071  
25026.000000    	0.997244  
27056.000000    	0.997416  
27532.000000    	0.997588  
28244.000000    	0.997761  
30712.000000    	0.997933  
31852.000000    	0.998105  
32023.000000    	0.998277  
32093.000000    	0.998450  
32878.000000    	0.998622  
34446.000000    	0.998794  
35222.000000    	0.998966  
37258.000000    	0.999139  
38616.000000    	0.999311  
41642.000000    	0.999483  
43888.000000    	0.999655  
45423.000000    	0.999828  
46723.000000    	1.000000  
46723.000000    	1.000000  
