5.000000        	0.000172  
7.000000        	0.000517  
8.000000        	0.000861  
9.000000        	0.001206  
10.000000       	0.001550  
11.000000       	0.001723  
14.000000       	0.001895  
15.000000       	0.002412  
19.000000       	0.002756  
20.000000       	0.003101  
21.000000       	0.004307  
22.000000       	0.005685  
23.000000       	0.007235  
24.000000       	0.008958  
25.000000       	0.010336  
26.000000       	0.011025  
27.000000       	0.011197  
29.000000       	0.011370  
30.000000       	0.011714  
31.000000       	0.012059  
32.000000       	0.012575  
33.000000       	0.012920  
34.000000       	0.013092  
36.000000       	0.013264  
46.000000       	0.013437  
55.000000       	0.013609  
60.000000       	0.013781  
61.000000       	0.013953  
62.000000       	0.015332  
63.000000       	0.018777  
64.000000       	0.022739  
65.000000       	0.027390  
66.000000       	0.034109  
67.000000       	0.047201  
68.000000       	0.062877  
69.000000       	0.079931  
70.000000       	0.089406  
71.000000       	0.097847  
72.000000       	0.106115  
73.000000       	0.112145  
74.000000       	0.117485  
75.000000       	0.124203  
76.000000       	0.127649  
77.000000       	0.135917  
78.000000       	0.147976  
79.000000       	0.174677  
80.000000       	0.215848  
81.000000       	0.277519  
82.000000       	0.346598  
83.000000       	0.412748  
84.000000       	0.466667  
85.000000       	0.509216  
86.000000       	0.543497  
87.000000       	0.573988  
88.000000       	0.600861  
89.000000       	0.626873  
90.000000       	0.649440  
91.000000       	0.673385  
92.000000       	0.705771  
93.000000       	0.731611  
94.000000       	0.753144  
95.000000       	0.772954  
96.000000       	0.793971  
97.000000       	0.812231  
98.000000       	0.825840  
99.000000       	0.836865  
100.000000      	0.848234  
101.000000      	0.857537  
102.000000      	0.863566  
103.000000      	0.870112  
104.000000      	0.876658  
105.000000      	0.880792  
106.000000      	0.886649  
107.000000      	0.889061  
108.000000      	0.891817  
109.000000      	0.893540  
110.000000      	0.896469  
111.000000      	0.897847  
112.000000      	0.899569  
113.000000      	0.900947  
114.000000      	0.902153  
115.000000      	0.903531  
116.000000      	0.904220  
117.000000      	0.904910  
118.000000      	0.905599  
119.000000      	0.905943  
120.000000      	0.906977  
121.000000      	0.907149  
122.000000      	0.907666  
123.000000      	0.908010  
124.000000      	0.908355  
125.000000      	0.908699  
126.000000      	0.909216  
127.000000      	0.909388  
128.000000      	0.909733  
129.000000      	0.910078  
130.000000      	0.910250  
131.000000      	0.910422  
134.000000      	0.910594  
135.000000      	0.911111  
136.000000      	0.911628  
137.000000      	0.911800  
138.000000      	0.912145  
139.000000      	0.912489  
140.000000      	0.912834  
141.000000      	0.913351  
142.000000      	0.913695  
143.000000      	0.914212  
144.000000      	0.914729  
145.000000      	0.914901  
147.000000      	0.915245  
148.000000      	0.915762  
149.000000      	0.915935  
150.000000      	0.916107  
151.000000      	0.916279  
152.000000      	0.916624  
154.000000      	0.916968  
156.000000      	0.917313  
159.000000      	0.917485  
160.000000      	0.917657  
161.000000      	0.917829  
162.000000      	0.918002  
163.000000      	0.918346  
165.000000      	0.918519  
166.000000      	0.918691  
170.000000      	0.919035  
172.000000      	0.919208  
174.000000      	0.919380  
175.000000      	0.919552  
176.000000      	0.919724  
180.000000      	0.920241  
182.000000      	0.920413  
184.000000      	0.920586  
185.000000      	0.920758  
188.000000      	0.920930  
190.000000      	0.921102  
193.000000      	0.921447  
195.000000      	0.921619  
196.000000      	0.921964  
197.000000      	0.922136  
201.000000      	0.922308  
202.000000      	0.922653  
203.000000      	0.923170  
204.000000      	0.923686  
206.000000      	0.923859  
207.000000      	0.924031  
208.000000      	0.924720  
209.000000      	0.924892  
210.000000      	0.925237  
211.000000      	0.925409  
212.000000      	0.926098  
215.000000      	0.926443  
218.000000      	0.926787  
221.000000      	0.927132  
222.000000      	0.927476  
223.000000      	0.927821  
224.000000      	0.927993  
226.000000      	0.928338  
227.000000      	0.928682  
228.000000      	0.928854  
229.000000      	0.929199  
230.000000      	0.929371  
231.000000      	0.929888  
232.000000      	0.930233  
233.000000      	0.930749  
234.000000      	0.931094  
235.000000      	0.931266  
237.000000      	0.931783  
241.000000      	0.932127  
242.000000      	0.932644  
243.000000      	0.932989  
244.000000      	0.933333  
245.000000      	0.933678  
247.000000      	0.933850  
248.000000      	0.934367  
249.000000      	0.935056  
250.000000      	0.935228  
251.000000      	0.935573  
252.000000      	0.935917  
253.000000      	0.936090  
254.000000      	0.936779  
255.000000      	0.936951  
257.000000      	0.937295  
258.000000      	0.937812  
259.000000      	0.937984  
261.000000      	0.938157  
263.000000      	0.938329  
264.000000      	0.938501  
265.000000      	0.938674  
267.000000      	0.938846  
268.000000      	0.939018  
269.000000      	0.939535  
271.000000      	0.939879  
272.000000      	0.940052  
273.000000      	0.940224  
274.000000      	0.940396  
275.000000      	0.940568  
277.000000      	0.940741  
278.000000      	0.940913  
280.000000      	0.941085  
281.000000      	0.941602  
283.000000      	0.942119  
284.000000      	0.942291  
285.000000      	0.942463  
287.000000      	0.942636  
288.000000      	0.943152  
289.000000      	0.943497  
291.000000      	0.943842  
292.000000      	0.944014  
293.000000      	0.944186  
294.000000      	0.944358  
296.000000      	0.944531  
297.000000      	0.944703  
298.000000      	0.944875  
299.000000      	0.945047  
300.000000      	0.945392  
301.000000      	0.945564  
303.000000      	0.946253  
305.000000      	0.946598  
306.000000      	0.946770  
307.000000      	0.946942  
310.000000      	0.947115  
312.000000      	0.947287  
313.000000      	0.947976  
314.000000      	0.948148  
315.000000      	0.948493  
317.000000      	0.948837  
318.000000      	0.949182  
319.000000      	0.949526  
322.000000      	0.950043  
324.000000      	0.950215  
325.000000      	0.950388  
326.000000      	0.950732  
327.000000      	0.950904  
329.000000      	0.951077  
330.000000      	0.951249  
332.000000      	0.951593  
334.000000      	0.951766  
335.000000      	0.952110  
336.000000      	0.952283  
340.000000      	0.952799  
341.000000      	0.952972  
343.000000      	0.953144  
344.000000      	0.953661  
347.000000      	0.953833  
348.000000      	0.954005  
351.000000      	0.954177  
358.000000      	0.954350  
359.000000      	0.954522  
360.000000      	0.954694  
361.000000      	0.954866  
362.000000      	0.955039  
364.000000      	0.955211  
365.000000      	0.955556  
366.000000      	0.955900  
367.000000      	0.956072  
369.000000      	0.956417  
371.000000      	0.956761  
372.000000      	0.957106  
373.000000      	0.957450  
375.000000      	0.957623  
376.000000      	0.957795  
377.000000      	0.957967  
379.000000      	0.958312  
381.000000      	0.958484  
382.000000      	0.958656  
383.000000      	0.958829  
384.000000      	0.959001  
386.000000      	0.959345  
387.000000      	0.959518  
392.000000      	0.959690  
395.000000      	0.960034  
398.000000      	0.960207  
401.000000      	0.960724  
402.000000      	0.961240  
404.000000      	0.961413  
407.000000      	0.961757  
408.000000      	0.962102  
409.000000      	0.962274  
411.000000      	0.962446  
414.000000      	0.962791  
415.000000      	0.963135  
417.000000      	0.963480  
418.000000      	0.963824  
420.000000      	0.963997  
421.000000      	0.964513  
424.000000      	0.964858  
426.000000      	0.965030  
429.000000      	0.965202  
430.000000      	0.965375  
432.000000      	0.965719  
433.000000      	0.965891  
435.000000      	0.966236  
437.000000      	0.966408  
439.000000      	0.966581  
440.000000      	0.966753  
444.000000      	0.966925  
447.000000      	0.967097  
453.000000      	0.967270  
454.000000      	0.967442  
455.000000      	0.967959  
457.000000      	0.968131  
461.000000      	0.968303  
463.000000      	0.968475  
464.000000      	0.968648  
469.000000      	0.968820  
480.000000      	0.968992  
483.000000      	0.969165  
485.000000      	0.969337  
501.000000      	0.969509  
506.000000      	0.969681  
508.000000      	0.969854  
509.000000      	0.970026  
513.000000      	0.970198  
515.000000      	0.970370  
519.000000      	0.970543  
527.000000      	0.970715  
531.000000      	0.970887  
536.000000      	0.971059  
549.000000      	0.971404  
552.000000      	0.971576  
556.000000      	0.971748  
560.000000      	0.971921  
570.000000      	0.972093  
571.000000      	0.972265  
572.000000      	0.972438  
573.000000      	0.972782  
575.000000      	0.972954  
583.000000      	0.973127  
592.000000      	0.973299  
593.000000      	0.973471  
594.000000      	0.973643  
618.000000      	0.973816  
621.000000      	0.973988  
623.000000      	0.974160  
643.000000      	0.974332  
644.000000      	0.974505  
647.000000      	0.974677  
655.000000      	0.974849  
665.000000      	0.975022  
688.000000      	0.975194  
720.000000      	0.975366  
728.000000      	0.975538  
729.000000      	0.975711  
745.000000      	0.975883  
768.000000      	0.976055  
814.000000      	0.976227  
821.000000      	0.976400  
826.000000      	0.976572  
860.000000      	0.976916  
864.000000      	0.977089  
865.000000      	0.977261  
880.000000      	0.977433  
918.000000      	0.977606  
940.000000      	0.977778  
957.000000      	0.977950  
965.000000      	0.978122  
968.000000      	0.978295  
1009.000000     	0.978467  
1022.000000     	0.978639  
1037.000000     	0.978811  
1065.000000     	0.978984  
1124.000000     	0.979156  
1141.000000     	0.979328  
1170.000000     	0.979500  
1201.000000     	0.979673  
1204.000000     	0.979845  
1212.000000     	0.980017  
1215.000000     	0.980189  
1318.000000     	0.980362  
1342.000000     	0.980534  
1353.000000     	0.980706  
1357.000000     	0.980879  
1432.000000     	0.981051  
1464.000000     	0.981223  
1480.000000     	0.981395  
1546.000000     	0.981568  
1565.000000     	0.981740  
1587.000000     	0.981912  
1619.000000     	0.982084  
1630.000000     	0.982257  
1680.000000     	0.982429  
1683.000000     	0.982601  
1752.000000     	0.982773  
1767.000000     	0.982946  
1798.000000     	0.983118  
1831.000000     	0.983290  
1848.000000     	0.983463  
1883.000000     	0.983635  
1895.000000     	0.983807  
1909.000000     	0.983979  
2034.000000     	0.984152  
2126.000000     	0.984324  
2177.000000     	0.984496  
2226.000000     	0.984668  
2243.000000     	0.984841  
2251.000000     	0.985013  
2252.000000     	0.985185  
2279.000000     	0.985357  
2297.000000     	0.985530  
2301.000000     	0.985702  
2302.000000     	0.985874  
2315.000000     	0.986047  
2425.000000     	0.986219  
2471.000000     	0.986391  
2504.000000     	0.986563  
2567.000000     	0.986736  
2670.000000     	0.986908  
2717.000000     	0.987080  
2749.000000     	0.987252  
2756.000000     	0.987425  
2810.000000     	0.987597  
2868.000000     	0.987769  
2914.000000     	0.987941  
2931.000000     	0.988114  
2999.000000     	0.988286  
3002.000000     	0.988630  
3005.000000     	0.988803  
3028.000000     	0.988975  
3066.000000     	0.989147  
3073.000000     	0.989320  
3103.000000     	0.989492  
3109.000000     	0.989664  
3138.000000     	0.989836  
3149.000000     	0.990009  
3173.000000     	0.990353  
3201.000000     	0.990525  
3311.000000     	0.990698  
3516.000000     	0.990870  
3647.000000     	0.991042  
3660.000000     	0.991214  
3697.000000     	0.991387  
3740.000000     	0.991559  
3814.000000     	0.991731  
3868.000000     	0.991904  
3907.000000     	0.992076  
3970.000000     	0.992248  
4208.000000     	0.992420  
4283.000000     	0.992593  
4319.000000     	0.992765  
4397.000000     	0.992937  
4422.000000     	0.993109  
4509.000000     	0.993282  
4657.000000     	0.993454  
4677.000000     	0.993626  
4737.000000     	0.993798  
4782.000000     	0.993971  
4933.000000     	0.994143  
4938.000000     	0.994315  
5244.000000     	0.994488  
5295.000000     	0.994660  
5597.000000     	0.994832  
5623.000000     	0.995004  
5680.000000     	0.995177  
5952.000000     	0.995349  
5986.000000     	0.995521  
6055.000000     	0.995693  
6074.000000     	0.995866  
6369.000000     	0.996038  
6424.000000     	0.996210  
6607.000000     	0.996382  
6659.000000     	0.996555  
7236.000000     	0.996727  
8341.000000     	0.996899  
8576.000000     	0.997071  
8591.000000     	0.997244  
9468.000000     	0.997416  
9522.000000     	0.997588  
10219.000000    	0.997761  
11415.000000    	0.997933  
11534.000000    	0.998105  
11579.000000    	0.998277  
11882.000000    	0.998450  
12339.000000    	0.998622  
12486.000000    	0.998794  
13465.000000    	0.998966  
13846.000000    	0.999139  
14891.000000    	0.999311  
16333.000000    	0.999483  
20878.000000    	0.999655  
22230.000000    	0.999828  
23969.000000    	1.000000  
23969.000000    	1.000000  
