11.000000       	0.000003  
51.000000       	0.000104  
70.000000       	0.000208  
81.000000       	0.000302  
88.000000       	0.000424  
91.000000       	0.000534  
93.000000       	0.000626  
95.000000       	0.000766  
96.000000       	0.000855  
97.000000       	0.000952  
98.000000       	0.001093  
99.000000       	0.001190  
100.000000      	0.001340  
101.000000      	0.001523  
102.000000      	0.001688  
103.000000      	0.001886  
104.000000      	0.002179  
105.000000      	0.002448  
106.000000      	0.002686  
107.000000      	0.002973  
108.000000      	0.003379  
109.000000      	0.003873  
110.000000      	0.004402  
111.000000      	0.004878  
112.000000      	0.005473  
113.000000      	0.006108  
114.000000      	0.006788  
115.000000      	0.007552  
116.000000      	0.008330  
117.000000      	0.009108  
118.000000      	0.010082  
119.000000      	0.010995  
120.000000      	0.012084  
121.000000      	0.013302  
122.000000      	0.014520  
123.000000      	0.015735  
124.000000      	0.017023  
125.000000      	0.018534  
126.000000      	0.020027  
127.000000      	0.021605  
128.000000      	0.023311  
129.000000      	0.025161  
130.000000      	0.027126  
131.000000      	0.029358  
132.000000      	0.031424  
133.000000      	0.033616  
134.000000      	0.036110  
135.000000      	0.038826  
136.000000      	0.041491  
137.000000      	0.044244  
138.000000      	0.047181  
139.000000      	0.050019  
140.000000      	0.052986  
141.000000      	0.055947  
142.000000      	0.059002  
143.000000      	0.062104  
144.000000      	0.065354  
145.000000      	0.068846  
146.000000      	0.072137  
147.000000      	0.075735  
148.000000      	0.079221  
149.000000      	0.082722  
150.000000      	0.086254  
151.000000      	0.090076  
152.000000      	0.093662  
153.000000      	0.097273  
154.000000      	0.101009  
155.000000      	0.104883  
156.000000      	0.108594  
157.000000      	0.112507  
158.000000      	0.116399  
159.000000      	0.120080  
160.000000      	0.123853  
161.000000      	0.127604  
162.000000      	0.131508  
163.000000      	0.135229  
164.000000      	0.138898  
165.000000      	0.142466  
166.000000      	0.146154  
167.000000      	0.149685  
168.000000      	0.153086  
169.000000      	0.156529  
170.000000      	0.159758  
171.000000      	0.162881  
172.000000      	0.166260  
173.000000      	0.169422  
174.000000      	0.172526  
175.000000      	0.175719  
176.000000      	0.178927  
177.000000      	0.182040  
178.000000      	0.185105  
179.000000      	0.188121  
180.000000      	0.191225  
181.000000      	0.194204  
182.000000      	0.197409  
183.000000      	0.200275  
184.000000      	0.203389  
185.000000      	0.206450  
186.000000      	0.209332  
187.000000      	0.212320  
188.000000      	0.215317  
189.000000      	0.218342  
190.000000      	0.221242  
191.000000      	0.224282  
192.000000      	0.227115  
193.000000      	0.229944  
194.000000      	0.232719  
195.000000      	0.235460  
196.000000      	0.238442  
197.000000      	0.241452  
198.000000      	0.244266  
199.000000      	0.247096  
200.000000      	0.250029  
201.000000      	0.253005  
202.000000      	0.255850  
203.000000      	0.258649  
204.000000      	0.261631  
205.000000      	0.264552  
206.000000      	0.267531  
207.000000      	0.270529  
208.000000      	0.273288  
209.000000      	0.276411  
210.000000      	0.279429  
211.000000      	0.282311  
212.000000      	0.285311  
213.000000      	0.288364  
214.000000      	0.291267  
215.000000      	0.294383  
216.000000      	0.297466  
217.000000      	0.300540  
218.000000      	0.303687  
219.000000      	0.306855  
220.000000      	0.309984  
221.000000      	0.313299  
222.000000      	0.316458  
223.000000      	0.319663  
224.000000      	0.322923  
225.000000      	0.326338  
226.000000      	0.329629  
227.000000      	0.332962  
228.000000      	0.336289  
229.000000      	0.339723  
230.000000      	0.343111  
231.000000      	0.346374  
232.000000      	0.349588  
233.000000      	0.352909  
234.000000      	0.356206  
235.000000      	0.359432  
236.000000      	0.362698  
237.000000      	0.366056  
238.000000      	0.369441  
239.000000      	0.372795  
240.000000      	0.376031  
241.000000      	0.379364  
242.000000      	0.382963  
243.000000      	0.386192  
244.000000      	0.389632  
245.000000      	0.393008  
246.000000      	0.396418  
247.000000      	0.399836  
248.000000      	0.403298  
249.000000      	0.406701  
250.000000      	0.410123  
251.000000      	0.413490  
252.000000      	0.416963  
253.000000      	0.420251  
254.000000      	0.423645  
255.000000      	0.426819  
256.000000      	0.429972  
257.000000      	0.433123  
258.000000      	0.436108  
259.000000      	0.438916  
260.000000      	0.442011  
261.000000      	0.444923  
262.000000      	0.447832  
263.000000      	0.450802  
264.000000      	0.453827  
265.000000      	0.456760  
266.000000      	0.459425  
267.000000      	0.462053  
268.000000      	0.465044  
269.000000      	0.467871  
270.000000      	0.470825  
271.000000      	0.473521  
272.000000      	0.476124  
273.000000      	0.478697  
274.000000      	0.481048  
275.000000      	0.483523  
276.000000      	0.485871  
277.000000      	0.488178  
278.000000      	0.490605  
279.000000      	0.492793  
280.000000      	0.494964  
281.000000      	0.497012  
282.000000      	0.499078  
283.000000      	0.501151  
284.000000      	0.503141  
285.000000      	0.505070  
286.000000      	0.506868  
287.000000      	0.508794  
288.000000      	0.510671  
289.000000      	0.512405  
290.000000      	0.514166  
291.000000      	0.515964  
292.000000      	0.517704  
293.000000      	0.519334  
294.000000      	0.521058  
295.000000      	0.522630  
296.000000      	0.524169  
297.000000      	0.525631  
298.000000      	0.527007  
299.000000      	0.528405  
300.000000      	0.529675  
301.000000      	0.531125  
302.000000      	0.532489  
303.000000      	0.533756  
304.000000      	0.534983  
305.000000      	0.536192  
306.000000      	0.537337  
307.000000      	0.538497  
308.000000      	0.539641  
309.000000      	0.540816  
310.000000      	0.541946  
311.000000      	0.543014  
312.000000      	0.543951  
313.000000      	0.544980  
314.000000      	0.545853  
315.000000      	0.546720  
316.000000      	0.547583  
317.000000      	0.548429  
318.000000      	0.549158  
319.000000      	0.549836  
320.000000      	0.550642  
321.000000      	0.551429  
322.000000      	0.552363  
323.000000      	0.553233  
324.000000      	0.554097  
325.000000      	0.554873  
326.000000      	0.555633  
327.000000      	0.556267  
328.000000      	0.557000  
329.000000      	0.557781  
330.000000      	0.558651  
331.000000      	0.559344  
332.000000      	0.560065  
333.000000      	0.560846  
334.000000      	0.561444  
335.000000      	0.562104  
336.000000      	0.562760  
337.000000      	0.563459  
338.000000      	0.564085  
339.000000      	0.564689  
340.000000      	0.565284  
341.000000      	0.565950  
342.000000      	0.566621  
343.000000      	0.567351  
344.000000      	0.568196  
345.000000      	0.568947  
346.000000      	0.569631  
347.000000      	0.570244  
348.000000      	0.570806  
349.000000      	0.571419  
350.000000      	0.571951  
351.000000      	0.572479  
352.000000      	0.573055  
353.000000      	0.573547  
354.000000      	0.573944  
355.000000      	0.574457  
356.000000      	0.574966  
357.000000      	0.575354  
358.000000      	0.575793  
359.000000      	0.576206  
360.000000      	0.576621  
361.000000      	0.577082  
362.000000      	0.577509  
363.000000      	0.577893  
364.000000      	0.578299  
365.000000      	0.578699  
366.000000      	0.579060  
367.000000      	0.579502  
368.000000      	0.579899  
369.000000      	0.580274  
370.000000      	0.580656  
371.000000      	0.581059  
372.000000      	0.581413  
373.000000      	0.581846  
374.000000      	0.582228  
375.000000      	0.582625  
376.000000      	0.583021  
377.000000      	0.583443  
378.000000      	0.583846  
379.000000      	0.584258  
380.000000      	0.584676  
381.000000      	0.585186  
382.000000      	0.585701  
383.000000      	0.586190  
384.000000      	0.586657  
385.000000      	0.587206  
386.000000      	0.587710  
387.000000      	0.588323  
388.000000      	0.588943  
389.000000      	0.589535  
390.000000      	0.590066  
391.000000      	0.590607  
392.000000      	0.591196  
393.000000      	0.591724  
394.000000      	0.592295  
395.000000      	0.592960  
396.000000      	0.593509  
397.000000      	0.594123  
398.000000      	0.594715  
399.000000      	0.595277  
400.000000      	0.595893  
401.000000      	0.596522  
402.000000      	0.597126  
403.000000      	0.597728  
404.000000      	0.598225  
405.000000      	0.598729  
406.000000      	0.599266  
407.000000      	0.599791  
408.000000      	0.600316  
409.000000      	0.600826  
410.000000      	0.601324  
411.000000      	0.601812  
412.000000      	0.602303  
413.000000      	0.602792  
414.000000      	0.603286  
415.000000      	0.603747  
416.000000      	0.604196  
417.000000      	0.604632  
418.000000      	0.605127  
419.000000      	0.605637  
420.000000      	0.606100  
421.000000      	0.606574  
422.000000      	0.607053  
423.000000      	0.607462  
424.000000      	0.607920  
425.000000      	0.608368  
426.000000      	0.608780  
427.000000      	0.609168  
428.000000      	0.609656  
429.000000      	0.610102  
430.000000      	0.610462  
431.000000      	0.610865  
432.000000      	0.611344  
433.000000      	0.611726  
434.000000      	0.612144  
435.000000      	0.612535  
436.000000      	0.612993  
437.000000      	0.613438  
438.000000      	0.613866  
439.000000      	0.614296  
440.000000      	0.614711  
441.000000      	0.615132  
442.000000      	0.615541  
443.000000      	0.615947  
444.000000      	0.616347  
445.000000      	0.616726  
446.000000      	0.617153  
447.000000      	0.617580  
448.000000      	0.617935  
449.000000      	0.618322  
450.000000      	0.618750  
451.000000      	0.619137  
452.000000      	0.619485  
453.000000      	0.619833  
454.000000      	0.620205  
455.000000      	0.620544  
456.000000      	0.620846  
457.000000      	0.621185  
458.000000      	0.621521  
459.000000      	0.621881  
460.000000      	0.622202  
461.000000      	0.622595  
462.000000      	0.622943  
463.000000      	0.623352  
464.000000      	0.623740  
465.000000      	0.624085  
466.000000      	0.624445  
467.000000      	0.624833  
468.000000      	0.625196  
469.000000      	0.625480  
470.000000      	0.625855  
471.000000      	0.626271  
472.000000      	0.626600  
473.000000      	0.626960  
474.000000      	0.627247  
475.000000      	0.627580  
476.000000      	0.627907  
477.000000      	0.628233  
478.000000      	0.628563  
479.000000      	0.628947  
480.000000      	0.629259  
481.000000      	0.629650  
482.000000      	0.629997  
483.000000      	0.630355  
484.000000      	0.630706  
485.000000      	0.631048  
486.000000      	0.631402  
487.000000      	0.631740  
488.000000      	0.632110  
489.000000      	0.632470  
490.000000      	0.632797  
491.000000      	0.633148  
492.000000      	0.633425  
493.000000      	0.633755  
494.000000      	0.634143  
495.000000      	0.634478  
496.000000      	0.634854  
497.000000      	0.635177  
498.000000      	0.635550  
499.000000      	0.635864  
500.000000      	0.636264  
501.000000      	0.636609  
502.000000      	0.636972  
503.000000      	0.637305  
504.000000      	0.637641  
505.000000      	0.637967  
506.000000      	0.638321  
507.000000      	0.638639  
508.000000      	0.638971  
509.000000      	0.639274  
510.000000      	0.639539  
511.000000      	0.639851  
512.000000      	0.640205  
513.000000      	0.640522  
514.000000      	0.640894  
515.000000      	0.641194  
516.000000      	0.641545  
517.000000      	0.641868  
518.000000      	0.642204  
519.000000      	0.642585  
520.000000      	0.642958  
521.000000      	0.643367  
522.000000      	0.643739  
523.000000      	0.644011  
524.000000      	0.644307  
525.000000      	0.644667  
526.000000      	0.645024  
527.000000      	0.645360  
528.000000      	0.645717  
529.000000      	0.646044  
530.000000      	0.646389  
531.000000      	0.646715  
532.000000      	0.647085  
533.000000      	0.647454  
534.000000      	0.647707  
535.000000      	0.648022  
536.000000      	0.648345  
537.000000      	0.648657  
538.000000      	0.648983  
539.000000      	0.649304  
540.000000      	0.649615  
541.000000      	0.649981  
542.000000      	0.650345  
543.000000      	0.650729  
544.000000      	0.651071  
545.000000      	0.651459  
546.000000      	0.651801  
547.000000      	0.652142  
548.000000      	0.652460  
549.000000      	0.652820  
550.000000      	0.653156  
551.000000      	0.653531  
552.000000      	0.653873  
553.000000      	0.654191  
554.000000      	0.654548  
555.000000      	0.654899  
556.000000      	0.655183  
557.000000      	0.655515  
558.000000      	0.655775  
559.000000      	0.656095  
560.000000      	0.656376  
561.000000      	0.656660  
562.000000      	0.657017  
563.000000      	0.657347  
564.000000      	0.657661  
565.000000      	0.657976  
566.000000      	0.658308  
567.000000      	0.658699  
568.000000      	0.659044  
569.000000      	0.659340  
570.000000      	0.659676  
571.000000      	0.659978  
572.000000      	0.660283  
573.000000      	0.660540  
574.000000      	0.660884  
575.000000      	0.661181  
576.000000      	0.661458  
577.000000      	0.661767  
578.000000      	0.662044  
579.000000      	0.662371  
580.000000      	0.662713  
581.000000      	0.663039  
582.000000      	0.663403  
583.000000      	0.663714  
584.000000      	0.663998  
585.000000      	0.664291  
586.000000      	0.664590  
587.000000      	0.664920  
588.000000      	0.665265  
589.000000      	0.665585  
590.000000      	0.665875  
591.000000      	0.666168  
592.000000      	0.666479  
593.000000      	0.666760  
594.000000      	0.667081  
595.000000      	0.667380  
596.000000      	0.667676  
597.000000      	0.667996  
598.000000      	0.668332  
599.000000      	0.668637  
600.000000      	0.668955  
601.000000      	0.669288  
602.000000      	0.669654  
603.000000      	0.670002  
604.000000      	0.670322  
605.000000      	0.670689  
606.000000      	0.671003  
607.000000      	0.671317  
608.000000      	0.671617  
609.000000      	0.671937  
610.000000      	0.672251  
611.000000      	0.672526  
612.000000      	0.672847  
613.000000      	0.673097  
614.000000      	0.673396  
615.000000      	0.673738  
616.000000      	0.674055  
617.000000      	0.674370  
618.000000      	0.674724  
619.000000      	0.675023  
620.000000      	0.675353  
621.000000      	0.675640  
622.000000      	0.675969  
623.000000      	0.676290  
624.000000      	0.676586  
625.000000      	0.676955  
626.000000      	0.677291  
627.000000      	0.677602  
628.000000      	0.677926  
629.000000      	0.678256  
630.000000      	0.678579  
631.000000      	0.678915  
632.000000      	0.679226  
633.000000      	0.679531  
634.000000      	0.679837  
635.000000      	0.680136  
636.000000      	0.680465  
637.000000      	0.680765  
638.000000      	0.681091  
639.000000      	0.681451  
640.000000      	0.681793  
641.000000      	0.682141  
642.000000      	0.682480  
643.000000      	0.682736  
644.000000      	0.682999  
645.000000      	0.683298  
646.000000      	0.683612  
647.000000      	0.683930  
648.000000      	0.684238  
649.000000      	0.684571  
650.000000      	0.684861  
651.000000      	0.685169  
652.000000      	0.685477  
653.000000      	0.685783  
654.000000      	0.686097  
655.000000      	0.686430  
656.000000      	0.686769  
657.000000      	0.687092  
658.000000      	0.687428  
659.000000      	0.687776  
660.000000      	0.688029  
661.000000      	0.688295  
662.000000      	0.688548  
663.000000      	0.688866  
664.000000      	0.689183  
665.000000      	0.689500  
666.000000      	0.689778  
667.000000      	0.690144  
668.000000      	0.690520  
669.000000      	0.690874  
670.000000      	0.691207  
671.000000      	0.691491  
672.000000      	0.691857  
673.000000      	0.692180  
674.000000      	0.692486  
675.000000      	0.692824  
676.000000      	0.693215  
677.000000      	0.693575  
678.000000      	0.693932  
679.000000      	0.694296  
680.000000      	0.694674  
681.000000      	0.695053  
682.000000      	0.695388  
683.000000      	0.695776  
684.000000      	0.696103  
685.000000      	0.696435  
686.000000      	0.696805  
687.000000      	0.697165  
688.000000      	0.697507  
689.000000      	0.697885  
690.000000      	0.698206  
691.000000      	0.698496  
692.000000      	0.698862  
693.000000      	0.699210  
694.000000      	0.699570  
695.000000      	0.699933  
696.000000      	0.700248  
697.000000      	0.700599  
698.000000      	0.700929  
699.000000      	0.701255  
700.000000      	0.701609  
701.000000      	0.701975  
702.000000      	0.702317  
703.000000      	0.702632  
704.000000      	0.702974  
705.000000      	0.703358  
706.000000      	0.703715  
707.000000      	0.704045  
708.000000      	0.704445  
709.000000      	0.704814  
710.000000      	0.705126  
711.000000      	0.705495  
712.000000      	0.705809  
713.000000      	0.706133  
714.000000      	0.706472  
715.000000      	0.706804  
716.000000      	0.707165  
717.000000      	0.707531  
718.000000      	0.707845  
719.000000      	0.708230  
720.000000      	0.708526  
721.000000      	0.708846  
722.000000      	0.709173  
723.000000      	0.709600  
724.000000      	0.709942  
725.000000      	0.710324  
726.000000      	0.710623  
727.000000      	0.711001  
728.000000      	0.711377  
729.000000      	0.711697  
730.000000      	0.712039  
731.000000      	0.712460  
732.000000      	0.712753  
733.000000      	0.713114  
734.000000      	0.713455  
735.000000      	0.713843  
736.000000      	0.714191  
737.000000      	0.714539  
738.000000      	0.714887  
739.000000      	0.715208  
740.000000      	0.715574  
741.000000      	0.715961  
742.000000      	0.716267  
743.000000      	0.716670  
744.000000      	0.717024  
745.000000      	0.717366  
746.000000      	0.717717  
747.000000      	0.718098  
748.000000      	0.718385  
749.000000      	0.718690  
750.000000      	0.719069  
751.000000      	0.719383  
752.000000      	0.719664  
753.000000      	0.719994  
754.000000      	0.720354  
755.000000      	0.720693  
756.000000      	0.721086  
757.000000      	0.721459  
758.000000      	0.721798  
759.000000      	0.722158  
760.000000      	0.722500  
761.000000      	0.722872  
762.000000      	0.723251  
763.000000      	0.723556  
764.000000      	0.723907  
765.000000      	0.724301  
766.000000      	0.724685  
767.000000      	0.724987  
768.000000      	0.725280  
769.000000      	0.725619  
770.000000      	0.725989  
771.000000      	0.726370  
772.000000      	0.726761  
773.000000      	0.727151  
774.000000      	0.727527  
775.000000      	0.727930  
776.000000      	0.728266  
777.000000      	0.728607  
778.000000      	0.728925  
779.000000      	0.729328  
780.000000      	0.729651  
781.000000      	0.730036  
782.000000      	0.730326  
783.000000      	0.730744  
784.000000      	0.731043  
785.000000      	0.731413  
786.000000      	0.731791  
787.000000      	0.732154  
788.000000      	0.732411  
789.000000      	0.732817  
790.000000      	0.733207  
791.000000      	0.733613  
792.000000      	0.733931  
793.000000      	0.734297  
794.000000      	0.734611  
795.000000      	0.734935  
796.000000      	0.735320  
797.000000      	0.735643  
798.000000      	0.735997  
799.000000      	0.736324  
800.000000      	0.736675  
801.000000      	0.737026  
802.000000      	0.737368  
803.000000      	0.737713  
804.000000      	0.738064  
805.000000      	0.738430  
806.000000      	0.738726  
807.000000      	0.739092  
808.000000      	0.739428  
809.000000      	0.739755  
810.000000      	0.740124  
811.000000      	0.740454  
812.000000      	0.740811  
813.000000      	0.741159  
814.000000      	0.741550  
815.000000      	0.741830  
816.000000      	0.742133  
817.000000      	0.742477  
818.000000      	0.742792  
819.000000      	0.743134  
820.000000      	0.743500  
821.000000      	0.743842  
822.000000      	0.744175  
823.000000      	0.744498  
824.000000      	0.744828  
825.000000      	0.745179  
826.000000      	0.745521  
827.000000      	0.745878  
828.000000      	0.746149  
829.000000      	0.746540  
830.000000      	0.746900  
831.000000      	0.747209  
832.000000      	0.747538  
833.000000      	0.747865  
834.000000      	0.748237  
835.000000      	0.748655  
836.000000      	0.749022  
837.000000      	0.749370  
838.000000      	0.749696  
839.000000      	0.750023  
840.000000      	0.750337  
841.000000      	0.750673  
842.000000      	0.750984  
843.000000      	0.751332  
844.000000      	0.751659  
845.000000      	0.751967  
846.000000      	0.752334  
847.000000      	0.752678  
848.000000      	0.753060  
849.000000      	0.753411  
850.000000      	0.753783  
851.000000      	0.754134  
852.000000      	0.754467  
853.000000      	0.754763  
854.000000      	0.755062  
855.000000      	0.755401  
856.000000      	0.755725  
857.000000      	0.756048  
858.000000      	0.756421  
859.000000      	0.756705  
860.000000      	0.757013  
861.000000      	0.757367  
862.000000      	0.757675  
863.000000      	0.757950  
864.000000      	0.758246  
865.000000      	0.758536  
866.000000      	0.758853  
867.000000      	0.759165  
868.000000      	0.759534  
869.000000      	0.759842  
870.000000      	0.760193  
871.000000      	0.760493  
872.000000      	0.760801  
873.000000      	0.761109  
874.000000      	0.761460  
875.000000      	0.761793  
876.000000      	0.762110  
877.000000      	0.762446  
878.000000      	0.762706  
879.000000      	0.763008  
880.000000      	0.763279  
881.000000      	0.763643  
882.000000      	0.763978  
883.000000      	0.764290  
884.000000      	0.764619  
885.000000      	0.764931  
886.000000      	0.765233  
887.000000      	0.765523  
888.000000      	0.765859  
889.000000      	0.766194  
890.000000      	0.766518  
891.000000      	0.766854  
892.000000      	0.767134  
893.000000      	0.767452  
894.000000      	0.767727  
895.000000      	0.768007  
896.000000      	0.768288  
897.000000      	0.768551  
898.000000      	0.768807  
899.000000      	0.769119  
900.000000      	0.769442  
901.000000      	0.769741  
902.000000      	0.770043  
903.000000      	0.770327  
904.000000      	0.770620  
905.000000      	0.770868  
906.000000      	0.771170  
907.000000      	0.771432  
908.000000      	0.771780  
909.000000      	0.772067  
910.000000      	0.772372  
911.000000      	0.772696  
912.000000      	0.772937  
913.000000      	0.773236  
914.000000      	0.773523  
915.000000      	0.773789  
916.000000      	0.774118  
917.000000      	0.774491  
918.000000      	0.774735  
919.000000      	0.775071  
920.000000      	0.775361  
921.000000      	0.775675  
922.000000      	0.775925  
923.000000      	0.776218  
924.000000      	0.776490  
925.000000      	0.776820  
926.000000      	0.777070  
927.000000      	0.777400  
928.000000      	0.777662  
929.000000      	0.777961  
930.000000      	0.778236  
931.000000      	0.778538  
932.000000      	0.778834  
933.000000      	0.779146  
934.000000      	0.779429  
935.000000      	0.779619  
936.000000      	0.779918  
937.000000      	0.780174  
938.000000      	0.780440  
939.000000      	0.780757  
940.000000      	0.780953  
941.000000      	0.781178  
942.000000      	0.781447  
943.000000      	0.781691  
944.000000      	0.782024  
945.000000      	0.782311  
946.000000      	0.782549  
947.000000      	0.782818  
948.000000      	0.783089  
949.000000      	0.783379  
950.000000      	0.783663  
951.000000      	0.783941  
952.000000      	0.784228  
953.000000      	0.784487  
954.000000      	0.784750  
955.000000      	0.785024  
956.000000      	0.785284  
957.000000      	0.785540  
958.000000      	0.785797  
959.000000      	0.786041  
960.000000      	0.786306  
961.000000      	0.786633  
962.000000      	0.786886  
963.000000      	0.787097  
964.000000      	0.787350  
965.000000      	0.787607  
966.000000      	0.787860  
967.000000      	0.788120  
968.000000      	0.788385  
969.000000      	0.788635  
970.000000      	0.788901  
971.000000      	0.789185  
972.000000      	0.789456  
973.000000      	0.789701  
974.000000      	0.789930  
975.000000      	0.790201  
976.000000      	0.790436  
977.000000      	0.790732  
978.000000      	0.790995  
979.000000      	0.791221  
980.000000      	0.791477  
981.000000      	0.791764  
982.000000      	0.792075  
983.000000      	0.792335  
984.000000      	0.792622  
985.000000      	0.792869  
986.000000      	0.793141  
987.000000      	0.793376  
988.000000      	0.793644  
989.000000      	0.793895  
990.000000      	0.794148  
991.000000      	0.794420  
992.000000      	0.794642  
993.000000      	0.794920  
994.000000      	0.795201  
995.000000      	0.795439  
996.000000      	0.795699  
997.000000      	0.795967  
998.000000      	0.796196  
999.000000      	0.796404  
1000.000000     	0.796663  
1001.000000     	0.796944  
1002.000000     	0.797176  
1003.000000     	0.797451  
1004.000000     	0.797667  
1005.000000     	0.797893  
1006.000000     	0.798134  
1007.000000     	0.798397  
1008.000000     	0.798614  
1009.000000     	0.798836  
1010.000000     	0.799090  
1011.000000     	0.799316  
1012.000000     	0.799517  
1013.000000     	0.799737  
1014.000000     	0.800039  
1015.000000     	0.800274  
1016.000000     	0.800524  
1017.000000     	0.800762  
1018.000000     	0.800973  
1019.000000     	0.801233  
1020.000000     	0.801458  
1021.000000     	0.801651  
1022.000000     	0.801846  
1023.000000     	0.802081  
1024.000000     	0.802301  
1025.000000     	0.802521  
1026.000000     	0.802707  
1027.000000     	0.802905  
1028.000000     	0.803177  
1029.000000     	0.803421  
1030.000000     	0.803616  
1031.000000     	0.803848  
1032.000000     	0.804068  
1033.000000     	0.804282  
1034.000000     	0.804535  
1035.000000     	0.804728  
1036.000000     	0.804926  
1037.000000     	0.805127  
1038.000000     	0.805329  
1039.000000     	0.805579  
1040.000000     	0.805839  
1041.000000     	0.806077  
1042.000000     	0.806309  
1043.000000     	0.806519  
1044.000000     	0.806687  
1045.000000     	0.806867  
1046.000000     	0.807078  
1047.000000     	0.807273  
1048.000000     	0.807496  
1049.000000     	0.807688  
1050.000000     	0.807899  
1051.000000     	0.808128  
1052.000000     	0.808338  
1053.000000     	0.808546  
1054.000000     	0.808708  
1055.000000     	0.808897  
1056.000000     	0.809092  
1057.000000     	0.809330  
1058.000000     	0.809569  
1059.000000     	0.809791  
1060.000000     	0.810005  
1061.000000     	0.810213  
1062.000000     	0.810390  
1063.000000     	0.810545  
1064.000000     	0.810762  
1065.000000     	0.810964  
1066.000000     	0.811134  
1067.000000     	0.811336  
1068.000000     	0.811580  
1069.000000     	0.811782  
1070.000000     	0.811989  
1071.000000     	0.812181  
1072.000000     	0.812404  
1073.000000     	0.812603  
1074.000000     	0.812795  
1075.000000     	0.813018  
1076.000000     	0.813219  
1077.000000     	0.813399  
1078.000000     	0.813592  
1079.000000     	0.813766  
1080.000000     	0.813943  
1081.000000     	0.814175  
1082.000000     	0.814342  
1083.000000     	0.814516  
1084.000000     	0.814718  
1085.000000     	0.814895  
1086.000000     	0.815066  
1087.000000     	0.815240  
1088.000000     	0.815432  
1089.000000     	0.815652  
1090.000000     	0.815863  
1091.000000     	0.816052  
1092.000000     	0.816296  
1093.000000     	0.816464  
1094.000000     	0.816696  
1095.000000     	0.816891  
1096.000000     	0.817120  
1097.000000     	0.817319  
1098.000000     	0.817544  
1099.000000     	0.817779  
1100.000000     	0.817941  
1101.000000     	0.818134  
1102.000000     	0.818347  
1103.000000     	0.818533  
1104.000000     	0.818753  
1105.000000     	0.818988  
1106.000000     	0.819180  
1107.000000     	0.819397  
1108.000000     	0.819571  
1109.000000     	0.819730  
1110.000000     	0.819886  
1111.000000     	0.820081  
1112.000000     	0.820258  
1113.000000     	0.820466  
1114.000000     	0.820649  
1115.000000     	0.820859  
1116.000000     	0.821036  
1117.000000     	0.821250  
1118.000000     	0.821448  
1119.000000     	0.821638  
1120.000000     	0.821860  
1121.000000     	0.822025  
1122.000000     	0.822245  
1123.000000     	0.822431  
1124.000000     	0.822636  
1125.000000     	0.822825  
1126.000000     	0.823033  
1127.000000     	0.823216  
1128.000000     	0.823439  
1129.000000     	0.823613  
1130.000000     	0.823814  
1131.000000     	0.824049  
1132.000000     	0.824250  
1133.000000     	0.824431  
1134.000000     	0.824626  
1135.000000     	0.824785  
1136.000000     	0.824986  
1137.000000     	0.825172  
1138.000000     	0.825383  
1139.000000     	0.825584  
1140.000000     	0.825734  
1141.000000     	0.825887  
1142.000000     	0.826076  
1143.000000     	0.826198  
1144.000000     	0.826381  
1145.000000     	0.826528  
1146.000000     	0.826695  
1147.000000     	0.826866  
1148.000000     	0.827040  
1149.000000     	0.827275  
1150.000000     	0.827446  
1151.000000     	0.827608  
1152.000000     	0.827794  
1153.000000     	0.828005  
1154.000000     	0.828203  
1155.000000     	0.828353  
1156.000000     	0.828563  
1157.000000     	0.828750  
1158.000000     	0.828957  
1159.000000     	0.829116  
1160.000000     	0.829299  
1161.000000     	0.829485  
1162.000000     	0.829681  
1163.000000     	0.829833  
1164.000000     	0.830023  
1165.000000     	0.830209  
1166.000000     	0.830413  
1167.000000     	0.830584  
1168.000000     	0.830786  
1169.000000     	0.830935  
1170.000000     	0.831124  
1171.000000     	0.831308  
1172.000000     	0.831485  
1173.000000     	0.831646  
1174.000000     	0.831823  
1175.000000     	0.832049  
1176.000000     	0.832220  
1177.000000     	0.832440  
1178.000000     	0.832638  
1179.000000     	0.832791  
1180.000000     	0.832986  
1181.000000     	0.833160  
1182.000000     	0.833389  
1183.000000     	0.833557  
1184.000000     	0.833728  
1185.000000     	0.833914  
1186.000000     	0.834061  
1187.000000     	0.834213  
1188.000000     	0.834394  
1189.000000     	0.834580  
1190.000000     	0.834717  
1191.000000     	0.834888  
1192.000000     	0.835047  
1193.000000     	0.835209  
1194.000000     	0.835379  
1195.000000     	0.835535  
1196.000000     	0.835685  
1197.000000     	0.835853  
1198.000000     	0.836027  
1199.000000     	0.836191  
1200.000000     	0.836387  
1201.000000     	0.836555  
1202.000000     	0.836683  
1203.000000     	0.836832  
1204.000000     	0.837016  
1205.000000     	0.837180  
1206.000000     	0.837333  
1207.000000     	0.837528  
1208.000000     	0.837675  
1209.000000     	0.837849  
1210.000000     	0.838041  
1211.000000     	0.838194  
1212.000000     	0.838356  
1213.000000     	0.838514  
1214.000000     	0.838719  
1215.000000     	0.838881  
1216.000000     	0.839048  
1217.000000     	0.839204  
1218.000000     	0.839390  
1219.000000     	0.839564  
1220.000000     	0.839705  
1221.000000     	0.839860  
1222.000000     	0.840028  
1223.000000     	0.840224  
1224.000000     	0.840376  
1225.000000     	0.840520  
1226.000000     	0.840700  
1227.000000     	0.840883  
1228.000000     	0.841035  
1229.000000     	0.841182  
1230.000000     	0.841365  
1231.000000     	0.841493  
1232.000000     	0.841652  
1233.000000     	0.841799  
1234.000000     	0.841954  
1235.000000     	0.842119  
1236.000000     	0.842259  
1237.000000     	0.842467  
1238.000000     	0.842650  
1239.000000     	0.842858  
1240.000000     	0.843071  
1241.000000     	0.843267  
1242.000000     	0.843447  
1243.000000     	0.843603  
1244.000000     	0.843804  
1245.000000     	0.843984  
1246.000000     	0.844161  
1247.000000     	0.844329  
1248.000000     	0.844457  
1249.000000     	0.844616  
1250.000000     	0.844793  
1251.000000     	0.844967  
1252.000000     	0.845123  
1253.000000     	0.845290  
1254.000000     	0.845477  
1255.000000     	0.845657  
1256.000000     	0.845861  
1257.000000     	0.846035  
1258.000000     	0.846191  
1259.000000     	0.846350  
1260.000000     	0.846557  
1261.000000     	0.846692  
1262.000000     	0.846887  
1263.000000     	0.847030  
1264.000000     	0.847174  
1265.000000     	0.847357  
1266.000000     	0.847479  
1267.000000     	0.847644  
1268.000000     	0.847812  
1269.000000     	0.847977  
1270.000000     	0.848132  
1271.000000     	0.848270  
1272.000000     	0.848437  
1273.000000     	0.848575  
1274.000000     	0.848749  
1275.000000     	0.848917  
1276.000000     	0.849103  
1277.000000     	0.849265  
1278.000000     	0.849426  
1279.000000     	0.849579  
1280.000000     	0.849747  
1281.000000     	0.849912  
1282.000000     	0.850067  
1283.000000     	0.850251  
1284.000000     	0.850394  
1285.000000     	0.850522  
1286.000000     	0.850696  
1287.000000     	0.850852  
1288.000000     	0.850992  
1289.000000     	0.851163  
1290.000000     	0.851307  
1291.000000     	0.851468  
1292.000000     	0.851621  
1293.000000     	0.851798  
1294.000000     	0.851975  
1295.000000     	0.852134  
1296.000000     	0.852345  
1297.000000     	0.852525  
1298.000000     	0.852683  
1299.000000     	0.852815  
1300.000000     	0.852955  
1301.000000     	0.853123  
1302.000000     	0.853327  
1303.000000     	0.853474  
1304.000000     	0.853660  
1305.000000     	0.853834  
1306.000000     	0.854017  
1307.000000     	0.854179  
1308.000000     	0.854350  
1309.000000     	0.854524  
1310.000000     	0.854695  
1311.000000     	0.854835  
1312.000000     	0.855015  
1313.000000     	0.855137  
1314.000000     	0.855305  
1315.000000     	0.855476  
1316.000000     	0.855635  
1317.000000     	0.855824  
1318.000000     	0.855980  
1319.000000     	0.856120  
1320.000000     	0.856310  
1321.000000     	0.856484  
1322.000000     	0.856685  
1323.000000     	0.856825  
1324.000000     	0.856978  
1325.000000     	0.857152  
1326.000000     	0.857308  
1327.000000     	0.857488  
1328.000000     	0.857668  
1329.000000     	0.857824  
1330.000000     	0.858022  
1331.000000     	0.858184  
1332.000000     	0.858370  
1333.000000     	0.858568  
1334.000000     	0.858748  
1335.000000     	0.858892  
1336.000000     	0.859078  
1337.000000     	0.859258  
1338.000000     	0.859396  
1339.000000     	0.859536  
1340.000000     	0.859673  
1341.000000     	0.859826  
1342.000000     	0.859985  
1343.000000     	0.860171  
1344.000000     	0.860320  
1345.000000     	0.860531  
1346.000000     	0.860702  
1347.000000     	0.860870  
1348.000000     	0.861016  
1349.000000     	0.861154  
1350.000000     	0.861325  
1351.000000     	0.861529  
1352.000000     	0.861663  
1353.000000     	0.861810  
1354.000000     	0.861969  
1355.000000     	0.862121  
1356.000000     	0.862268  
1357.000000     	0.862414  
1358.000000     	0.862555  
1359.000000     	0.862726  
1360.000000     	0.862866  
1361.000000     	0.863019  
1362.000000     	0.863153  
1363.000000     	0.863312  
1364.000000     	0.863477  
1365.000000     	0.863660  
1366.000000     	0.863825  
1367.000000     	0.863968  
1368.000000     	0.864124  
1369.000000     	0.864282  
1370.000000     	0.864459  
1371.000000     	0.864664  
1372.000000     	0.864810  
1373.000000     	0.864942  
1374.000000     	0.865110  
1375.000000     	0.865302  
1376.000000     	0.865494  
1377.000000     	0.865659  
1378.000000     	0.865821  
1379.000000     	0.865992  
1380.000000     	0.866175  
1381.000000     	0.866330  
1382.000000     	0.866529  
1383.000000     	0.866672  
1384.000000     	0.866837  
1385.000000     	0.867002  
1386.000000     	0.867164  
1387.000000     	0.867341  
1388.000000     	0.867545  
1389.000000     	0.867698  
1390.000000     	0.867860  
1391.000000     	0.868031  
1392.000000     	0.868180  
1393.000000     	0.868321  
1394.000000     	0.868525  
1395.000000     	0.868687  
1396.000000     	0.868836  
1397.000000     	0.868998  
1398.000000     	0.869120  
1399.000000     	0.869270  
1400.000000     	0.869453  
1401.000000     	0.869645  
1402.000000     	0.869807  
1403.000000     	0.869966  
1404.000000     	0.870125  
1405.000000     	0.870311  
1406.000000     	0.870473  
1407.000000     	0.870634  
1408.000000     	0.870790  
1409.000000     	0.870988  
1410.000000     	0.871095  
1411.000000     	0.871272  
1412.000000     	0.871477  
1413.000000     	0.871660  
1414.000000     	0.871813  
1415.000000     	0.872008  
1416.000000     	0.872142  
1417.000000     	0.872289  
1418.000000     	0.872411  
1419.000000     	0.872570  
1420.000000     	0.872710  
1421.000000     	0.872844  
1422.000000     	0.873034  
1423.000000     	0.873177  
1424.000000     	0.873351  
1425.000000     	0.873482  
1426.000000     	0.873632  
1427.000000     	0.873797  
1428.000000     	0.873961  
1429.000000     	0.874145  
1430.000000     	0.874309  
1431.000000     	0.874450  
1432.000000     	0.874599  
1433.000000     	0.874764  
1434.000000     	0.874926  
1435.000000     	0.875063  
1436.000000     	0.875222  
1437.000000     	0.875381  
1438.000000     	0.875573  
1439.000000     	0.875753  
1440.000000     	0.875909  
1441.000000     	0.876104  
1442.000000     	0.876217  
1443.000000     	0.876385  
1444.000000     	0.876550  
1445.000000     	0.876690  
1446.000000     	0.876837  
1447.000000     	0.876968  
1448.000000     	0.877111  
1449.000000     	0.877246  
1450.000000     	0.877411  
1451.000000     	0.877539  
1452.000000     	0.877722  
1453.000000     	0.877933  
1454.000000     	0.878070  
1455.000000     	0.878247  
1456.000000     	0.878375  
1457.000000     	0.878540  
1458.000000     	0.878687  
1459.000000     	0.878842  
1460.000000     	0.878998  
1461.000000     	0.879157  
1462.000000     	0.879288  
1463.000000     	0.879422  
1464.000000     	0.879584  
1465.000000     	0.879764  
1466.000000     	0.879889  
1467.000000     	0.880066  
1468.000000     	0.880197  
1469.000000     	0.880347  
1470.000000     	0.880484  
1471.000000     	0.880597  
1472.000000     	0.880732  
1473.000000     	0.880884  
1474.000000     	0.881043  
1475.000000     	0.881174  
1476.000000     	0.881330  
1477.000000     	0.881458  
1478.000000     	0.881620  
1479.000000     	0.881763  
1480.000000     	0.881907  
1481.000000     	0.882053  
1482.000000     	0.882197  
1483.000000     	0.882340  
1484.000000     	0.882502  
1485.000000     	0.882645  
1486.000000     	0.882768  
1487.000000     	0.882893  
1488.000000     	0.883021  
1489.000000     	0.883189  
1490.000000     	0.883332  
1491.000000     	0.883448  
1492.000000     	0.883573  
1493.000000     	0.883698  
1494.000000     	0.883879  
1495.000000     	0.884019  
1496.000000     	0.884141  
1497.000000     	0.884303  
1498.000000     	0.884455  
1499.000000     	0.884590  
1500.000000     	0.884749  
1501.000000     	0.884889  
1502.000000     	0.885023  
1503.000000     	0.885185  
1504.000000     	0.885335  
1505.000000     	0.885448  
1506.000000     	0.885612  
1507.000000     	0.885747  
1508.000000     	0.885893  
1509.000000     	0.886012  
1510.000000     	0.886128  
1511.000000     	0.886223  
1512.000000     	0.886348  
1513.000000     	0.886485  
1514.000000     	0.886629  
1515.000000     	0.886757  
1516.000000     	0.886885  
1517.000000     	0.887010  
1518.000000     	0.887160  
1519.000000     	0.887270  
1520.000000     	0.887389  
1521.000000     	0.887523  
1522.000000     	0.887679  
1523.000000     	0.887801  
1524.000000     	0.887935  
1525.000000     	0.888088  
1526.000000     	0.888222  
1527.000000     	0.888372  
1528.000000     	0.888500  
1529.000000     	0.888622  
1530.000000     	0.888753  
1531.000000     	0.888912  
1532.000000     	0.889043  
1533.000000     	0.889168  
1534.000000     	0.889324  
1535.000000     	0.889443  
1536.000000     	0.889565  
1537.000000     	0.889721  
1538.000000     	0.889873  
1539.000000     	0.890002  
1540.000000     	0.890151  
1541.000000     	0.890282  
1542.000000     	0.890423  
1543.000000     	0.890551  
1544.000000     	0.890676  
1545.000000     	0.890811  
1546.000000     	0.890927  
1547.000000     	0.891091  
1548.000000     	0.891256  
1549.000000     	0.891384  
1550.000000     	0.891519  
1551.000000     	0.891653  
1552.000000     	0.891784  
1553.000000     	0.891931  
1554.000000     	0.892038  
1555.000000     	0.892184  
1556.000000     	0.892309  
1557.000000     	0.892431  
1558.000000     	0.892553  
1559.000000     	0.892682  
1560.000000     	0.892825  
1561.000000     	0.892953  
1562.000000     	0.893063  
1563.000000     	0.893188  
1564.000000     	0.893317  
1565.000000     	0.893429  
1566.000000     	0.893567  
1567.000000     	0.893668  
1568.000000     	0.893808  
1569.000000     	0.893939  
1570.000000     	0.894083  
1571.000000     	0.894220  
1572.000000     	0.894318  
1573.000000     	0.894431  
1574.000000     	0.894583  
1575.000000     	0.894693  
1576.000000     	0.894794  
1577.000000     	0.894913  
1578.000000     	0.895023  
1579.000000     	0.895117  
1580.000000     	0.895224  
1581.000000     	0.895352  
1582.000000     	0.895465  
1583.000000     	0.895603  
1584.000000     	0.895707  
1585.000000     	0.895874  
1586.000000     	0.896006  
1587.000000     	0.896137  
1588.000000     	0.896259  
1589.000000     	0.896372  
1590.000000     	0.896476  
1591.000000     	0.896598  
1592.000000     	0.896692  
1593.000000     	0.896784  
1594.000000     	0.896851  
1595.000000     	0.896970  
1596.000000     	0.897086  
1597.000000     	0.897202  
1598.000000     	0.897324  
1599.000000     	0.897459  
1600.000000     	0.897575  
1601.000000     	0.897691  
1602.000000     	0.897800  
1603.000000     	0.897916  
1604.000000     	0.898026  
1605.000000     	0.898130  
1606.000000     	0.898267  
1607.000000     	0.898420  
1608.000000     	0.898533  
1609.000000     	0.898667  
1610.000000     	0.898796  
1611.000000     	0.898899  
1612.000000     	0.899028  
1613.000000     	0.899147  
1614.000000     	0.899232  
1615.000000     	0.899336  
1616.000000     	0.899461  
1617.000000     	0.899568  
1618.000000     	0.899678  
1619.000000     	0.899788  
1620.000000     	0.899919  
1621.000000     	0.900044  
1622.000000     	0.900175  
1623.000000     	0.900276  
1624.000000     	0.900404  
1626.000000     	0.900609  
1627.000000     	0.900737  
1628.000000     	0.900847  
1629.000000     	0.900966  
1630.000000     	0.901097  
1631.000000     	0.901173  
1632.000000     	0.901338  
1633.000000     	0.901451  
1634.000000     	0.901534  
1635.000000     	0.901637  
1636.000000     	0.901747  
1637.000000     	0.901875  
1638.000000     	0.901994  
1639.000000     	0.902095  
1640.000000     	0.902211  
1641.000000     	0.902306  
1642.000000     	0.902464  
1643.000000     	0.902577  
1644.000000     	0.902666  
1645.000000     	0.902727  
1646.000000     	0.902822  
1647.000000     	0.902944  
1648.000000     	0.903044  
1649.000000     	0.903163  
1650.000000     	0.903246  
1651.000000     	0.903337  
1652.000000     	0.903438  
1653.000000     	0.903530  
1654.000000     	0.903646  
1655.000000     	0.903762  
1656.000000     	0.903890  
1657.000000     	0.904018  
1658.000000     	0.904122  
1659.000000     	0.904226  
1660.000000     	0.904345  
1661.000000     	0.904473  
1662.000000     	0.904571  
1663.000000     	0.904705  
1664.000000     	0.904812  
1665.000000     	0.904925  
1666.000000     	0.905016  
1667.000000     	0.905135  
1668.000000     	0.905242  
1669.000000     	0.905364  
1670.000000     	0.905489  
1671.000000     	0.905587  
1672.000000     	0.905691  
1673.000000     	0.905785  
1674.000000     	0.905880  
1675.000000     	0.905975  
1676.000000     	0.906085  
1677.000000     	0.906204  
1678.000000     	0.906326  
1679.000000     	0.906426  
1680.000000     	0.906570  
1681.000000     	0.906671  
1682.000000     	0.906768  
1683.000000     	0.906872  
1684.000000     	0.906955  
1685.000000     	0.907046  
1686.000000     	0.907168  
1687.000000     	0.907278  
1688.000000     	0.907367  
1689.000000     	0.907486  
1690.000000     	0.907580  
1691.000000     	0.907672  
1692.000000     	0.907742  
1693.000000     	0.907858  
1694.000000     	0.907962  
1695.000000     	0.908056  
1696.000000     	0.908154  
1697.000000     	0.908233  
1698.000000     	0.908349  
1699.000000     	0.908459  
1700.000000     	0.908560  
1701.000000     	0.908618  
1702.000000     	0.908719  
1703.000000     	0.908801  
1704.000000     	0.908908  
1705.000000     	0.909042  
1706.000000     	0.909122  
1707.000000     	0.909229  
1708.000000     	0.909320  
1709.000000     	0.909421  
1710.000000     	0.909525  
1711.000000     	0.909619  
1712.000000     	0.909726  
1713.000000     	0.909824  
1714.000000     	0.909912  
1716.000000     	0.910068  
1717.000000     	0.910153  
1718.000000     	0.910236  
1719.000000     	0.910330  
1720.000000     	0.910422  
1721.000000     	0.910504  
1722.000000     	0.910611  
1723.000000     	0.910709  
1725.000000     	0.910862  
1726.000000     	0.910941  
1727.000000     	0.911023  
1728.000000     	0.911109  
1729.000000     	0.911203  
1730.000000     	0.911304  
1732.000000     	0.911478  
1733.000000     	0.911570  
1734.000000     	0.911670  
1735.000000     	0.911750  
1736.000000     	0.911844  
1737.000000     	0.911939  
1738.000000     	0.912049  
1739.000000     	0.912141  
1740.000000     	0.912214  
1741.000000     	0.912321  
1742.000000     	0.912434  
1743.000000     	0.912510  
1744.000000     	0.912601  
1746.000000     	0.912720  
1747.000000     	0.912815  
1748.000000     	0.912916  
1749.000000     	0.913007  
1751.000000     	0.913139  
1752.000000     	0.913245  
1753.000000     	0.913328  
1754.000000     	0.913438  
1755.000000     	0.913551  
1756.000000     	0.913633  
1757.000000     	0.913722  
1758.000000     	0.913813  
1760.000000     	0.913972  
1761.000000     	0.914054  
1762.000000     	0.914164  
1763.000000     	0.914247  
1764.000000     	0.914335  
1765.000000     	0.914451  
1766.000000     	0.914521  
1768.000000     	0.914665  
1769.000000     	0.914738  
1770.000000     	0.914842  
1771.000000     	0.914924  
1772.000000     	0.915022  
1773.000000     	0.915107  
1775.000000     	0.915233  
1776.000000     	0.915324  
1777.000000     	0.915413  
1779.000000     	0.915577  
1780.000000     	0.915648  
1781.000000     	0.915712  
1783.000000     	0.915892  
1784.000000     	0.915959  
1785.000000     	0.916044  
1786.000000     	0.916112  
1788.000000     	0.916273  
1789.000000     	0.916383  
1790.000000     	0.916487  
1791.000000     	0.916585  
1792.000000     	0.916673  
1793.000000     	0.916731  
1794.000000     	0.916817  
1796.000000     	0.916972  
1797.000000     	0.917040  
1798.000000     	0.917128  
1799.000000     	0.917210  
1801.000000     	0.917360  
1802.000000     	0.917446  
1803.000000     	0.917513  
1804.000000     	0.917607  
1806.000000     	0.917781  
1807.000000     	0.917867  
1808.000000     	0.917931  
1810.000000     	0.918071  
1811.000000     	0.918169  
1812.000000     	0.918282  
1813.000000     	0.918346  
1814.000000     	0.918441  
1815.000000     	0.918514  
1817.000000     	0.918679  
1818.000000     	0.918758  
1819.000000     	0.918807  
1821.000000     	0.918956  
1822.000000     	0.919014  
1824.000000     	0.919179  
1825.000000     	0.919240  
1826.000000     	0.919301  
1828.000000     	0.919430  
1829.000000     	0.919536  
1830.000000     	0.919637  
1831.000000     	0.919741  
1833.000000     	0.919872  
1834.000000     	0.919933  
1835.000000     	0.920016  
1837.000000     	0.920153  
1838.000000     	0.920245  
1839.000000     	0.920324  
1841.000000     	0.920477  
1842.000000     	0.920550  
1843.000000     	0.920632  
1844.000000     	0.920718  
1846.000000     	0.920855  
1847.000000     	0.920940  
1848.000000     	0.921008  
1850.000000     	0.921160  
1851.000000     	0.921224  
1852.000000     	0.921301  
1853.000000     	0.921401  
1855.000000     	0.921545  
1856.000000     	0.921615  
1857.000000     	0.921704  
1858.000000     	0.921801  
1860.000000     	0.921954  
1861.000000     	0.922033  
1862.000000     	0.922110  
1864.000000     	0.922287  
1865.000000     	0.922384  
1866.000000     	0.922458  
1867.000000     	0.922522  
1869.000000     	0.922665  
1870.000000     	0.922744  
1871.000000     	0.922830  
1873.000000     	0.922955  
1874.000000     	0.923068  
1875.000000     	0.923141  
1876.000000     	0.923230  
1877.000000     	0.923315  
1879.000000     	0.923459  
1880.000000     	0.923544  
1881.000000     	0.923620  
1882.000000     	0.923721  
1883.000000     	0.923804  
1885.000000     	0.923956  
1886.000000     	0.924023  
1888.000000     	0.924161  
1889.000000     	0.924240  
1890.000000     	0.924301  
1892.000000     	0.924420  
1894.000000     	0.924539  
1895.000000     	0.924619  
1897.000000     	0.924771  
1898.000000     	0.924857  
1899.000000     	0.924933  
1900.000000     	0.925015  
1901.000000     	0.925110  
1903.000000     	0.925275  
1904.000000     	0.925351  
1905.000000     	0.925412  
1907.000000     	0.925556  
1908.000000     	0.925629  
1910.000000     	0.925733  
1911.000000     	0.925809  
1913.000000     	0.925910  
1915.000000     	0.926090  
1916.000000     	0.926166  
1917.000000     	0.926252  
1918.000000     	0.926307  
1920.000000     	0.926502  
1922.000000     	0.926648  
1923.000000     	0.926728  
1925.000000     	0.926853  
1926.000000     	0.926917  
1928.000000     	0.927036  
1929.000000     	0.927115  
1931.000000     	0.927253  
1932.000000     	0.927317  
1934.000000     	0.927457  
1935.000000     	0.927528  
1936.000000     	0.927601  
1938.000000     	0.927723  
1940.000000     	0.927811  
1941.000000     	0.927924  
1943.000000     	0.928046  
1944.000000     	0.928135  
1946.000000     	0.928242  
1947.000000     	0.928303  
1949.000000     	0.928434  
1950.000000     	0.928504  
1952.000000     	0.928651  
1954.000000     	0.928752  
1955.000000     	0.928803  
1957.000000     	0.928916  
1959.000000     	0.929005  
1961.000000     	0.929106  
1963.000000     	0.929246  
1964.000000     	0.929350  
1965.000000     	0.929405  
1967.000000     	0.929521  
1969.000000     	0.929655  
1970.000000     	0.929731  
1971.000000     	0.929808  
1973.000000     	0.929927  
1975.000000     	0.930052  
1976.000000     	0.930107  
1978.000000     	0.930220  
1979.000000     	0.930302  
1981.000000     	0.930403  
1984.000000     	0.930528  
1985.000000     	0.930607  
1987.000000     	0.930729  
1988.000000     	0.930809  
1990.000000     	0.930913  
1992.000000     	0.931047  
1993.000000     	0.931102  
1995.000000     	0.931227  
1996.000000     	0.931306  
1998.000000     	0.931444  
2000.000000     	0.931566  
2001.000000     	0.931624  
2002.000000     	0.931703  
2005.000000     	0.931868  
2006.000000     	0.931932  
2008.000000     	0.932045  
2010.000000     	0.932164  
2011.000000     	0.932274  
2012.000000     	0.932341  
2013.000000     	0.932402  
2015.000000     	0.932515  
2017.000000     	0.932628  
2018.000000     	0.932717  
2020.000000     	0.932863  
2021.000000     	0.932936  
2023.000000     	0.933046  
2024.000000     	0.933116  
2026.000000     	0.933223  
2028.000000     	0.933354  
2029.000000     	0.933409  
2031.000000     	0.933513  
2033.000000     	0.933629  
2035.000000     	0.933764  
2036.000000     	0.933818  
2038.000000     	0.933919  
2040.000000     	0.934050  
2041.000000     	0.934115  
2043.000000     	0.934209  
2045.000000     	0.934322  
2047.000000     	0.934441  
2048.000000     	0.934508  
2050.000000     	0.934609  
2052.000000     	0.934734  
2054.000000     	0.934853  
2055.000000     	0.934920  
2057.000000     	0.935018  
2059.000000     	0.935116  
2061.000000     	0.935213  
2063.000000     	0.935335  
2065.000000     	0.935442  
2067.000000     	0.935558  
2068.000000     	0.935613  
2070.000000     	0.935735  
2071.000000     	0.935802  
2073.000000     	0.935909  
2075.000000     	0.936041  
2076.000000     	0.936108  
2078.000000     	0.936227  
2080.000000     	0.936355  
2081.000000     	0.936401  
2083.000000     	0.936526  
2085.000000     	0.936648  
2086.000000     	0.936721  
2088.000000     	0.936813  
2091.000000     	0.936962  
2092.000000     	0.937011  
2093.000000     	0.937103  
2095.000000     	0.937210  
2097.000000     	0.937341  
2099.000000     	0.937432  
2101.000000     	0.937545  
2103.000000     	0.937680  
2104.000000     	0.937759  
2105.000000     	0.937841  
2106.000000     	0.937912  
2108.000000     	0.938009  
2110.000000     	0.938110  
2113.000000     	0.938244  
2115.000000     	0.938370  
2116.000000     	0.938412  
2118.000000     	0.938525  
2120.000000     	0.938632  
2122.000000     	0.938742  
2124.000000     	0.938855  
2125.000000     	0.938910  
2127.000000     	0.939041  
2128.000000     	0.939102  
2131.000000     	0.939221  
2133.000000     	0.939355  
2134.000000     	0.939401  
2136.000000     	0.939526  
2138.000000     	0.939639  
2140.000000     	0.939746  
2142.000000     	0.939847  
2143.000000     	0.939926  
2145.000000     	0.940039  
2146.000000     	0.940116  
2148.000000     	0.940238  
2150.000000     	0.940338  
2152.000000     	0.940445  
2154.000000     	0.940555  
2155.000000     	0.940625  
2157.000000     	0.940735  
2159.000000     	0.940830  
2161.000000     	0.940943  
2163.000000     	0.941071  
2164.000000     	0.941117  
2166.000000     	0.941224  
2168.000000     	0.941312  
2171.000000     	0.941459  
2172.000000     	0.941550  
2173.000000     	0.941605  
2175.000000     	0.941709  
2177.000000     	0.941816  
2179.000000     	0.941932  
2181.000000     	0.942063  
2182.000000     	0.942103  
2184.000000     	0.942203  
2186.000000     	0.942325  
2188.000000     	0.942435  
2189.000000     	0.942502  
2191.000000     	0.942609  
2193.000000     	0.942701  
2196.000000     	0.942847  
2197.000000     	0.942911  
2199.000000     	0.943037  
2201.000000     	0.943153  
2202.000000     	0.943226  
2204.000000     	0.943333  
2206.000000     	0.943449  
2207.000000     	0.943525  
2209.000000     	0.943672  
2210.000000     	0.943705  
2212.000000     	0.943827  
2214.000000     	0.943946  
2215.000000     	0.944007  
2217.000000     	0.944120  
2219.000000     	0.944233  
2221.000000     	0.944349  
2222.000000     	0.944419  
2224.000000     	0.944535  
2226.000000     	0.944639  
2228.000000     	0.944749  
2229.000000     	0.944801  
2231.000000     	0.944917  
2234.000000     	0.945027  
2236.000000     	0.945131  
2238.000000     	0.945213  
2240.000000     	0.945320  
2242.000000     	0.945402  
2244.000000     	0.945524  
2246.000000     	0.945628  
2248.000000     	0.945711  
2250.000000     	0.945830  
2252.000000     	0.945927  
2254.000000     	0.946034  
2256.000000     	0.946150  
2257.000000     	0.946202  
2260.000000     	0.946351  
2261.000000     	0.946419  
2263.000000     	0.946507  
2265.000000     	0.946617  
2268.000000     	0.946757  
2270.000000     	0.946837  
2272.000000     	0.946919  
2274.000000     	0.947005  
2277.000000     	0.947148  
2278.000000     	0.947209  
2280.000000     	0.947337  
2282.000000     	0.947438  
2285.000000     	0.947554  
2286.000000     	0.947618  
2289.000000     	0.947749  
2291.000000     	0.947835  
2293.000000     	0.947969  
2294.000000     	0.948027  
2296.000000     	0.948116  
2298.000000     	0.948207  
2300.000000     	0.948314  
2302.000000     	0.948421  
2304.000000     	0.948534  
2306.000000     	0.948626  
2308.000000     	0.948745  
2309.000000     	0.948803  
2312.000000     	0.948940  
2314.000000     	0.949031  
2315.000000     	0.949108  
2318.000000     	0.949257  
2320.000000     	0.949325  
2322.000000     	0.949401  
2324.000000     	0.949502  
2326.000000     	0.949602  
2329.000000     	0.949727  
2331.000000     	0.949810  
2333.000000     	0.949926  
2335.000000     	0.950020  
2337.000000     	0.950109  
2339.000000     	0.950231  
2341.000000     	0.950344  
2343.000000     	0.950439  
2345.000000     	0.950561  
2347.000000     	0.950646  
2349.000000     	0.950716  
2351.000000     	0.950814  
2354.000000     	0.950939  
2356.000000     	0.951028  
2358.000000     	0.951101  
2361.000000     	0.951248  
2363.000000     	0.951333  
2365.000000     	0.951403  
2367.000000     	0.951516  
2369.000000     	0.951623  
2371.000000     	0.951715  
2374.000000     	0.951818  
2376.000000     	0.951901  
2379.000000     	0.952023  
2381.000000     	0.952108  
2384.000000     	0.952224  
2386.000000     	0.952304  
2390.000000     	0.952438  
2392.000000     	0.952539  
2394.000000     	0.952621  
2396.000000     	0.952713  
2399.000000     	0.952838  
2401.000000     	0.952923  
2404.000000     	0.953039  
2406.000000     	0.953103  
2409.000000     	0.953228  
2411.000000     	0.953311  
2414.000000     	0.953402  
2417.000000     	0.953525  
2420.000000     	0.953647  
2422.000000     	0.953726  
2424.000000     	0.953827  
2426.000000     	0.953906  
2429.000000     	0.954022  
2432.000000     	0.954120  
2435.000000     	0.954221  
2438.000000     	0.954303  
2441.000000     	0.954437  
2443.000000     	0.954535  
2445.000000     	0.954626  
2447.000000     	0.954727  
2449.000000     	0.954800  
2452.000000     	0.954935  
2454.000000     	0.955035  
2456.000000     	0.955103  
2459.000000     	0.955234  
2461.000000     	0.955304  
2464.000000     	0.955420  
2467.000000     	0.955539  
2469.000000     	0.955603  
2472.000000     	0.955750  
2474.000000     	0.955817  
2476.000000     	0.955908  
2480.000000     	0.956012  
2483.000000     	0.956125  
2485.000000     	0.956214  
2488.000000     	0.956321  
2491.000000     	0.956424  
2493.000000     	0.956501  
2496.000000     	0.956601  
2499.000000     	0.956717  
2501.000000     	0.956806  
2505.000000     	0.956910  
2508.000000     	0.957026  
2511.000000     	0.957123  
2514.000000     	0.957236  
2517.000000     	0.957352  
2518.000000     	0.957401  
2521.000000     	0.957520  
2523.000000     	0.957615  
2526.000000     	0.957722  
2528.000000     	0.957804  
2532.000000     	0.957947  
2535.000000     	0.958027  
2537.000000     	0.958103  
2540.000000     	0.958216  
2543.000000     	0.958320  
2546.000000     	0.958418  
2549.000000     	0.958521  
2551.000000     	0.958613  
2554.000000     	0.958723  
2557.000000     	0.958817  
2560.000000     	0.958949  
2562.000000     	0.959016  
2566.000000     	0.959110  
2570.000000     	0.959214  
2574.000000     	0.959303  
2576.000000     	0.959406  
2580.000000     	0.959513  
2583.000000     	0.959608  
2586.000000     	0.959715  
2589.000000     	0.959816  
2591.000000     	0.959904  
2595.000000     	0.960038  
2597.000000     	0.960112  
2601.000000     	0.960237  
2605.000000     	0.960347  
2608.000000     	0.960435  
2611.000000     	0.960511  
2614.000000     	0.960624  
2618.000000     	0.960713  
2621.000000     	0.960817  
2624.000000     	0.960917  
2627.000000     	0.961024  
2630.000000     	0.961128  
2634.000000     	0.961232  
2637.000000     	0.961317  
2640.000000     	0.961433  
2643.000000     	0.961503  
2646.000000     	0.961616  
2650.000000     	0.961708  
2655.000000     	0.961824  
2658.000000     	0.961909  
2662.000000     	0.962022  
2665.000000     	0.962111  
2668.000000     	0.962202  
2673.000000     	0.962328  
2677.000000     	0.962428  
2680.000000     	0.962520  
2683.000000     	0.962602  
2686.000000     	0.962718  
2689.000000     	0.962816  
2692.000000     	0.962905  
2696.000000     	0.963005  
2700.000000     	0.963112  
2703.000000     	0.963201  
2706.000000     	0.963301  
2710.000000     	0.963436  
2714.000000     	0.963524  
2717.000000     	0.963600  
2722.000000     	0.963729  
2725.000000     	0.963826  
2728.000000     	0.963909  
2732.000000     	0.964022  
2735.000000     	0.964110  
2738.000000     	0.964205  
2744.000000     	0.964333  
2747.000000     	0.964403  
2751.000000     	0.964504  
2756.000000     	0.964632  
2759.000000     	0.964718  
2764.000000     	0.964828  
2768.000000     	0.964922  
2772.000000     	0.965026  
2775.000000     	0.965127  
2779.000000     	0.965218  
2782.000000     	0.965304  
2786.000000     	0.965435  
2789.000000     	0.965527  
2793.000000     	0.965621  
2797.000000     	0.965700  
2801.000000     	0.965813  
2804.000000     	0.965905  
2809.000000     	0.966018  
2813.000000     	0.966119  
2817.000000     	0.966222  
2820.000000     	0.966311  
2824.000000     	0.966406  
2828.000000     	0.966506  
2833.000000     	0.966625  
2838.000000     	0.966732  
2842.000000     	0.966815  
2846.000000     	0.966915  
2850.000000     	0.967001  
2855.000000     	0.967120  
2859.000000     	0.967211  
2863.000000     	0.967327  
2866.000000     	0.967401  
2871.000000     	0.967520  
2876.000000     	0.967630  
2880.000000     	0.967724  
2884.000000     	0.967810  
2888.000000     	0.967904  
2893.000000     	0.968042  
2896.000000     	0.968103  
2900.000000     	0.968231  
2903.000000     	0.968304  
2907.000000     	0.968417  
2911.000000     	0.968512  
2915.000000     	0.968616  
2919.000000     	0.968707  
2923.000000     	0.968805  
2926.000000     	0.968921  
2930.000000     	0.969012  
2934.000000     	0.969134  
2936.000000     	0.969202  
2941.000000     	0.969324  
2945.000000     	0.969415  
2949.000000     	0.969504  
2955.000000     	0.969620  
2958.000000     	0.969711  
2963.000000     	0.969818  
2968.000000     	0.969901  
2973.000000     	0.970010  
2977.000000     	0.970111  
2981.000000     	0.970209  
2987.000000     	0.970313  
2990.000000     	0.970407  
2995.000000     	0.970505  
2999.000000     	0.970606  
3003.000000     	0.970700  
3008.000000     	0.970804  
3012.000000     	0.970917  
3017.000000     	0.971006  
3022.000000     	0.971106  
3026.000000     	0.971210  
3033.000000     	0.971302  
3038.000000     	0.971402  
3044.000000     	0.971527  
3047.000000     	0.971604  
3052.000000     	0.971708  
3057.000000     	0.971811  
3063.000000     	0.971918  
3068.000000     	0.972010  
3073.000000     	0.972104  
3078.000000     	0.972208  
3085.000000     	0.972306  
3090.000000     	0.972413  
3095.000000     	0.972510  
3101.000000     	0.972605  
3108.000000     	0.972712  
3113.000000     	0.972803  
3119.000000     	0.972919  
3126.000000     	0.973029  
3130.000000     	0.973118  
3136.000000     	0.973203  
3142.000000     	0.973307  
3147.000000     	0.973408  
3151.000000     	0.973502  
3159.000000     	0.973609  
3164.000000     	0.973701  
3168.000000     	0.973817  
3175.000000     	0.973927  
3180.000000     	0.974003  
3185.000000     	0.974110  
3191.000000     	0.974201  
3197.000000     	0.974302  
3203.000000     	0.974406  
3208.000000     	0.974513  
3215.000000     	0.974623  
3221.000000     	0.974714  
3226.000000     	0.974812  
3231.000000     	0.974903  
3237.000000     	0.975013  
3243.000000     	0.975114  
3248.000000     	0.975209  
3253.000000     	0.975325  
3258.000000     	0.975419  
3262.000000     	0.975505  
3269.000000     	0.975612  
3275.000000     	0.975706  
3280.000000     	0.975801  
3287.000000     	0.975905  
3295.000000     	0.976011  
3301.000000     	0.976121  
3307.000000     	0.976210  
3313.000000     	0.976307  
3321.000000     	0.976411  
3326.000000     	0.976515  
3331.000000     	0.976607  
3339.000000     	0.976701  
3345.000000     	0.976808  
3350.000000     	0.976915  
3355.000000     	0.977006  
3362.000000     	0.977107  
3372.000000     	0.977208  
3378.000000     	0.977306  
3386.000000     	0.977415  
3393.000000     	0.977519  
3399.000000     	0.977614  
3405.000000     	0.977702  
3415.000000     	0.977809  
3424.000000     	0.977907  
3432.000000     	0.978005  
3439.000000     	0.978114  
3446.000000     	0.978212  
3456.000000     	0.978304  
3463.000000     	0.978401  
3471.000000     	0.978511  
3478.000000     	0.978606  
3485.000000     	0.978701  
3493.000000     	0.978801  
3502.000000     	0.978902  
3510.000000     	0.979009  
3516.000000     	0.979100  
3525.000000     	0.979204  
3533.000000     	0.979308  
3542.000000     	0.979415  
3548.000000     	0.979506  
3556.000000     	0.979616  
3562.000000     	0.979702  
3572.000000     	0.979815  
3580.000000     	0.979909  
3588.000000     	0.980004  
3601.000000     	0.980114  
3610.000000     	0.980211  
3619.000000     	0.980315  
3630.000000     	0.980404  
3639.000000     	0.980514  
3647.000000     	0.980602  
3662.000000     	0.980715  
3672.000000     	0.980807  
3685.000000     	0.980914  
3695.000000     	0.981002  
3704.000000     	0.981103  
3714.000000     	0.981207  
3724.000000     	0.981310  
3735.000000     	0.981402  
3748.000000     	0.981506  
3761.000000     	0.981603  
3768.000000     	0.981704  
3780.000000     	0.981817  
3789.000000     	0.981906  
3797.000000     	0.982000  
3812.000000     	0.982104  
3821.000000     	0.982202  
3832.000000     	0.982302  
3843.000000     	0.982400  
3855.000000     	0.982501  
3867.000000     	0.982608  
3878.000000     	0.982708  
3890.000000     	0.982803  
3903.000000     	0.982904  
3913.000000     	0.983004  
3926.000000     	0.983105  
3941.000000     	0.983209  
3952.000000     	0.983300  
3963.000000     	0.983407  
3975.000000     	0.983505  
3985.000000     	0.983606  
3999.000000     	0.983703  
4017.000000     	0.983801  
4028.000000     	0.983902  
4042.000000     	0.984006  
4059.000000     	0.984103  
4075.000000     	0.984204  
4084.000000     	0.984302  
4099.000000     	0.984405  
4112.000000     	0.984500  
4126.000000     	0.984604  
4139.000000     	0.984702  
4152.000000     	0.984811  
4165.000000     	0.984909  
4178.000000     	0.985001  
4190.000000     	0.985107  
4207.000000     	0.985202  
4220.000000     	0.985327  
4232.000000     	0.985401  
4253.000000     	0.985504  
4266.000000     	0.985605  
4282.000000     	0.985706  
4300.000000     	0.985813  
4313.000000     	0.985907  
4330.000000     	0.986002  
4351.000000     	0.986103  
4368.000000     	0.986200  
4388.000000     	0.986301  
4407.000000     	0.986402  
4424.000000     	0.986512  
4442.000000     	0.986600  
4464.000000     	0.986701  
4488.000000     	0.986802  
4510.000000     	0.986902  
4531.000000     	0.987003  
4555.000000     	0.987104  
4578.000000     	0.987204  
4605.000000     	0.987308  
4626.000000     	0.987406  
4644.000000     	0.987507  
4663.000000     	0.987604  
4681.000000     	0.987705  
4704.000000     	0.987803  
4733.000000     	0.987900  
4762.000000     	0.988001  
4781.000000     	0.988105  
4807.000000     	0.988203  
4840.000000     	0.988300  
4866.000000     	0.988401  
4889.000000     	0.988505  
4923.000000     	0.988605  
4952.000000     	0.988703  
4981.000000     	0.988804  
5014.000000     	0.988905  
5045.000000     	0.989005  
5074.000000     	0.989106  
5110.000000     	0.989207  
5137.000000     	0.989301  
5165.000000     	0.989405  
5202.000000     	0.989503  
5236.000000     	0.989601  
5270.000000     	0.989704  
5310.000000     	0.989802  
5348.000000     	0.989903  
5380.000000     	0.990003  
5422.000000     	0.990101  
5466.000000     	0.990202  
5508.000000     	0.990303  
5549.000000     	0.990403  
5611.000000     	0.990501  
5676.000000     	0.990602  
5759.000000     	0.990702  
5846.000000     	0.990800  
5903.000000     	0.990901  
5964.000000     	0.991005  
6035.000000     	0.991105  
6119.000000     	0.991200  
6182.000000     	0.991304  
6244.000000     	0.991401  
6338.000000     	0.991502  
6440.000000     	0.991603  
6551.000000     	0.991701  
6670.000000     	0.991801  
6782.000000     	0.991902  
6875.000000     	0.992003  
6989.000000     	0.992100  
7140.000000     	0.992204  
7283.000000     	0.992305  
7411.000000     	0.992403  
7553.000000     	0.992500  
7749.000000     	0.992601  
7906.000000     	0.992702  
8162.000000     	0.992803  
8358.000000     	0.992900  
8576.000000     	0.993004  
8820.000000     	0.993105  
8987.000000     	0.993202  
9207.000000     	0.993303  
9432.000000     	0.993404  
9635.000000     	0.993501  
9989.000000     	0.993602  
10163.000000    	0.993703  
10465.000000    	0.993801  
10748.000000    	0.993901  
11049.000000    	0.994002  
11344.000000    	0.994103  
11602.000000    	0.994200  
11839.000000    	0.994301  
12073.000000    	0.994402  
12398.000000    	0.994503  
12608.000000    	0.994600  
12982.000000    	0.994701  
13228.000000    	0.994802  
13462.000000    	0.994903  
13779.000000    	0.995000  
14090.000000    	0.995101  
14302.000000    	0.995202  
14570.000000    	0.995305  
14948.000000    	0.995400  
15273.000000    	0.995501  
15574.000000    	0.995602  
15931.000000    	0.995702  
16177.000000    	0.995803  
16473.000000    	0.995901  
16832.000000    	0.996001  
17202.000000    	0.996102  
17530.000000    	0.996203  
17911.000000    	0.996301  
18287.000000    	0.996401  
18608.000000    	0.996502  
18955.000000    	0.996606  
19220.000000    	0.996700  
19781.000000    	0.996801  
20137.000000    	0.996902  
20737.000000    	0.997003  
21059.000000    	0.997100  
21455.000000    	0.997201  
21884.000000    	0.997302  
22296.000000    	0.997402  
22853.000000    	0.997503  
23423.000000    	0.997601  
23836.000000    	0.997702  
24189.000000    	0.997802  
24672.000000    	0.997903  
25138.000000    	0.998001  
25612.000000    	0.998101  
26109.000000    	0.998202  
26601.000000    	0.998303  
27138.000000    	0.998401  
27604.000000    	0.998501  
28139.000000    	0.998602  
28678.000000    	0.998706  
29188.000000    	0.998800  
29841.000000    	0.998901  
30719.000000    	0.999002  
31584.000000    	0.999103  
32281.000000    	0.999200  
33155.000000    	0.999301  
34373.000000    	0.999402  
35492.000000    	0.999502  
36688.000000    	0.999600  
38068.000000    	0.999701  
39770.000000    	0.999802  
41363.000000    	0.999902  
49209.000000    	1.000000  
49209.000000    	1.000000  
