27.000000       	0.000056  
43.000000       	0.000112  
50.000000       	0.000225  
53.000000       	0.000337  
54.000000       	0.000506  
60.000000       	0.000618  
67.000000       	0.000731  
69.000000       	0.000843  
88.000000       	0.000956  
101.000000      	0.001012  
105.000000      	0.001124  
115.000000      	0.001237  
117.000000      	0.001349  
118.000000      	0.001461  
120.000000      	0.001686  
121.000000      	0.001799  
122.000000      	0.001967  
123.000000      	0.002305  
124.000000      	0.002642  
125.000000      	0.003035  
126.000000      	0.003541  
127.000000      	0.003766  
128.000000      	0.004272  
129.000000      	0.004890  
130.000000      	0.005396  
131.000000      	0.006408  
132.000000      	0.007195  
133.000000      	0.007757  
134.000000      	0.008375  
135.000000      	0.009725  
136.000000      	0.011130  
137.000000      	0.012085  
138.000000      	0.013322  
139.000000      	0.015065  
140.000000      	0.016526  
141.000000      	0.018100  
142.000000      	0.019843  
143.000000      	0.020967  
144.000000      	0.023159  
145.000000      	0.025014  
146.000000      	0.027094  
147.000000      	0.029399  
148.000000      	0.031703  
149.000000      	0.034120  
150.000000      	0.036313  
151.000000      	0.039573  
152.000000      	0.042327  
153.000000      	0.044969  
154.000000      	0.047836  
155.000000      	0.050703  
156.000000      	0.053794  
157.000000      	0.056886  
158.000000      	0.060034  
159.000000      	0.063463  
160.000000      	0.067285  
161.000000      	0.070714  
162.000000      	0.074817  
163.000000      	0.078640  
164.000000      	0.082069  
165.000000      	0.086060  
166.000000      	0.089826  
167.000000      	0.094210  
168.000000      	0.098314  
169.000000      	0.101967  
170.000000      	0.105958  
171.000000      	0.110062  
172.000000      	0.114671  
173.000000      	0.118775  
174.000000      	0.123215  
175.000000      	0.127544  
176.000000      	0.132603  
177.000000      	0.136313  
178.000000      	0.141596  
179.000000      	0.146431  
180.000000      	0.152052  
181.000000      	0.156436  
182.000000      	0.161383  
183.000000      	0.165711  
184.000000      	0.171501  
185.000000      	0.175660  
186.000000      	0.179764  
187.000000      	0.183811  
188.000000      	0.188814  
189.000000      	0.193030  
190.000000      	0.199157  
191.000000      	0.203822  
192.000000      	0.208544  
193.000000      	0.213997  
194.000000      	0.219449  
195.000000      	0.224002  
196.000000      	0.228949  
197.000000      	0.233839  
198.000000      	0.239123  
199.000000      	0.244070  
200.000000      	0.249522  
201.000000      	0.253850  
202.000000      	0.258066  
203.000000      	0.263406  
204.000000      	0.267960  
205.000000      	0.272007  
206.000000      	0.277403  
207.000000      	0.282293  
208.000000      	0.287296  
209.000000      	0.292805  
210.000000      	0.297246  
211.000000      	0.303092  
212.000000      	0.307026  
213.000000      	0.313041  
214.000000      	0.318943  
215.000000      	0.323215  
216.000000      	0.328049  
217.000000      	0.332603  
218.000000      	0.337549  
219.000000      	0.341709  
220.000000      	0.346543  
221.000000      	0.351321  
222.000000      	0.355987  
223.000000      	0.359978  
224.000000      	0.364306  
225.000000      	0.369646  
226.000000      	0.372681  
227.000000      	0.377459  
228.000000      	0.381338  
229.000000      	0.385329  
230.000000      	0.388814  
231.000000      	0.392411  
232.000000      	0.396178  
233.000000      	0.400000  
234.000000      	0.403879  
235.000000      	0.407532  
236.000000      	0.411692  
237.000000      	0.415683  
238.000000      	0.419056  
239.000000      	0.422878  
240.000000      	0.426307  
241.000000      	0.429623  
242.000000      	0.432996  
243.000000      	0.436537  
244.000000      	0.440247  
245.000000      	0.443170  
246.000000      	0.446318  
247.000000      	0.449016  
248.000000      	0.452895  
249.000000      	0.456155  
250.000000      	0.458572  
251.000000      	0.460989  
252.000000      	0.464081  
253.000000      	0.466442  
254.000000      	0.469365  
255.000000      	0.472232  
256.000000      	0.475211  
257.000000      	0.477628  
258.000000      	0.480832  
259.000000      	0.483642  
260.000000      	0.486678  
261.000000      	0.489488  
262.000000      	0.492187  
263.000000      	0.494716  
264.000000      	0.496796  
265.000000      	0.499438  
266.000000      	0.501518  
267.000000      	0.503879  
268.000000      	0.506577  
269.000000      	0.508713  
270.000000      	0.511017  
271.000000      	0.513491  
272.000000      	0.515177  
273.000000      	0.517482  
274.000000      	0.519562  
275.000000      	0.521698  
276.000000      	0.523553  
277.000000      	0.525126  
278.000000      	0.527656  
279.000000      	0.529399  
280.000000      	0.531310  
281.000000      	0.533446  
282.000000      	0.535357  
283.000000      	0.537324  
284.000000      	0.539011  
285.000000      	0.540585  
286.000000      	0.542046  
287.000000      	0.544295  
288.000000      	0.545475  
289.000000      	0.547218  
290.000000      	0.548342  
291.000000      	0.549972  
292.000000      	0.551546  
293.000000      	0.552951  
294.000000      	0.554188  
295.000000      	0.555424  
296.000000      	0.556605  
297.000000      	0.558404  
298.000000      	0.560034  
299.000000      	0.561270  
300.000000      	0.563125  
301.000000      	0.564587  
302.000000      	0.565823  
303.000000      	0.567173  
304.000000      	0.568522  
305.000000      	0.569983  
306.000000      	0.571838  
307.000000      	0.573356  
308.000000      	0.574480  
309.000000      	0.575492  
310.000000      	0.576616  
311.000000      	0.578302  
312.000000      	0.579764  
313.000000      	0.581225  
314.000000      	0.582799  
315.000000      	0.583699  
316.000000      	0.584992  
317.000000      	0.585947  
318.000000      	0.587071  
319.000000      	0.588083  
320.000000      	0.589264  
321.000000      	0.590388  
322.000000      	0.591512  
323.000000      	0.592468  
324.000000      	0.593142  
325.000000      	0.593985  
326.000000      	0.595334  
327.000000      	0.596684  
328.000000      	0.597189  
329.000000      	0.598145  
330.000000      	0.599044  
331.000000      	0.599888  
332.000000      	0.600787  
333.000000      	0.602080  
334.000000      	0.602642  
335.000000      	0.603654  
336.000000      	0.604384  
337.000000      	0.605846  
338.000000      	0.606633  
339.000000      	0.607307  
340.000000      	0.608207  
341.000000      	0.609444  
342.000000      	0.610118  
343.000000      	0.611467  
344.000000      	0.612310  
345.000000      	0.613266  
346.000000      	0.614165  
347.000000      	0.615177  
348.000000      	0.616133  
349.000000      	0.616976  
350.000000      	0.617819  
351.000000      	0.618831  
352.000000      	0.619730  
353.000000      	0.620405  
354.000000      	0.621360  
355.000000      	0.622203  
356.000000      	0.622653  
357.000000      	0.623103  
358.000000      	0.623946  
359.000000      	0.624621  
360.000000      	0.625183  
361.000000      	0.626194  
362.000000      	0.627319  
363.000000      	0.628049  
364.000000      	0.628499  
365.000000      	0.629342  
366.000000      	0.629904  
367.000000      	0.630635  
368.000000      	0.631422  
369.000000      	0.631759  
370.000000      	0.632940  
371.000000      	0.633671  
372.000000      	0.634458  
373.000000      	0.634963  
374.000000      	0.635863  
375.000000      	0.636537  
376.000000      	0.637212  
377.000000      	0.637830  
378.000000      	0.638111  
379.000000      	0.638842  
380.000000      	0.639404  
381.000000      	0.639966  
382.000000      	0.640641  
383.000000      	0.641315  
384.000000      	0.642046  
385.000000      	0.642721  
386.000000      	0.643451  
387.000000      	0.643845  
388.000000      	0.644351  
389.000000      	0.644913  
390.000000      	0.645138  
391.000000      	0.645812  
392.000000      	0.646543  
393.000000      	0.647218  
394.000000      	0.647667  
395.000000      	0.648286  
396.000000      	0.648567  
397.000000      	0.649185  
398.000000      	0.649578  
399.000000      	0.649916  
400.000000      	0.650422  
401.000000      	0.650927  
402.000000      	0.651265  
403.000000      	0.651771  
404.000000      	0.652670  
405.000000      	0.653007  
406.000000      	0.653288  
407.000000      	0.653907  
408.000000      	0.654469  
409.000000      	0.655481  
410.000000      	0.655930  
411.000000      	0.656099  
412.000000      	0.656830  
413.000000      	0.657448  
414.000000      	0.658010  
415.000000      	0.658741  
416.000000      	0.659359  
417.000000      	0.659921  
418.000000      	0.660596  
419.000000      	0.661214  
420.000000      	0.662226  
421.000000      	0.662563  
422.000000      	0.662957  
423.000000      	0.663463  
424.000000      	0.663800  
425.000000      	0.664531  
426.000000      	0.665093  
427.000000      	0.665880  
428.000000      	0.666329  
429.000000      	0.666667  
430.000000      	0.667229  
431.000000      	0.668016  
432.000000      	0.668578  
433.000000      	0.669140  
434.000000      	0.669758  
435.000000      	0.669871  
436.000000      	0.670433  
437.000000      	0.670714  
438.000000      	0.671445  
439.000000      	0.671894  
440.000000      	0.672344  
441.000000      	0.672850  
442.000000      	0.673131  
443.000000      	0.673524  
444.000000      	0.673749  
445.000000      	0.674143  
446.000000      	0.674536  
447.000000      	0.674930  
448.000000      	0.675211  
449.000000      	0.675660  
450.000000      	0.675942  
451.000000      	0.676447  
452.000000      	0.676841  
453.000000      	0.677178  
454.000000      	0.677572  
455.000000      	0.678359  
456.000000      	0.678865  
457.000000      	0.679089  
458.000000      	0.679651  
459.000000      	0.680157  
460.000000      	0.680551  
461.000000      	0.680944  
462.000000      	0.681338  
463.000000      	0.681731  
464.000000      	0.682350  
465.000000      	0.682856  
466.000000      	0.683137  
467.000000      	0.683586  
468.000000      	0.683980  
469.000000      	0.684486  
470.000000      	0.684823  
471.000000      	0.685104  
472.000000      	0.685441  
473.000000      	0.685610  
475.000000      	0.686060  
476.000000      	0.686284  
477.000000      	0.686790  
478.000000      	0.687015  
479.000000      	0.687240  
480.000000      	0.687746  
481.000000      	0.688364  
482.000000      	0.688702  
483.000000      	0.688983  
484.000000      	0.689376  
485.000000      	0.689770  
486.000000      	0.689938  
487.000000      	0.690051  
488.000000      	0.690163  
489.000000      	0.690500  
490.000000      	0.690950  
491.000000      	0.691231  
492.000000      	0.691456  
493.000000      	0.691849  
494.000000      	0.692187  
495.000000      	0.692468  
496.000000      	0.692749  
497.000000      	0.693142  
498.000000      	0.693592  
499.000000      	0.693817  
500.000000      	0.694154  
501.000000      	0.694547  
502.000000      	0.694885  
503.000000      	0.695391  
504.000000      	0.695784  
505.000000      	0.696121  
506.000000      	0.696290  
507.000000      	0.697021  
508.000000      	0.697414  
509.000000      	0.697752  
510.000000      	0.698033  
511.000000      	0.698370  
512.000000      	0.698707  
513.000000      	0.699213  
514.000000      	0.699775  
515.000000      	0.700112  
516.000000      	0.700675  
517.000000      	0.701012  
518.000000      	0.701237  
519.000000      	0.701461  
520.000000      	0.701911  
521.000000      	0.702192  
522.000000      	0.702586  
523.000000      	0.702811  
524.000000      	0.703204  
525.000000      	0.703373  
526.000000      	0.703710  
527.000000      	0.703879  
528.000000      	0.704047  
529.000000      	0.704103  
530.000000      	0.704553  
531.000000      	0.705171  
532.000000      	0.705340  
533.000000      	0.705565  
534.000000      	0.705958  
535.000000      	0.706296  
536.000000      	0.706858  
537.000000      	0.707532  
538.000000      	0.707870  
539.000000      	0.708151  
540.000000      	0.708375  
541.000000      	0.708769  
542.000000      	0.708825  
543.000000      	0.709162  
544.000000      	0.709612  
545.000000      	0.710174  
546.000000      	0.710793  
547.000000      	0.711130  
548.000000      	0.711467  
549.000000      	0.711804  
550.000000      	0.712085  
551.000000      	0.712423  
552.000000      	0.712929  
553.000000      	0.713153  
554.000000      	0.713378  
555.000000      	0.713828  
556.000000      	0.714390  
557.000000      	0.714671  
558.000000      	0.715121  
559.000000      	0.715402  
560.000000      	0.715683  
561.000000      	0.715964  
562.000000      	0.716526  
563.000000      	0.716695  
564.000000      	0.717032  
565.000000      	0.717426  
566.000000      	0.717819  
567.000000      	0.718325  
568.000000      	0.718943  
569.000000      	0.719393  
570.000000      	0.719730  
571.000000      	0.720011  
572.000000      	0.720349  
573.000000      	0.720854  
574.000000      	0.721585  
575.000000      	0.722091  
576.000000      	0.722428  
577.000000      	0.722766  
578.000000      	0.723328  
579.000000      	0.723834  
580.000000      	0.724564  
581.000000      	0.724677  
582.000000      	0.725183  
583.000000      	0.725520  
584.000000      	0.725745  
585.000000      	0.726251  
586.000000      	0.726476  
587.000000      	0.726700  
588.000000      	0.727206  
589.000000      	0.727656  
590.000000      	0.727993  
591.000000      	0.728274  
592.000000      	0.728555  
593.000000      	0.729061  
594.000000      	0.729455  
595.000000      	0.729680  
596.000000      	0.730185  
597.000000      	0.730467  
598.000000      	0.730916  
599.000000      	0.731141  
600.000000      	0.731478  
601.000000      	0.731816  
602.000000      	0.731984  
603.000000      	0.732378  
604.000000      	0.732659  
605.000000      	0.733333  
606.000000      	0.733671  
607.000000      	0.734120  
608.000000      	0.734458  
609.000000      	0.734682  
610.000000      	0.735526  
611.000000      	0.735807  
612.000000      	0.736031  
613.000000      	0.736594  
614.000000      	0.736987  
615.000000      	0.737662  
616.000000      	0.738111  
617.000000      	0.738449  
618.000000      	0.738617  
619.000000      	0.739123  
620.000000      	0.739573  
621.000000      	0.740191  
622.000000      	0.740472  
623.000000      	0.740809  
624.000000      	0.741315  
625.000000      	0.741765  
626.000000      	0.742102  
627.000000      	0.742608  
628.000000      	0.742889  
629.000000      	0.743170  
630.000000      	0.743732  
631.000000      	0.744070  
632.000000      	0.744519  
633.000000      	0.744857  
634.000000      	0.745475  
635.000000      	0.745756  
636.000000      	0.746037  
637.000000      	0.746374  
638.000000      	0.746599  
639.000000      	0.746880  
640.000000      	0.747330  
641.000000      	0.747667  
642.000000      	0.747780  
643.000000      	0.748510  
644.000000      	0.749185  
645.000000      	0.749578  
646.000000      	0.749859  
647.000000      	0.750253  
648.000000      	0.750534  
649.000000      	0.750871  
650.000000      	0.751265  
651.000000      	0.751433  
652.000000      	0.751771  
653.000000      	0.752333  
654.000000      	0.752726  
655.000000      	0.753120  
656.000000      	0.753738  
657.000000      	0.754469  
658.000000      	0.755143  
659.000000      	0.755593  
660.000000      	0.756043  
661.000000      	0.756436  
662.000000      	0.756830  
663.000000      	0.757560  
664.000000      	0.758123  
665.000000      	0.758741  
666.000000      	0.759022  
667.000000      	0.759528  
668.000000      	0.759978  
669.000000      	0.760427  
670.000000      	0.760933  
671.000000      	0.761270  
672.000000      	0.761664  
673.000000      	0.762338  
674.000000      	0.762788  
675.000000      	0.763294  
676.000000      	0.763631  
677.000000      	0.764137  
678.000000      	0.764755  
679.000000      	0.765261  
680.000000      	0.765992  
681.000000      	0.766273  
682.000000      	0.766892  
683.000000      	0.767341  
684.000000      	0.767791  
685.000000      	0.768184  
686.000000      	0.768803  
687.000000      	0.769421  
688.000000      	0.769758  
689.000000      	0.770096  
690.000000      	0.770601  
691.000000      	0.771220  
692.000000      	0.771445  
693.000000      	0.771782  
694.000000      	0.772288  
695.000000      	0.772906  
696.000000      	0.773468  
697.000000      	0.773581  
698.000000      	0.773918  
699.000000      	0.774592  
700.000000      	0.775042  
701.000000      	0.775436  
702.000000      	0.776223  
703.000000      	0.776672  
704.000000      	0.777178  
705.000000      	0.777572  
706.000000      	0.778359  
707.000000      	0.778977  
708.000000      	0.779539  
709.000000      	0.779933  
710.000000      	0.780438  
711.000000      	0.780888  
712.000000      	0.781169  
713.000000      	0.781956  
714.000000      	0.782069  
715.000000      	0.782350  
716.000000      	0.782799  
717.000000      	0.783418  
718.000000      	0.783980  
719.000000      	0.784317  
720.000000      	0.784486  
721.000000      	0.785048  
722.000000      	0.785329  
723.000000      	0.785835  
724.000000      	0.786060  
725.000000      	0.786453  
726.000000      	0.786903  
727.000000      	0.787634  
728.000000      	0.787971  
729.000000      	0.788364  
730.000000      	0.788983  
731.000000      	0.789488  
732.000000      	0.789994  
733.000000      	0.790332  
734.000000      	0.790894  
735.000000      	0.791456  
736.000000      	0.791906  
737.000000      	0.792411  
738.000000      	0.792861  
739.000000      	0.793142  
740.000000      	0.793704  
741.000000      	0.793985  
742.000000      	0.794154  
743.000000      	0.794660  
744.000000      	0.794941  
745.000000      	0.795334  
746.000000      	0.795616  
747.000000      	0.796009  
748.000000      	0.796627  
749.000000      	0.797133  
750.000000      	0.797414  
751.000000      	0.797752  
752.000000      	0.798033  
753.000000      	0.798370  
754.000000      	0.798820  
755.000000      	0.799269  
756.000000      	0.799607  
757.000000      	0.800112  
758.000000      	0.800787  
759.000000      	0.801405  
760.000000      	0.801686  
761.000000      	0.802305  
762.000000      	0.802754  
763.000000      	0.803204  
764.000000      	0.803598  
765.000000      	0.804160  
766.000000      	0.804778  
767.000000      	0.804947  
768.000000      	0.805228  
769.000000      	0.805453  
770.000000      	0.805509  
771.000000      	0.805790  
772.000000      	0.805958  
773.000000      	0.806633  
774.000000      	0.806970  
775.000000      	0.807251  
776.000000      	0.807645  
777.000000      	0.808038  
778.000000      	0.808207  
779.000000      	0.808544  
780.000000      	0.809050  
781.000000      	0.809612  
782.000000      	0.809949  
783.000000      	0.810118  
784.000000      	0.810399  
785.000000      	0.810961  
786.000000      	0.811580  
787.000000      	0.811804  
788.000000      	0.812142  
789.000000      	0.812423  
790.000000      	0.812648  
791.000000      	0.813097  
792.000000      	0.813491  
793.000000      	0.813884  
794.000000      	0.814278  
795.000000      	0.814727  
797.000000      	0.815008  
798.000000      	0.815402  
799.000000      	0.815795  
800.000000      	0.815908  
801.000000      	0.816133  
802.000000      	0.816358  
803.000000      	0.816695  
804.000000      	0.816976  
805.000000      	0.817482  
806.000000      	0.817763  
807.000000      	0.818044  
808.000000      	0.818325  
809.000000      	0.818775  
810.000000      	0.819280  
811.000000      	0.819393  
812.000000      	0.819730  
813.000000      	0.819899  
814.000000      	0.820067  
815.000000      	0.820573  
816.000000      	0.821192  
817.000000      	0.821304  
818.000000      	0.821754  
820.000000      	0.821979  
821.000000      	0.822372  
822.000000      	0.822541  
823.000000      	0.822653  
824.000000      	0.823215  
825.000000      	0.823665  
826.000000      	0.824058  
827.000000      	0.824452  
828.000000      	0.824677  
829.000000      	0.824902  
831.000000      	0.825126  
832.000000      	0.825632  
833.000000      	0.825857  
834.000000      	0.826138  
835.000000      	0.826476  
836.000000      	0.826644  
837.000000      	0.826869  
838.000000      	0.826981  
839.000000      	0.827263  
840.000000      	0.827544  
841.000000      	0.827768  
842.000000      	0.828106  
844.000000      	0.828387  
845.000000      	0.828499  
846.000000      	0.828836  
847.000000      	0.829230  
848.000000      	0.829511  
849.000000      	0.829736  
850.000000      	0.829961  
851.000000      	0.830467  
852.000000      	0.830860  
853.000000      	0.831366  
854.000000      	0.831591  
855.000000      	0.831872  
856.000000      	0.832322  
857.000000      	0.832715  
858.000000      	0.833052  
859.000000      	0.833446  
860.000000      	0.833671  
861.000000      	0.833783  
862.000000      	0.834008  
863.000000      	0.834401  
864.000000      	0.834514  
865.000000      	0.834682  
866.000000      	0.834907  
867.000000      	0.835076  
868.000000      	0.835301  
869.000000      	0.835750  
870.000000      	0.836031  
872.000000      	0.836481  
873.000000      	0.836706  
874.000000      	0.837324  
875.000000      	0.837605  
876.000000      	0.837830  
877.000000      	0.838168  
878.000000      	0.838617  
879.000000      	0.838730  
880.000000      	0.838954  
881.000000      	0.839067  
882.000000      	0.839517  
883.000000      	0.839854  
884.000000      	0.840191  
885.000000      	0.840416  
886.000000      	0.840585  
887.000000      	0.840922  
888.000000      	0.841203  
889.000000      	0.841428  
890.000000      	0.841709  
891.000000      	0.841990  
892.000000      	0.842440  
894.000000      	0.842833  
895.000000      	0.843170  
896.000000      	0.843564  
897.000000      	0.843620  
898.000000      	0.843901  
899.000000      	0.844182  
900.000000      	0.844407  
902.000000      	0.844744  
903.000000      	0.845025  
905.000000      	0.845531  
906.000000      	0.845868  
907.000000      	0.846093  
908.000000      	0.846318  
909.000000      	0.846712  
910.000000      	0.847049  
911.000000      	0.847386  
912.000000      	0.847667  
913.000000      	0.847948  
914.000000      	0.848117  
915.000000      	0.848454  
916.000000      	0.848679  
917.000000      	0.849016  
918.000000      	0.849129  
919.000000      	0.849241  
920.000000      	0.849522  
921.000000      	0.849691  
922.000000      	0.849859  
923.000000      	0.850197  
924.000000      	0.850365  
925.000000      	0.850422  
926.000000      	0.850703  
927.000000      	0.850927  
928.000000      	0.851040  
929.000000      	0.851209  
930.000000      	0.851490  
931.000000      	0.851602  
932.000000      	0.851996  
933.000000      	0.852164  
934.000000      	0.852277  
935.000000      	0.852333  
936.000000      	0.852501  
937.000000      	0.852670  
938.000000      	0.852782  
939.000000      	0.853007  
940.000000      	0.853176  
941.000000      	0.853345  
942.000000      	0.853738  
943.000000      	0.854019  
944.000000      	0.854132  
945.000000      	0.854300  
946.000000      	0.854413  
947.000000      	0.854750  
948.000000      	0.855200  
949.000000      	0.855424  
950.000000      	0.855705  
951.000000      	0.855987  
952.000000      	0.856043  
953.000000      	0.856211  
954.000000      	0.856492  
955.000000      	0.856661  
956.000000      	0.856717  
957.000000      	0.856830  
958.000000      	0.857111  
959.000000      	0.857392  
960.000000      	0.857448  
961.000000      	0.857617  
962.000000      	0.857841  
964.000000      	0.858291  
965.000000      	0.858404  
967.000000      	0.858572  
968.000000      	0.858853  
969.000000      	0.859134  
970.000000      	0.859472  
971.000000      	0.859753  
972.000000      	0.859865  
973.000000      	0.860090  
974.000000      	0.860259  
975.000000      	0.860596  
976.000000      	0.860708  
977.000000      	0.861046  
978.000000      	0.861158  
979.000000      	0.861439  
980.000000      	0.861720  
981.000000      	0.862001  
982.000000      	0.862282  
983.000000      	0.862732  
984.000000      	0.862901  
985.000000      	0.863069  
986.000000      	0.863519  
987.000000      	0.863744  
988.000000      	0.863912  
989.000000      	0.864081  
990.000000      	0.864306  
991.000000      	0.864474  
992.000000      	0.864812  
993.000000      	0.865037  
994.000000      	0.865486  
995.000000      	0.865767  
996.000000      	0.866048  
997.000000      	0.866161  
998.000000      	0.866498  
999.000000      	0.866667  
1000.000000     	0.867116  
1002.000000     	0.867566  
1003.000000     	0.867678  
1004.000000     	0.868016  
1006.000000     	0.868128  
1007.000000     	0.868241  
1008.000000     	0.868409  
1009.000000     	0.868522  
1010.000000     	0.868634  
1011.000000     	0.868915  
1012.000000     	0.869084  
1013.000000     	0.869140  
1014.000000     	0.869309  
1015.000000     	0.869646  
1016.000000     	0.869927  
1017.000000     	0.870264  
1018.000000     	0.870377  
1019.000000     	0.870489  
1020.000000     	0.870658  
1021.000000     	0.870770  
1022.000000     	0.870883  
1023.000000     	0.871220  
1025.000000     	0.871445  
1026.000000     	0.871726  
1027.000000     	0.871838  
1028.000000     	0.872007  
1029.000000     	0.872232  
1030.000000     	0.872569  
1031.000000     	0.872906  
1032.000000     	0.873187  
1033.000000     	0.873356  
1034.000000     	0.873749  
1035.000000     	0.873974  
1036.000000     	0.874255  
1037.000000     	0.874705  
1038.000000     	0.874986  
1040.000000     	0.875098  
1041.000000     	0.875379  
1042.000000     	0.875436  
1043.000000     	0.875660  
1044.000000     	0.875829  
1046.000000     	0.876166  
1047.000000     	0.876279  
1048.000000     	0.876391  
1049.000000     	0.876560  
1050.000000     	0.876672  
1051.000000     	0.876841  
1052.000000     	0.877178  
1053.000000     	0.877459  
1054.000000     	0.877628  
1055.000000     	0.877909  
1056.000000     	0.878190  
1057.000000     	0.878359  
1058.000000     	0.878640  
1059.000000     	0.878808  
1060.000000     	0.878921  
1061.000000     	0.879089  
1063.000000     	0.879314  
1064.000000     	0.879539  
1065.000000     	0.879764  
1066.000000     	0.879933  
1068.000000     	0.880101  
1070.000000     	0.880438  
1071.000000     	0.880551  
1072.000000     	0.880776  
1073.000000     	0.881057  
1074.000000     	0.881338  
1075.000000     	0.881675  
1076.000000     	0.881788  
1077.000000     	0.882012  
1078.000000     	0.882293  
1079.000000     	0.882350  
1080.000000     	0.882462  
1081.000000     	0.882743  
1082.000000     	0.882912  
1083.000000     	0.883305  
1084.000000     	0.883418  
1085.000000     	0.883530  
1088.000000     	0.883642  
1090.000000     	0.883924  
1091.000000     	0.884148  
1092.000000     	0.884205  
1093.000000     	0.884542  
1094.000000     	0.884654  
1095.000000     	0.884767  
1096.000000     	0.884823  
1097.000000     	0.885160  
1098.000000     	0.885497  
1099.000000     	0.885554  
1100.000000     	0.885666  
1101.000000     	0.885779  
1102.000000     	0.886003  
1103.000000     	0.886116  
1104.000000     	0.886397  
1105.000000     	0.886565  
1106.000000     	0.886790  
1107.000000     	0.886903  
1108.000000     	0.887071  
1109.000000     	0.887409  
1110.000000     	0.887521  
1111.000000     	0.887802  
1112.000000     	0.888083  
1113.000000     	0.888252  
1114.000000     	0.888364  
1116.000000     	0.888589  
1117.000000     	0.888758  
1118.000000     	0.889095  
1119.000000     	0.889207  
1120.000000     	0.889488  
1121.000000     	0.889601  
1122.000000     	0.889882  
1123.000000     	0.889994  
1124.000000     	0.890051  
1125.000000     	0.890275  
1126.000000     	0.890444  
1127.000000     	0.890500  
1128.000000     	0.890781  
1129.000000     	0.890894  
1130.000000     	0.891006  
1131.000000     	0.891175  
1133.000000     	0.891512  
1135.000000     	0.891681  
1136.000000     	0.891793  
1137.000000     	0.891906  
1138.000000     	0.892243  
1139.000000     	0.892468  
1140.000000     	0.892524  
1141.000000     	0.892693  
1142.000000     	0.892917  
1143.000000     	0.893086  
1144.000000     	0.893367  
1145.000000     	0.893536  
1146.000000     	0.893704  
1147.000000     	0.894042  
1148.000000     	0.894210  
1149.000000     	0.894379  
1150.000000     	0.894491  
1152.000000     	0.894604  
1154.000000     	0.894829  
1155.000000     	0.894997  
1156.000000     	0.895222  
1158.000000     	0.895334  
1160.000000     	0.895503  
1162.000000     	0.895784  
1163.000000     	0.895840  
1167.000000     	0.896065  
1168.000000     	0.896178  
1169.000000     	0.896290  
1170.000000     	0.896571  
1171.000000     	0.896627  
1173.000000     	0.897077  
1174.000000     	0.897302  
1175.000000     	0.897470  
1176.000000     	0.897527  
1178.000000     	0.898089  
1179.000000     	0.898257  
1180.000000     	0.898426  
1181.000000     	0.898539  
1182.000000     	0.898707  
1184.000000     	0.899101  
1185.000000     	0.899213  
1186.000000     	0.899382  
1187.000000     	0.899607  
1189.000000     	0.899831  
1190.000000     	0.900056  
1191.000000     	0.900225  
1192.000000     	0.900506  
1193.000000     	0.900843  
1194.000000     	0.901012  
1196.000000     	0.901180  
1197.000000     	0.901293  
1198.000000     	0.901349  
1199.000000     	0.901686  
1200.000000     	0.901911  
1201.000000     	0.902136  
1202.000000     	0.902361  
1203.000000     	0.902642  
1204.000000     	0.902811  
1205.000000     	0.903260  
1206.000000     	0.903429  
1207.000000     	0.903654  
1208.000000     	0.903766  
1209.000000     	0.903991  
1210.000000     	0.904272  
1211.000000     	0.904441  
1213.000000     	0.904834  
1215.000000     	0.904947  
1216.000000     	0.905059  
1218.000000     	0.905171  
1219.000000     	0.905284  
1220.000000     	0.905396  
1221.000000     	0.905677  
1222.000000     	0.905958  
1223.000000     	0.906127  
1224.000000     	0.906296  
1225.000000     	0.906464  
1226.000000     	0.906633  
1227.000000     	0.906745  
1228.000000     	0.906858  
1229.000000     	0.907251  
1230.000000     	0.907364  
1231.000000     	0.907532  
1233.000000     	0.907926  
1234.000000     	0.908094  
1235.000000     	0.908207  
1236.000000     	0.908319  
1238.000000     	0.908544  
1239.000000     	0.908769  
1240.000000     	0.908881  
1241.000000     	0.908994  
1242.000000     	0.909162  
1243.000000     	0.909219  
1244.000000     	0.909331  
1245.000000     	0.909725  
1246.000000     	0.909893  
1247.000000     	0.910006  
1248.000000     	0.910174  
1249.000000     	0.910287  
1250.000000     	0.910343  
1252.000000     	0.910455  
1254.000000     	0.910512  
1255.000000     	0.910624  
1256.000000     	0.910905  
1258.000000     	0.911242  
1259.000000     	0.911467  
1260.000000     	0.911523  
1263.000000     	0.911692  
1264.000000     	0.911804  
1266.000000     	0.911973  
1267.000000     	0.912029  
1268.000000     	0.912254  
1269.000000     	0.912423  
1271.000000     	0.912591  
1272.000000     	0.912760  
1273.000000     	0.912816  
1274.000000     	0.912929  
1275.000000     	0.913153  
1276.000000     	0.913210  
1277.000000     	0.913378  
1278.000000     	0.913491  
1279.000000     	0.913603  
1280.000000     	0.913716  
1282.000000     	0.913828  
1284.000000     	0.913997  
1285.000000     	0.914165  
1286.000000     	0.914278  
1287.000000     	0.914334  
1288.000000     	0.914446  
1289.000000     	0.914727  
1290.000000     	0.914840  
1293.000000     	0.915177  
1294.000000     	0.915289  
1295.000000     	0.915458  
1296.000000     	0.915571  
1297.000000     	0.915683  
1298.000000     	0.915739  
1300.000000     	0.915964  
1301.000000     	0.916076  
1302.000000     	0.916245  
1303.000000     	0.916414  
1305.000000     	0.916695  
1306.000000     	0.916807  
1309.000000     	0.916920  
1311.000000     	0.917088  
1312.000000     	0.917201  
1314.000000     	0.917313  
1316.000000     	0.917538  
1317.000000     	0.917650  
1318.000000     	0.917763  
1319.000000     	0.917988  
1320.000000     	0.918212  
1322.000000     	0.918494  
1324.000000     	0.918775  
1325.000000     	0.918943  
1326.000000     	0.919056  
1327.000000     	0.919168  
1328.000000     	0.919280  
1329.000000     	0.919337  
1330.000000     	0.919505  
1331.000000     	0.919730  
1332.000000     	0.919899  
1333.000000     	0.920011  
1334.000000     	0.920180  
1335.000000     	0.920292  
1336.000000     	0.920405  
1337.000000     	0.920517  
1338.000000     	0.920630  
1340.000000     	0.920798  
1341.000000     	0.921079  
1342.000000     	0.921248  
1343.000000     	0.921417  
1344.000000     	0.921585  
1345.000000     	0.921641  
1346.000000     	0.921754  
1347.000000     	0.921810  
1348.000000     	0.922035  
1351.000000     	0.922147  
1352.000000     	0.922203  
1353.000000     	0.922372  
1354.000000     	0.922428  
1355.000000     	0.922597  
1356.000000     	0.922822  
1357.000000     	0.922990  
1358.000000     	0.923103  
1360.000000     	0.923328  
1361.000000     	0.923496  
1362.000000     	0.923834  
1363.000000     	0.924115  
1364.000000     	0.924227  
1367.000000     	0.924340  
1369.000000     	0.924452  
1370.000000     	0.924621  
1372.000000     	0.924958  
1374.000000     	0.925070  
1375.000000     	0.925351  
1376.000000     	0.925632  
1378.000000     	0.925913  
1379.000000     	0.926026  
1380.000000     	0.926194  
1381.000000     	0.926251  
1382.000000     	0.926476  
1383.000000     	0.926700  
1386.000000     	0.927094  
1387.000000     	0.927375  
1389.000000     	0.927544  
1390.000000     	0.927656  
1391.000000     	0.927768  
1392.000000     	0.927825  
1394.000000     	0.927937  
1397.000000     	0.928049  
1398.000000     	0.928106  
1399.000000     	0.928443  
1401.000000     	0.928780  
1403.000000     	0.928836  
1405.000000     	0.928949  
1406.000000     	0.929005  
1407.000000     	0.929117  
1409.000000     	0.929230  
1411.000000     	0.929399  
1414.000000     	0.929511  
1415.000000     	0.929623  
1416.000000     	0.929792  
1417.000000     	0.929848  
1418.000000     	0.930017  
1419.000000     	0.930129  
1420.000000     	0.930242  
1421.000000     	0.930410  
1422.000000     	0.930523  
1424.000000     	0.930691  
1425.000000     	0.930748  
1427.000000     	0.930916  
1428.000000     	0.931085  
1429.000000     	0.931197  
1430.000000     	0.931366  
1433.000000     	0.931591  
1435.000000     	0.931759  
1436.000000     	0.931872  
1437.000000     	0.931984  
1439.000000     	0.932040  
1440.000000     	0.932209  
1442.000000     	0.932378  
1443.000000     	0.932490  
1444.000000     	0.932546  
1445.000000     	0.932603  
1447.000000     	0.932771  
1448.000000     	0.932884  
1449.000000     	0.933052  
1450.000000     	0.933333  
1452.000000     	0.933446  
1453.000000     	0.933614  
1456.000000     	0.933727  
1459.000000     	0.933839  
1461.000000     	0.934008  
1464.000000     	0.934177  
1465.000000     	0.934233  
1466.000000     	0.934345  
1468.000000     	0.934458  
1470.000000     	0.934514  
1471.000000     	0.934682  
1472.000000     	0.934739  
1475.000000     	0.934851  
1476.000000     	0.934963  
1477.000000     	0.935132  
1478.000000     	0.935301  
1481.000000     	0.935469  
1482.000000     	0.935582  
1484.000000     	0.935638  
1485.000000     	0.935750  
1486.000000     	0.935863  
1488.000000     	0.935919  
1490.000000     	0.936031  
1493.000000     	0.936144  
1494.000000     	0.936256  
1495.000000     	0.936313  
1497.000000     	0.936425  
1498.000000     	0.936537  
1501.000000     	0.936650  
1502.000000     	0.936762  
1503.000000     	0.936818  
1505.000000     	0.936931  
1508.000000     	0.937043  
1510.000000     	0.937212  
1514.000000     	0.937381  
1515.000000     	0.937493  
1516.000000     	0.937605  
1517.000000     	0.937718  
1520.000000     	0.937830  
1522.000000     	0.938055  
1524.000000     	0.938168  
1527.000000     	0.938224  
1528.000000     	0.938392  
1531.000000     	0.938561  
1534.000000     	0.938673  
1535.000000     	0.938842  
1538.000000     	0.939011  
1539.000000     	0.939123  
1542.000000     	0.939236  
1545.000000     	0.939460  
1546.000000     	0.939573  
1547.000000     	0.939629  
1552.000000     	0.939741  
1554.000000     	0.939966  
1555.000000     	0.940079  
1556.000000     	0.940191  
1557.000000     	0.940416  
1560.000000     	0.940641  
1562.000000     	0.940809  
1568.000000     	0.940978  
1569.000000     	0.941147  
1570.000000     	0.941259  
1571.000000     	0.941428  
1575.000000     	0.941540  
1578.000000     	0.941653  
1579.000000     	0.941709  
1580.000000     	0.941877  
1582.000000     	0.941934  
1583.000000     	0.942046  
1584.000000     	0.942159  
1586.000000     	0.942271  
1588.000000     	0.942383  
1590.000000     	0.942440  
1595.000000     	0.942552  
1596.000000     	0.942608  
1598.000000     	0.942721  
1600.000000     	0.942833  
1601.000000     	0.942945  
1603.000000     	0.943002  
1605.000000     	0.943114  
1609.000000     	0.943283  
1613.000000     	0.943395  
1616.000000     	0.943451  
1617.000000     	0.943564  
1618.000000     	0.943620  
1620.000000     	0.943732  
1621.000000     	0.943957  
1622.000000     	0.944013  
1625.000000     	0.944126  
1626.000000     	0.944351  
1627.000000     	0.944463  
1629.000000     	0.944632  
1630.000000     	0.944857  
1631.000000     	0.944969  
1632.000000     	0.945138  
1634.000000     	0.945475  
1636.000000     	0.945531  
1639.000000     	0.945756  
1641.000000     	0.945925  
1643.000000     	0.946037  
1644.000000     	0.946318  
1646.000000     	0.946431  
1650.000000     	0.946543  
1651.000000     	0.946655  
1652.000000     	0.946768  
1653.000000     	0.946824  
1655.000000     	0.946993  
1658.000000     	0.947049  
1659.000000     	0.947105  
1660.000000     	0.947218  
1663.000000     	0.947330  
1665.000000     	0.947442  
1666.000000     	0.947611  
1668.000000     	0.947780  
1669.000000     	0.947948  
1670.000000     	0.948004  
1673.000000     	0.948117  
1677.000000     	0.948286  
1679.000000     	0.948342  
1681.000000     	0.948454  
1682.000000     	0.948623  
1684.000000     	0.948735  
1687.000000     	0.948848  
1688.000000     	0.948904  
1690.000000     	0.949016  
1691.000000     	0.949129  
1693.000000     	0.949297  
1695.000000     	0.949354  
1697.000000     	0.949410  
1701.000000     	0.949522  
1705.000000     	0.949691  
1708.000000     	0.949803  
1711.000000     	0.949916  
1713.000000     	0.950084  
1714.000000     	0.950197  
1715.000000     	0.950253  
1716.000000     	0.950365  
1717.000000     	0.950422  
1718.000000     	0.950534  
1721.000000     	0.950646  
1723.000000     	0.950759  
1724.000000     	0.950815  
1725.000000     	0.950927  
1728.000000     	0.951096  
1730.000000     	0.951152  
1731.000000     	0.951209  
1732.000000     	0.951321  
1735.000000     	0.951602  
1737.000000     	0.951771  
1739.000000     	0.951827  
1740.000000     	0.951939  
1742.000000     	0.952052  
1743.000000     	0.952108  
1745.000000     	0.952277  
1746.000000     	0.952389  
1747.000000     	0.952445  
1748.000000     	0.952558  
1749.000000     	0.952782  
1750.000000     	0.952839  
1755.000000     	0.952951  
1757.000000     	0.953120  
1761.000000     	0.953232  
1763.000000     	0.953345  
1764.000000     	0.953401  
1766.000000     	0.953513  
1767.000000     	0.953626  
1769.000000     	0.953794  
1770.000000     	0.953850  
1772.000000     	0.953963  
1773.000000     	0.954075  
1774.000000     	0.954188  
1778.000000     	0.954244  
1781.000000     	0.954300  
1782.000000     	0.954525  
1784.000000     	0.954694  
1786.000000     	0.954750  
1790.000000     	0.954806  
1792.000000     	0.954918  
1795.000000     	0.955087  
1796.000000     	0.955143  
1798.000000     	0.955312  
1799.000000     	0.955481  
1800.000000     	0.955593  
1802.000000     	0.955649  
1803.000000     	0.955705  
1806.000000     	0.955818  
1808.000000     	0.955930  
1811.000000     	0.956155  
1816.000000     	0.956324  
1817.000000     	0.956436  
1821.000000     	0.956661  
1822.000000     	0.956717  
1826.000000     	0.956830  
1828.000000     	0.956998  
1829.000000     	0.957055  
1832.000000     	0.957167  
1833.000000     	0.957279  
1834.000000     	0.957336  
1837.000000     	0.957448  
1838.000000     	0.957504  
1840.000000     	0.957617  
1845.000000     	0.957729  
1849.000000     	0.957841  
1850.000000     	0.957954  
1855.000000     	0.958066  
1856.000000     	0.958460  
1860.000000     	0.958516  
1865.000000     	0.958628  
1866.000000     	0.958741  
1868.000000     	0.958853  
1869.000000     	0.958909  
1871.000000     	0.959078  
1872.000000     	0.959247  
1873.000000     	0.959303  
1874.000000     	0.959415  
1879.000000     	0.959528  
1881.000000     	0.959640  
1883.000000     	0.959753  
1884.000000     	0.959865  
1886.000000     	0.959978  
1888.000000     	0.960034  
1891.000000     	0.960146  
1896.000000     	0.960202  
1897.000000     	0.960315  
1901.000000     	0.960427  
1904.000000     	0.960540  
1909.000000     	0.960652  
1910.000000     	0.960764  
1913.000000     	0.960933  
1916.000000     	0.961046  
1919.000000     	0.961158  
1921.000000     	0.961270  
1922.000000     	0.961327  
1924.000000     	0.961439  
1925.000000     	0.961551  
1927.000000     	0.961664  
1929.000000     	0.961720  
1931.000000     	0.961832  
1941.000000     	0.962057  
1944.000000     	0.962114  
1954.000000     	0.962338  
1955.000000     	0.962451  
1959.000000     	0.962507  
1965.000000     	0.962619  
1967.000000     	0.962844  
1968.000000     	0.962957  
1970.000000     	0.963013  
1971.000000     	0.963182  
1973.000000     	0.963406  
1976.000000     	0.963519  
1980.000000     	0.963631  
1981.000000     	0.963800  
1982.000000     	0.963856  
1987.000000     	0.963912  
1989.000000     	0.964025  
1991.000000     	0.964137  
1999.000000     	0.964250  
2005.000000     	0.964306  
2007.000000     	0.964418  
2009.000000     	0.964531  
2010.000000     	0.964643  
2013.000000     	0.964755  
2017.000000     	0.964812  
2019.000000     	0.964924  
2029.000000     	0.965037  
2032.000000     	0.965149  
2034.000000     	0.965205  
2036.000000     	0.965318  
2042.000000     	0.965430  
2045.000000     	0.965542  
2046.000000     	0.965655  
2047.000000     	0.965711  
2049.000000     	0.965823  
2052.000000     	0.966048  
2055.000000     	0.966161  
2056.000000     	0.966217  
2058.000000     	0.966329  
2061.000000     	0.966442  
2069.000000     	0.966610  
2076.000000     	0.966723  
2081.000000     	0.966835  
2082.000000     	0.966948  
2083.000000     	0.967004  
2086.000000     	0.967116  
2092.000000     	0.967229  
2094.000000     	0.967341  
2096.000000     	0.967454  
2099.000000     	0.967510  
2107.000000     	0.967622  
2108.000000     	0.967735  
2111.000000     	0.967903  
2114.000000     	0.968016  
2120.000000     	0.968128  
2121.000000     	0.968241  
2126.000000     	0.968353  
2128.000000     	0.968409  
2141.000000     	0.968522  
2150.000000     	0.968634  
2151.000000     	0.968746  
2153.000000     	0.968803  
2155.000000     	0.968915  
2161.000000     	0.969028  
2164.000000     	0.969140  
2166.000000     	0.969252  
2169.000000     	0.969309  
2175.000000     	0.969421  
2184.000000     	0.969533  
2189.000000     	0.969646  
2190.000000     	0.969702  
2199.000000     	0.969815  
2206.000000     	0.969927  
2211.000000     	0.970039  
2214.000000     	0.970208  
2216.000000     	0.970377  
2218.000000     	0.970433  
2224.000000     	0.970545  
2225.000000     	0.970601  
2241.000000     	0.970770  
2245.000000     	0.970826  
2250.000000     	0.970939  
2256.000000     	0.971051  
2258.000000     	0.971107  
2263.000000     	0.971220  
2265.000000     	0.971388  
2266.000000     	0.971501  
2269.000000     	0.971613  
2283.000000     	0.971726  
2289.000000     	0.971838  
2294.000000     	0.971951  
2303.000000     	0.972007  
2305.000000     	0.972175  
2306.000000     	0.972232  
2308.000000     	0.972344  
2309.000000     	0.972400  
2314.000000     	0.972569  
2315.000000     	0.972625  
2318.000000     	0.972737  
2327.000000     	0.972850  
2328.000000     	0.973019  
2341.000000     	0.973131  
2346.000000     	0.973243  
2355.000000     	0.973356  
2369.000000     	0.973412  
2371.000000     	0.973524  
2374.000000     	0.973637  
2379.000000     	0.973749  
2382.000000     	0.973806  
2385.000000     	0.973918  
2394.000000     	0.974087  
2396.000000     	0.974143  
2399.000000     	0.974255  
2407.000000     	0.974311  
2416.000000     	0.974424  
2422.000000     	0.974536  
2435.000000     	0.974649  
2443.000000     	0.974705  
2446.000000     	0.974817  
2448.000000     	0.974930  
2457.000000     	0.975042  
2461.000000     	0.975155  
2464.000000     	0.975211  
2471.000000     	0.975379  
2476.000000     	0.975436  
2503.000000     	0.975548  
2507.000000     	0.975604  
2520.000000     	0.975717  
2523.000000     	0.975829  
2535.000000     	0.975998  
2540.000000     	0.976054  
2541.000000     	0.976110  
2543.000000     	0.976223  
2558.000000     	0.976335  
2559.000000     	0.976447  
2560.000000     	0.976504  
2563.000000     	0.976616  
2567.000000     	0.976728  
2570.000000     	0.976841  
2574.000000     	0.976953  
2575.000000     	0.977010  
2578.000000     	0.977122  
2583.000000     	0.977291  
2584.000000     	0.977347  
2586.000000     	0.977403  
2591.000000     	0.977515  
2606.000000     	0.977628  
2625.000000     	0.977797  
2631.000000     	0.977853  
2649.000000     	0.977909  
2651.000000     	0.978021  
2653.000000     	0.978134  
2660.000000     	0.978246  
2671.000000     	0.978302  
2679.000000     	0.978415  
2685.000000     	0.978527  
2692.000000     	0.978640  
2697.000000     	0.978752  
2702.000000     	0.978808  
2711.000000     	0.978921  
2722.000000     	0.979033  
2729.000000     	0.979146  
2730.000000     	0.979258  
2737.000000     	0.979314  
2739.000000     	0.979427  
2752.000000     	0.979539  
2753.000000     	0.979651  
2755.000000     	0.979708  
2768.000000     	0.979820  
2782.000000     	0.979933  
2789.000000     	0.980101  
2798.000000     	0.980214  
2807.000000     	0.980326  
2812.000000     	0.980438  
2827.000000     	0.980551  
2830.000000     	0.980607  
2845.000000     	0.980776  
2857.000000     	0.980832  
2864.000000     	0.980944  
2868.000000     	0.981001  
2881.000000     	0.981113  
2914.000000     	0.981225  
2923.000000     	0.981338  
2939.000000     	0.981450  
2947.000000     	0.981563  
2950.000000     	0.981619  
2969.000000     	0.981731  
2976.000000     	0.981844  
2979.000000     	0.981956  
2983.000000     	0.982012  
2991.000000     	0.982125  
2997.000000     	0.982237  
3003.000000     	0.982350  
3005.000000     	0.982406  
3016.000000     	0.982518  
3034.000000     	0.982631  
3045.000000     	0.982743  
3060.000000     	0.982856  
3062.000000     	0.982912  
3088.000000     	0.983024  
3098.000000     	0.983137  
3109.000000     	0.983249  
3115.000000     	0.983305  
3135.000000     	0.983418  
3176.000000     	0.983530  
3179.000000     	0.983642  
3189.000000     	0.983755  
3192.000000     	0.983811  
3199.000000     	0.983924  
3204.000000     	0.984036  
3230.000000     	0.984148  
3240.000000     	0.984261  
3249.000000     	0.984317  
3289.000000     	0.984429  
3301.000000     	0.984542  
3311.000000     	0.984654  
3321.000000     	0.984711  
3336.000000     	0.984823  
3342.000000     	0.984935  
3350.000000     	0.985104  
3386.000000     	0.985216  
3401.000000     	0.985329  
3406.000000     	0.985441  
3429.000000     	0.985554  
3430.000000     	0.985610  
3463.000000     	0.985722  
3483.000000     	0.985891  
3486.000000     	0.985947  
3499.000000     	0.986060  
3501.000000     	0.986172  
3502.000000     	0.986228  
3539.000000     	0.986341  
3559.000000     	0.986453  
3561.000000     	0.986509  
3596.000000     	0.986622  
3611.000000     	0.986734  
3642.000000     	0.986903  
3649.000000     	0.987015  
3676.000000     	0.987128  
3695.000000     	0.987240  
3721.000000     	0.987352  
3738.000000     	0.987409  
3774.000000     	0.987521  
3811.000000     	0.987634  
3841.000000     	0.987746  
3862.000000     	0.987802  
3933.000000     	0.987915  
3956.000000     	0.988027  
4095.000000     	0.988139  
4191.000000     	0.988252  
4214.000000     	0.988308  
4257.000000     	0.988420  
4314.000000     	0.988533  
4380.000000     	0.988645  
4404.000000     	0.988702  
4446.000000     	0.988814  
4523.000000     	0.988926  
4545.000000     	0.989039  
4578.000000     	0.989151  
4605.000000     	0.989207  
4615.000000     	0.989320  
4832.000000     	0.989432  
5137.000000     	0.989545  
5213.000000     	0.989601  
5280.000000     	0.989713  
5355.000000     	0.989826  
5370.000000     	0.989938  
5585.000000     	0.990051  
5686.000000     	0.990107  
5822.000000     	0.990219  
5853.000000     	0.990332  
6560.000000     	0.990444  
6562.000000     	0.990500  
7045.000000     	0.990613  
7100.000000     	0.990725  
7803.000000     	0.990838  
8574.000000     	0.990950  
9084.000000     	0.991006  
9495.000000     	0.991119  
10689.000000    	0.991231  
11933.000000    	0.991343  
12578.000000    	0.991456  
12815.000000    	0.991512  
14228.000000    	0.991625  
14949.000000    	0.991737  
15443.000000    	0.991849  
15829.000000    	0.991906  
16532.000000    	0.992018  
17251.000000    	0.992130  
17832.000000    	0.992243  
18050.000000    	0.992355  
18379.000000    	0.992411  
18748.000000    	0.992524  
19715.000000    	0.992636  
19833.000000    	0.992749  
19891.000000    	0.992805  
21656.000000    	0.992917  
21773.000000    	0.993030  
21941.000000    	0.993142  
22643.000000    	0.993255  
22872.000000    	0.993311  
22996.000000    	0.993423  
23750.000000    	0.993536  
24583.000000    	0.993648  
24719.000000    	0.993704  
25151.000000    	0.993817  
25219.000000    	0.993929  
25445.000000    	0.994042  
25946.000000    	0.994154  
26996.000000    	0.994210  
29326.000000    	0.994323  
30674.000000    	0.994435  
34844.000000    	0.994547  
36003.000000    	0.994604  
36384.000000    	0.994716  
37490.000000    	0.994829  
38995.000000    	0.994941  
40069.000000    	0.995053  
42448.000000    	0.995110  
43291.000000    	0.995222  
47335.000000    	0.995334  
51339.000000    	0.995447  
51652.000000    	0.995503  
53228.000000    	0.995616  
55996.000000    	0.995728  
57324.000000    	0.995840  
58683.000000    	0.995953  
59634.000000    	0.996009  
60063.000000    	0.996121  
60779.000000    	0.996234  
60968.000000    	0.996346  
60980.000000    	0.996402  
61135.000000    	0.996515  
62992.000000    	0.996627  
64217.000000    	0.996740  
64347.000000    	0.996852  
64519.000000    	0.996908  
64679.000000    	0.997021  
64745.000000    	0.997133  
65399.000000    	0.997246  
65605.000000    	0.997302  
68041.000000    	0.997414  
68177.000000    	0.997527  
68289.000000    	0.997639  
69490.000000    	0.997752  
69667.000000    	0.997808  
70389.000000    	0.997920  
70849.000000    	0.998033  
71680.000000    	0.998145  
72959.000000    	0.998201  
73478.000000    	0.998314  
73951.000000    	0.998426  
74881.000000    	0.998539  
75338.000000    	0.998651  
75492.000000    	0.998707  
75770.000000    	0.998820  
76510.000000    	0.998932  
76950.000000    	0.999044  
76970.000000    	0.999101  
77642.000000    	0.999213  
79496.000000    	0.999325  
79918.000000    	0.999438  
80433.000000    	0.999550  
81407.000000    	0.999607  
83292.000000    	0.999719  
84318.000000    	0.999831  
86464.000000    	0.999944  
87982.000000    	1.000000  
87982.000000    	1.000000  
