7.000000        	0.000003  
61.000000       	0.000101  
76.000000       	0.000201  
82.000000       	0.000327  
84.000000       	0.000412  
86.000000       	0.000501  
88.000000       	0.000617  
89.000000       	0.000714  
91.000000       	0.000885  
92.000000       	0.000995  
93.000000       	0.001172  
94.000000       	0.001288  
95.000000       	0.001438  
96.000000       	0.001606  
97.000000       	0.001838  
98.000000       	0.002054  
99.000000       	0.002344  
100.000000      	0.002601  
101.000000      	0.002909  
102.000000      	0.003211  
103.000000      	0.003583  
104.000000      	0.003965  
105.000000      	0.004386  
106.000000      	0.004896  
107.000000      	0.005409  
108.000000      	0.006010  
109.000000      	0.006633  
110.000000      	0.007234  
111.000000      	0.008031  
112.000000      	0.008864  
113.000000      	0.009664  
114.000000      	0.010525  
115.000000      	0.011428  
116.000000      	0.012438  
117.000000      	0.013629  
118.000000      	0.014853  
119.000000      	0.016199  
120.000000      	0.017493  
121.000000      	0.018983  
122.000000      	0.020509  
123.000000      	0.022163  
124.000000      	0.023958  
125.000000      	0.025692  
126.000000      	0.027496  
127.000000      	0.029394  
128.000000      	0.031345  
129.000000      	0.033601  
130.000000      	0.035890  
131.000000      	0.038268  
132.000000      	0.040798  
133.000000      	0.043267  
134.000000      	0.045981  
135.000000      	0.048713  
136.000000      	0.051658  
137.000000      	0.054647  
138.000000      	0.057882  
139.000000      	0.061246  
140.000000      	0.064607  
141.000000      	0.067906  
142.000000      	0.071410  
143.000000      	0.074930  
144.000000      	0.078541  
145.000000      	0.082039  
146.000000      	0.085772  
147.000000      	0.089468  
148.000000      	0.093213  
149.000000      	0.097053  
150.000000      	0.100930  
151.000000      	0.104507  
152.000000      	0.108295  
153.000000      	0.112367  
154.000000      	0.116271  
155.000000      	0.120309  
156.000000      	0.124546  
157.000000      	0.128554  
158.000000      	0.132595  
159.000000      	0.136609  
160.000000      	0.140650  
161.000000      	0.144780  
162.000000      	0.148544  
163.000000      	0.152518  
164.000000      	0.156391  
165.000000      	0.160292  
166.000000      	0.164050  
167.000000      	0.167688  
168.000000      	0.171394  
169.000000      	0.174892  
170.000000      	0.178509  
171.000000      	0.181970  
172.000000      	0.185407  
173.000000      	0.188652  
174.000000      	0.191866  
175.000000      	0.195077  
176.000000      	0.198407  
177.000000      	0.201570  
178.000000      	0.204897  
179.000000      	0.208141  
180.000000      	0.211169  
181.000000      	0.214441  
182.000000      	0.217533  
183.000000      	0.220732  
184.000000      	0.223827  
185.000000      	0.226825  
186.000000      	0.230161  
187.000000      	0.233186  
188.000000      	0.236248  
189.000000      	0.239437  
190.000000      	0.242419  
191.000000      	0.245591  
192.000000      	0.248658  
193.000000      	0.251656  
194.000000      	0.254601  
195.000000      	0.257596  
196.000000      	0.260584  
197.000000      	0.263624  
198.000000      	0.266536  
199.000000      	0.269650  
200.000000      	0.272485  
201.000000      	0.275681  
202.000000      	0.278709  
203.000000      	0.281679  
204.000000      	0.284689  
205.000000      	0.287756  
206.000000      	0.290845  
207.000000      	0.293870  
208.000000      	0.296913  
209.000000      	0.299993  
210.000000      	0.302774  
211.000000      	0.305787  
212.000000      	0.308772  
213.000000      	0.311836  
214.000000      	0.314919  
215.000000      	0.318054  
216.000000      	0.321256  
217.000000      	0.324275  
218.000000      	0.327510  
219.000000      	0.330584  
220.000000      	0.333637  
221.000000      	0.336832  
222.000000      	0.340056  
223.000000      	0.343340  
224.000000      	0.346505  
225.000000      	0.349768  
226.000000      	0.353144  
227.000000      	0.356374  
228.000000      	0.359508  
229.000000      	0.362723  
230.000000      	0.365833  
231.000000      	0.369102  
232.000000      	0.372350  
233.000000      	0.375689  
234.000000      	0.379007  
235.000000      	0.382334  
236.000000      	0.385527  
237.000000      	0.388735  
238.000000      	0.391912  
239.000000      	0.395279  
240.000000      	0.398408  
241.000000      	0.401650  
242.000000      	0.404919  
243.000000      	0.408288  
244.000000      	0.411594  
245.000000      	0.414775  
246.000000      	0.418032  
247.000000      	0.421111  
248.000000      	0.424484  
249.000000      	0.427811  
250.000000      	0.430995  
251.000000      	0.434426  
252.000000      	0.437756  
253.000000      	0.440970  
254.000000      	0.444230  
255.000000      	0.447521  
256.000000      	0.450658  
257.000000      	0.453915  
258.000000      	0.456879  
259.000000      	0.459687  
260.000000      	0.462666  
261.000000      	0.465563  
262.000000      	0.468240  
263.000000      	0.470890  
264.000000      	0.473554  
265.000000      	0.476344  
266.000000      	0.479317  
267.000000      	0.482058  
268.000000      	0.484848  
269.000000      	0.487659  
270.000000      	0.490293  
271.000000      	0.493077  
272.000000      	0.495718  
273.000000      	0.498431  
274.000000      	0.500882  
275.000000      	0.503413  
276.000000      	0.505800  
277.000000      	0.507991  
278.000000      	0.510198  
279.000000      	0.512206  
280.000000      	0.514010  
281.000000      	0.515976  
282.000000      	0.517890  
283.000000      	0.519731  
284.000000      	0.521486  
285.000000      	0.523171  
286.000000      	0.524926  
287.000000      	0.526626  
288.000000      	0.528372  
289.000000      	0.530075  
290.000000      	0.531766  
291.000000      	0.533445  
292.000000      	0.535136  
293.000000      	0.536891  
294.000000      	0.538399  
295.000000      	0.539885  
296.000000      	0.541491  
297.000000      	0.542935  
298.000000      	0.544360  
299.000000      	0.545776  
300.000000      	0.547068  
301.000000      	0.548343  
302.000000      	0.549683  
303.000000      	0.550883  
304.000000      	0.552037  
305.000000      	0.553221  
306.000000      	0.554238  
307.000000      	0.555224  
308.000000      	0.556298  
309.000000      	0.557278  
310.000000      	0.558285  
311.000000      	0.559308  
312.000000      	0.560300  
313.000000      	0.561157  
314.000000      	0.562155  
315.000000      	0.563010  
316.000000      	0.563825  
317.000000      	0.564613  
318.000000      	0.565412  
319.000000      	0.566151  
320.000000      	0.566914  
321.000000      	0.567766  
322.000000      	0.568382  
323.000000      	0.569142  
324.000000      	0.569976  
325.000000      	0.570809  
326.000000      	0.571603  
327.000000      	0.572344  
328.000000      	0.573059  
329.000000      	0.573794  
330.000000      	0.574426  
331.000000      	0.575143  
332.000000      	0.575769  
333.000000      	0.576392  
334.000000      	0.576959  
335.000000      	0.577573  
336.000000      	0.578196  
337.000000      	0.578770  
338.000000      	0.579380  
339.000000      	0.579984  
340.000000      	0.580592  
341.000000      	0.581169  
342.000000      	0.581758  
343.000000      	0.582417  
344.000000      	0.583128  
345.000000      	0.583772  
346.000000      	0.584441  
347.000000      	0.585112  
348.000000      	0.585705  
349.000000      	0.586184  
350.000000      	0.586651  
351.000000      	0.587081  
352.000000      	0.587515  
353.000000      	0.587942  
354.000000      	0.588327  
355.000000      	0.588742  
356.000000      	0.589148  
357.000000      	0.589551  
358.000000      	0.589984  
359.000000      	0.590427  
360.000000      	0.590735  
361.000000      	0.591022  
362.000000      	0.591419  
363.000000      	0.591727  
364.000000      	0.592090  
365.000000      	0.592432  
366.000000      	0.592813  
367.000000      	0.593183  
368.000000      	0.593488  
369.000000      	0.593860  
370.000000      	0.594245  
371.000000      	0.594617  
372.000000      	0.594923  
373.000000      	0.595261  
374.000000      	0.595545  
375.000000      	0.595930  
376.000000      	0.596278  
377.000000      	0.596601  
378.000000      	0.597038  
379.000000      	0.597368  
380.000000      	0.597758  
381.000000      	0.598216  
382.000000      	0.598659  
383.000000      	0.599086  
384.000000      	0.599471  
385.000000      	0.599822  
386.000000      	0.600206  
387.000000      	0.600625  
388.000000      	0.601156  
389.000000      	0.601684  
390.000000      	0.602154  
391.000000      	0.602679  
392.000000      	0.603192  
393.000000      	0.603601  
394.000000      	0.604126  
395.000000      	0.604599  
396.000000      	0.605118  
397.000000      	0.605597  
398.000000      	0.606094  
399.000000      	0.606592  
400.000000      	0.607215  
401.000000      	0.607718  
402.000000      	0.608255  
403.000000      	0.608701  
404.000000      	0.609156  
405.000000      	0.609641  
406.000000      	0.610078  
407.000000      	0.610581  
408.000000      	0.611000  
409.000000      	0.611497  
410.000000      	0.611958  
411.000000      	0.612358  
412.000000      	0.612767  
413.000000      	0.613191  
414.000000      	0.613597  
415.000000      	0.614040  
416.000000      	0.614498  
417.000000      	0.614897  
418.000000      	0.615270  
419.000000      	0.615624  
420.000000      	0.616012  
421.000000      	0.616393  
422.000000      	0.616769  
423.000000      	0.617272  
424.000000      	0.617675  
425.000000      	0.618057  
426.000000      	0.618511  
427.000000      	0.618844  
428.000000      	0.619226  
429.000000      	0.619598  
430.000000      	0.620007  
431.000000      	0.620321  
432.000000      	0.620712  
433.000000      	0.620993  
434.000000      	0.621371  
435.000000      	0.621744  
436.000000      	0.622116  
437.000000      	0.622467  
438.000000      	0.622782  
439.000000      	0.623142  
440.000000      	0.623533  
441.000000      	0.623862  
442.000000      	0.624207  
443.000000      	0.624525  
444.000000      	0.624876  
445.000000      	0.625245  
446.000000      	0.625593  
447.000000      	0.625898  
448.000000      	0.626234  
449.000000      	0.626585  
450.000000      	0.626930  
451.000000      	0.627275  
452.000000      	0.627647  
453.000000      	0.627977  
454.000000      	0.628303  
455.000000      	0.628670  
456.000000      	0.628978  
457.000000      	0.629341  
458.000000      	0.629701  
459.000000      	0.630046  
460.000000      	0.630361  
461.000000      	0.630709  
462.000000      	0.631102  
463.000000      	0.631521  
464.000000      	0.631920  
465.000000      	0.632214  
466.000000      	0.632537  
467.000000      	0.632830  
468.000000      	0.633138  
469.000000      	0.633499  
470.000000      	0.633895  
471.000000      	0.634240  
472.000000      	0.634515  
473.000000      	0.634836  
474.000000      	0.635144  
475.000000      	0.635528  
476.000000      	0.635837  
477.000000      	0.636136  
478.000000      	0.636456  
479.000000      	0.636734  
480.000000      	0.637106  
481.000000      	0.637433  
482.000000      	0.637787  
483.000000      	0.638105  
484.000000      	0.638492  
485.000000      	0.638785  
486.000000      	0.639164  
487.000000      	0.639493  
488.000000      	0.639786  
489.000000      	0.640128  
490.000000      	0.640519  
491.000000      	0.640858  
492.000000      	0.641172  
493.000000      	0.641587  
494.000000      	0.641999  
495.000000      	0.642341  
496.000000      	0.642622  
497.000000      	0.642973  
498.000000      	0.643245  
499.000000      	0.643523  
500.000000      	0.643825  
501.000000      	0.644087  
502.000000      	0.644472  
503.000000      	0.644811  
504.000000      	0.645146  
505.000000      	0.645427  
506.000000      	0.645763  
507.000000      	0.646135  
508.000000      	0.646407  
509.000000      	0.646691  
510.000000      	0.647014  
511.000000      	0.647308  
512.000000      	0.647646  
513.000000      	0.647967  
514.000000      	0.648232  
515.000000      	0.648544  
516.000000      	0.648840  
517.000000      	0.649133  
518.000000      	0.649447  
519.000000      	0.649783  
520.000000      	0.650100  
521.000000      	0.650406  
522.000000      	0.650699  
523.000000      	0.651016  
524.000000      	0.651355  
525.000000      	0.651657  
526.000000      	0.651944  
527.000000      	0.652243  
528.000000      	0.652573  
529.000000      	0.652869  
530.000000      	0.653171  
531.000000      	0.653574  
532.000000      	0.653907  
533.000000      	0.654224  
534.000000      	0.654505  
535.000000      	0.654822  
536.000000      	0.655109  
537.000000      	0.655466  
538.000000      	0.655772  
539.000000      	0.656046  
540.000000      	0.656370  
541.000000      	0.656724  
542.000000      	0.657078  
543.000000      	0.657447  
544.000000      	0.657777  
545.000000      	0.658125  
546.000000      	0.658372  
547.000000      	0.658604  
548.000000      	0.658919  
549.000000      	0.659251  
550.000000      	0.659566  
551.000000      	0.659911  
552.000000      	0.660204  
553.000000      	0.660512  
554.000000      	0.660854  
555.000000      	0.661171  
556.000000      	0.661467  
557.000000      	0.661788  
558.000000      	0.662139  
559.000000      	0.662511  
560.000000      	0.662838  
561.000000      	0.663134  
562.000000      	0.663461  
563.000000      	0.663760  
564.000000      	0.664102  
565.000000      	0.664379  
566.000000      	0.664679  
567.000000      	0.665014  
568.000000      	0.665298  
569.000000      	0.665628  
570.000000      	0.665921  
571.000000      	0.666254  
572.000000      	0.666553  
573.000000      	0.666818  
574.000000      	0.667087  
575.000000      	0.667340  
576.000000      	0.667591  
577.000000      	0.667905  
578.000000      	0.668198  
579.000000      	0.668497  
580.000000      	0.668824  
581.000000      	0.669141  
582.000000      	0.669431  
583.000000      	0.669694  
584.000000      	0.669953  
585.000000      	0.670261  
586.000000      	0.670600  
587.000000      	0.670969  
588.000000      	0.671259  
589.000000      	0.671607  
590.000000      	0.671940  
591.000000      	0.672288  
592.000000      	0.672615  
593.000000      	0.672926  
594.000000      	0.673247  
595.000000      	0.673527  
596.000000      	0.673823  
597.000000      	0.674144  
598.000000      	0.674443  
599.000000      	0.674754  
600.000000      	0.675060  
601.000000      	0.675322  
602.000000      	0.675618  
603.000000      	0.675948  
604.000000      	0.676268  
605.000000      	0.676592  
606.000000      	0.676870  
607.000000      	0.677236  
608.000000      	0.677581  
609.000000      	0.677883  
610.000000      	0.678194  
611.000000      	0.678500  
612.000000      	0.678777  
613.000000      	0.679061  
614.000000      	0.679345  
615.000000      	0.679650  
616.000000      	0.679904  
617.000000      	0.680191  
618.000000      	0.680456  
619.000000      	0.680798  
620.000000      	0.681042  
621.000000      	0.681320  
622.000000      	0.681595  
623.000000      	0.681863  
624.000000      	0.682123  
625.000000      	0.682401  
626.000000      	0.682749  
627.000000      	0.683045  
628.000000      	0.683347  
629.000000      	0.683655  
630.000000      	0.683973  
631.000000      	0.684281  
632.000000      	0.684528  
633.000000      	0.684830  
634.000000      	0.685142  
635.000000      	0.685383  
636.000000      	0.685682  
637.000000      	0.685951  
638.000000      	0.686228  
639.000000      	0.686530  
640.000000      	0.686836  
641.000000      	0.687132  
642.000000      	0.687422  
643.000000      	0.687727  
644.000000      	0.688041  
645.000000      	0.688344  
646.000000      	0.688646  
647.000000      	0.688954  
648.000000      	0.689256  
649.000000      	0.689543  
650.000000      	0.689903  
651.000000      	0.690184  
652.000000      	0.690492  
653.000000      	0.690792  
654.000000      	0.691118  
655.000000      	0.691414  
656.000000      	0.691710  
657.000000      	0.692031  
658.000000      	0.692342  
659.000000      	0.692635  
660.000000      	0.692907  
661.000000      	0.693224  
662.000000      	0.693536  
663.000000      	0.693868  
664.000000      	0.694168  
665.000000      	0.694470  
666.000000      	0.694760  
667.000000      	0.695044  
668.000000      	0.695404  
669.000000      	0.695730  
670.000000      	0.696045  
671.000000      	0.696353  
672.000000      	0.696631  
673.000000      	0.696912  
674.000000      	0.697250  
675.000000      	0.697562  
676.000000      	0.697840  
677.000000      	0.698154  
678.000000      	0.698462  
679.000000      	0.698801  
680.000000      	0.699100  
681.000000      	0.699415  
682.000000      	0.699683  
683.000000      	0.699988  
684.000000      	0.700324  
685.000000      	0.700645  
686.000000      	0.700941  
687.000000      	0.701298  
688.000000      	0.701628  
689.000000      	0.701957  
690.000000      	0.702391  
691.000000      	0.702736  
692.000000      	0.703053  
693.000000      	0.703392  
694.000000      	0.703770  
695.000000      	0.704085  
696.000000      	0.704399  
697.000000      	0.704649  
698.000000      	0.704958  
699.000000      	0.705312  
700.000000      	0.705559  
701.000000      	0.705947  
702.000000      	0.706365  
703.000000      	0.706682  
704.000000      	0.707033  
705.000000      	0.707339  
706.000000      	0.707732  
707.000000      	0.708059  
708.000000      	0.708358  
709.000000      	0.708697  
710.000000      	0.709005  
711.000000      	0.709368  
712.000000      	0.709765  
713.000000      	0.710092  
714.000000      	0.710428  
715.000000      	0.710733  
716.000000      	0.711075  
717.000000      	0.711420  
718.000000      	0.711761  
719.000000      	0.712051  
720.000000      	0.712412  
721.000000      	0.712705  
722.000000      	0.713062  
723.000000      	0.713379  
724.000000      	0.713742  
725.000000      	0.714069  
726.000000      	0.714402  
727.000000      	0.714701  
728.000000      	0.714985  
729.000000      	0.715339  
730.000000      	0.715671  
731.000000      	0.715955  
732.000000      	0.716300  
733.000000      	0.716664  
734.000000      	0.717011  
735.000000      	0.717356  
736.000000      	0.717631  
737.000000      	0.717973  
738.000000      	0.718339  
739.000000      	0.718669  
740.000000      	0.719032  
741.000000      	0.719356  
742.000000      	0.719661  
743.000000      	0.720030  
744.000000      	0.720375  
745.000000      	0.720726  
746.000000      	0.721077  
747.000000      	0.721425  
748.000000      	0.721782  
749.000000      	0.722130  
750.000000      	0.722417  
751.000000      	0.722787  
752.000000      	0.723067  
753.000000      	0.723409  
754.000000      	0.723772  
755.000000      	0.724117  
756.000000      	0.724456  
757.000000      	0.724798  
758.000000      	0.725235  
759.000000      	0.725616  
760.000000      	0.726016  
761.000000      	0.726391  
762.000000      	0.726736  
763.000000      	0.727087  
764.000000      	0.727499  
765.000000      	0.727792  
766.000000      	0.728079  
767.000000      	0.728430  
768.000000      	0.728772  
769.000000      	0.729151  
770.000000      	0.729465  
771.000000      	0.729850  
772.000000      	0.730213  
773.000000      	0.730558  
774.000000      	0.730991  
775.000000      	0.731370  
776.000000      	0.731721  
777.000000      	0.732029  
778.000000      	0.732414  
779.000000      	0.732765  
780.000000      	0.733110  
781.000000      	0.733433  
782.000000      	0.733833  
783.000000      	0.734144  
784.000000      	0.734447  
785.000000      	0.734795  
786.000000      	0.735127  
787.000000      	0.735460  
788.000000      	0.735817  
789.000000      	0.736113  
790.000000      	0.736449  
791.000000      	0.736760  
792.000000      	0.737133  
793.000000      	0.737441  
794.000000      	0.737810  
795.000000      	0.738164  
796.000000      	0.738543  
797.000000      	0.738940  
798.000000      	0.739306  
799.000000      	0.739617  
800.000000      	0.739996  
801.000000      	0.740365  
802.000000      	0.740728  
803.000000      	0.741064  
804.000000      	0.741440  
805.000000      	0.741791  
806.000000      	0.742181  
807.000000      	0.742505  
808.000000      	0.742832  
809.000000      	0.743213  
810.000000      	0.743561  
811.000000      	0.743936  
812.000000      	0.744233  
813.000000      	0.744605  
814.000000      	0.744959  
815.000000      	0.745298  
816.000000      	0.745655  
817.000000      	0.746018  
818.000000      	0.746345  
819.000000      	0.746729  
820.000000      	0.747050  
821.000000      	0.747331  
822.000000      	0.747657  
823.000000      	0.747993  
824.000000      	0.748344  
825.000000      	0.748750  
826.000000      	0.749080  
827.000000      	0.749446  
828.000000      	0.749770  
829.000000      	0.750133  
830.000000      	0.750459  
831.000000      	0.750817  
832.000000      	0.751131  
833.000000      	0.751439  
834.000000      	0.751760  
835.000000      	0.752065  
836.000000      	0.752349  
837.000000      	0.752730  
838.000000      	0.753109  
839.000000      	0.753438  
840.000000      	0.753793  
841.000000      	0.754162  
842.000000      	0.754556  
843.000000      	0.754919  
844.000000      	0.755273  
845.000000      	0.755551  
846.000000      	0.755920  
847.000000      	0.756234  
848.000000      	0.756570  
849.000000      	0.756882  
850.000000      	0.757233  
851.000000      	0.757578  
852.000000      	0.757977  
853.000000      	0.758359  
854.000000      	0.758731  
855.000000      	0.759058  
856.000000      	0.759372  
857.000000      	0.759717  
858.000000      	0.760062  
859.000000      	0.760383  
860.000000      	0.760676  
861.000000      	0.760996  
862.000000      	0.761329  
863.000000      	0.761671  
864.000000      	0.761997  
865.000000      	0.762303  
866.000000      	0.762574  
867.000000      	0.762910  
868.000000      	0.763179  
869.000000      	0.763502  
870.000000      	0.763868  
871.000000      	0.764213  
872.000000      	0.764558  
873.000000      	0.764897  
874.000000      	0.765242  
875.000000      	0.765581  
876.000000      	0.765926  
877.000000      	0.766252  
878.000000      	0.766548  
879.000000      	0.766884  
880.000000      	0.767223  
881.000000      	0.767547  
882.000000      	0.767879  
883.000000      	0.768154  
884.000000      	0.768511  
885.000000      	0.768786  
886.000000      	0.769070  
887.000000      	0.769354  
888.000000      	0.769662  
889.000000      	0.769979  
890.000000      	0.770269  
891.000000      	0.770593  
892.000000      	0.770974  
893.000000      	0.771280  
894.000000      	0.771621  
895.000000      	0.771930  
896.000000      	0.772235  
897.000000      	0.772601  
898.000000      	0.772940  
899.000000      	0.773242  
900.000000      	0.773554  
901.000000      	0.773902  
902.000000      	0.774222  
903.000000      	0.774582  
904.000000      	0.774878  
905.000000      	0.775211  
906.000000      	0.775550  
907.000000      	0.775849  
908.000000      	0.776170  
909.000000      	0.776524  
910.000000      	0.776811  
911.000000      	0.777085  
912.000000      	0.777384  
913.000000      	0.777690  
914.000000      	0.778001  
915.000000      	0.778279  
916.000000      	0.778621  
917.000000      	0.778907  
918.000000      	0.779197  
919.000000      	0.779500  
920.000000      	0.779765  
921.000000      	0.780144  
922.000000      	0.780458  
923.000000      	0.780760  
924.000000      	0.781053  
925.000000      	0.781294  
926.000000      	0.781627  
927.000000      	0.781896  
928.000000      	0.782207  
929.000000      	0.782470  
930.000000      	0.782741  
931.000000      	0.782992  
932.000000      	0.783248  
933.000000      	0.783578  
934.000000      	0.783889  
935.000000      	0.784170  
936.000000      	0.784454  
937.000000      	0.784799  
938.000000      	0.785162  
939.000000      	0.785476  
940.000000      	0.785717  
941.000000      	0.786020  
942.000000      	0.786316  
943.000000      	0.786563  
944.000000      	0.786862  
945.000000      	0.787140  
946.000000      	0.787405  
947.000000      	0.787720  
948.000000      	0.788016  
949.000000      	0.788284  
950.000000      	0.788635  
951.000000      	0.788935  
952.000000      	0.789188  
953.000000      	0.789460  
954.000000      	0.789734  
955.000000      	0.790064  
956.000000      	0.790369  
957.000000      	0.790656  
958.000000      	0.790858  
959.000000      	0.791141  
960.000000      	0.791437  
961.000000      	0.791715  
962.000000      	0.792057  
963.000000      	0.792329  
964.000000      	0.792582  
965.000000      	0.792848  
966.000000      	0.793153  
967.000000      	0.793428  
968.000000      	0.793629  
969.000000      	0.793834  
970.000000      	0.794105  
971.000000      	0.794368  
972.000000      	0.794630  
973.000000      	0.794868  
974.000000      	0.795146  
975.000000      	0.795442  
976.000000      	0.795720  
977.000000      	0.796034  
978.000000      	0.796294  
979.000000      	0.796544  
980.000000      	0.796813  
981.000000      	0.797075  
982.000000      	0.797374  
983.000000      	0.797646  
984.000000      	0.797930  
985.000000      	0.798131  
986.000000      	0.798421  
987.000000      	0.798702  
988.000000      	0.798962  
989.000000      	0.799258  
990.000000      	0.799535  
991.000000      	0.799847  
992.000000      	0.800094  
993.000000      	0.800299  
994.000000      	0.800613  
995.000000      	0.800878  
996.000000      	0.801153  
997.000000      	0.801416  
998.000000      	0.801669  
999.000000      	0.801901  
1000.000000     	0.802154  
1001.000000     	0.802402  
1002.000000     	0.802682  
1003.000000     	0.802933  
1004.000000     	0.803143  
1005.000000     	0.803388  
1006.000000     	0.803638  
1007.000000     	0.803818  
1008.000000     	0.804071  
1009.000000     	0.804300  
1010.000000     	0.804547  
1011.000000     	0.804770  
1012.000000     	0.805017  
1013.000000     	0.805243  
1014.000000     	0.805512  
1015.000000     	0.805716  
1016.000000     	0.805942  
1017.000000     	0.806171  
1018.000000     	0.806388  
1019.000000     	0.806599  
1020.000000     	0.806849  
1021.000000     	0.807047  
1022.000000     	0.807282  
1023.000000     	0.807539  
1024.000000     	0.807810  
1025.000000     	0.808027  
1026.000000     	0.808268  
1027.000000     	0.808509  
1028.000000     	0.808738  
1029.000000     	0.808976  
1030.000000     	0.809187  
1031.000000     	0.809407  
1032.000000     	0.809630  
1033.000000     	0.809856  
1034.000000     	0.810097  
1035.000000     	0.810307  
1036.000000     	0.810512  
1037.000000     	0.810771  
1038.000000     	0.811015  
1039.000000     	0.811250  
1040.000000     	0.811501  
1041.000000     	0.811681  
1042.000000     	0.811916  
1043.000000     	0.812099  
1044.000000     	0.812352  
1045.000000     	0.812563  
1046.000000     	0.812764  
1047.000000     	0.812993  
1048.000000     	0.813210  
1049.000000     	0.813384  
1050.000000     	0.813592  
1051.000000     	0.813784  
1052.000000     	0.814010  
1053.000000     	0.814263  
1054.000000     	0.814446  
1055.000000     	0.814660  
1056.000000     	0.814855  
1057.000000     	0.815090  
1058.000000     	0.815316  
1059.000000     	0.815502  
1060.000000     	0.815704  
1061.000000     	0.815896  
1062.000000     	0.816149  
1063.000000     	0.816357  
1064.000000     	0.816555  
1065.000000     	0.816754  
1066.000000     	0.816964  
1067.000000     	0.817154  
1068.000000     	0.817370  
1069.000000     	0.817572  
1070.000000     	0.817728  
1071.000000     	0.817956  
1072.000000     	0.818124  
1073.000000     	0.818341  
1074.000000     	0.818521  
1075.000000     	0.818686  
1076.000000     	0.818927  
1077.000000     	0.819138  
1078.000000     	0.819348  
1079.000000     	0.819556  
1080.000000     	0.819794  
1081.000000     	0.820011  
1082.000000     	0.820252  
1083.000000     	0.820456  
1084.000000     	0.820698  
1085.000000     	0.820893  
1086.000000     	0.821079  
1087.000000     	0.821299  
1088.000000     	0.821451  
1089.000000     	0.821625  
1090.000000     	0.821827  
1091.000000     	0.821998  
1092.000000     	0.822218  
1093.000000     	0.822401  
1094.000000     	0.822608  
1095.000000     	0.822828  
1096.000000     	0.823020  
1097.000000     	0.823185  
1098.000000     	0.823347  
1099.000000     	0.823545  
1100.000000     	0.823765  
1101.000000     	0.823961  
1102.000000     	0.824156  
1103.000000     	0.824345  
1104.000000     	0.824565  
1105.000000     	0.824739  
1106.000000     	0.824885  
1107.000000     	0.825062  
1108.000000     	0.825224  
1109.000000     	0.825441  
1110.000000     	0.825609  
1111.000000     	0.825786  
1112.000000     	0.825978  
1113.000000     	0.826180  
1114.000000     	0.826366  
1115.000000     	0.826625  
1116.000000     	0.826821  
1117.000000     	0.827028  
1118.000000     	0.827199  
1119.000000     	0.827370  
1120.000000     	0.827544  
1121.000000     	0.827739  
1122.000000     	0.827907  
1123.000000     	0.828087  
1124.000000     	0.828234  
1125.000000     	0.828426  
1126.000000     	0.828631  
1127.000000     	0.828792  
1128.000000     	0.828948  
1129.000000     	0.829128  
1130.000000     	0.829296  
1131.000000     	0.829494  
1132.000000     	0.829614  
1133.000000     	0.829760  
1134.000000     	0.829968  
1135.000000     	0.830157  
1136.000000     	0.830325  
1137.000000     	0.830526  
1138.000000     	0.830679  
1139.000000     	0.830813  
1140.000000     	0.830990  
1141.000000     	0.831182  
1142.000000     	0.831335  
1143.000000     	0.831567  
1144.000000     	0.831726  
1145.000000     	0.831881  
1146.000000     	0.832065  
1147.000000     	0.832226  
1148.000000     	0.832422  
1149.000000     	0.832614  
1150.000000     	0.832797  
1151.000000     	0.832968  
1152.000000     	0.833127  
1153.000000     	0.833282  
1154.000000     	0.833435  
1155.000000     	0.833637  
1156.000000     	0.833795  
1157.000000     	0.833954  
1158.000000     	0.834131  
1159.000000     	0.834311  
1160.000000     	0.834497  
1161.000000     	0.834680  
1162.000000     	0.834854  
1163.000000     	0.835059  
1164.000000     	0.835242  
1165.000000     	0.835398  
1166.000000     	0.835538  
1167.000000     	0.835676  
1168.000000     	0.835840  
1169.000000     	0.835981  
1170.000000     	0.836164  
1171.000000     	0.836341  
1172.000000     	0.836506  
1173.000000     	0.836683  
1174.000000     	0.836820  
1175.000000     	0.837009  
1176.000000     	0.837156  
1177.000000     	0.837305  
1178.000000     	0.837458  
1179.000000     	0.837614  
1180.000000     	0.837785  
1181.000000     	0.837992  
1182.000000     	0.838160  
1183.000000     	0.838316  
1184.000000     	0.838453  
1185.000000     	0.838661  
1186.000000     	0.838868  
1187.000000     	0.838993  
1188.000000     	0.839186  
1189.000000     	0.839332  
1190.000000     	0.839491  
1191.000000     	0.839653  
1192.000000     	0.839784  
1193.000000     	0.839955  
1194.000000     	0.840126  
1195.000000     	0.840306  
1196.000000     	0.840514  
1197.000000     	0.840700  
1198.000000     	0.840874  
1199.000000     	0.841023  
1200.000000     	0.841203  
1201.000000     	0.841359  
1202.000000     	0.841557  
1203.000000     	0.841738  
1204.000000     	0.841899  
1205.000000     	0.842058  
1206.000000     	0.842263  
1207.000000     	0.842415  
1208.000000     	0.842568  
1209.000000     	0.842754  
1210.000000     	0.842904  
1211.000000     	0.843102  
1212.000000     	0.843294  
1213.000000     	0.843459  
1214.000000     	0.843615  
1215.000000     	0.843804  
1216.000000     	0.843938  
1217.000000     	0.844100  
1218.000000     	0.844259  
1219.000000     	0.844472  
1220.000000     	0.844665  
1221.000000     	0.844848  
1222.000000     	0.844991  
1223.000000     	0.845181  
1224.000000     	0.845333  
1225.000000     	0.845526  
1226.000000     	0.845718  
1227.000000     	0.845913  
1228.000000     	0.846075  
1229.000000     	0.846234  
1230.000000     	0.846371  
1231.000000     	0.846508  
1232.000000     	0.846670  
1233.000000     	0.846850  
1234.000000     	0.847030  
1235.000000     	0.847168  
1236.000000     	0.847339  
1237.000000     	0.847455  
1238.000000     	0.847647  
1239.000000     	0.847818  
1240.000000     	0.847967  
1241.000000     	0.848169  
1242.000000     	0.848346  
1243.000000     	0.848566  
1244.000000     	0.848731  
1245.000000     	0.848929  
1246.000000     	0.849115  
1247.000000     	0.849314  
1248.000000     	0.849500  
1249.000000     	0.849698  
1250.000000     	0.849872  
1251.000000     	0.850028  
1252.000000     	0.850162  
1253.000000     	0.850287  
1254.000000     	0.850486  
1255.000000     	0.850654  
1256.000000     	0.850812  
1257.000000     	0.851014  
1258.000000     	0.851169  
1259.000000     	0.851325  
1260.000000     	0.851481  
1261.000000     	0.851646  
1262.000000     	0.851829  
1263.000000     	0.852018  
1264.000000     	0.852198  
1265.000000     	0.852317  
1266.000000     	0.852485  
1267.000000     	0.852650  
1268.000000     	0.852839  
1269.000000     	0.852998  
1270.000000     	0.853199  
1271.000000     	0.853358  
1272.000000     	0.853569  
1273.000000     	0.853721  
1274.000000     	0.853892  
1275.000000     	0.854042  
1276.000000     	0.854222  
1277.000000     	0.854399  
1278.000000     	0.854588  
1279.000000     	0.854780  
1280.000000     	0.854997  
1281.000000     	0.855144  
1282.000000     	0.855299  
1283.000000     	0.855482  
1284.000000     	0.855669  
1285.000000     	0.855815  
1286.000000     	0.855989  
1287.000000     	0.856139  
1288.000000     	0.856322  
1289.000000     	0.856490  
1290.000000     	0.856639  
1291.000000     	0.856816  
1292.000000     	0.856978  
1293.000000     	0.857125  
1294.000000     	0.857295  
1295.000000     	0.857442  
1296.000000     	0.857573  
1297.000000     	0.857732  
1298.000000     	0.857930  
1299.000000     	0.858107  
1300.000000     	0.858254  
1301.000000     	0.858431  
1302.000000     	0.858596  
1303.000000     	0.858755  
1304.000000     	0.858913  
1305.000000     	0.859075  
1306.000000     	0.859276  
1307.000000     	0.859432  
1308.000000     	0.859557  
1309.000000     	0.859734  
1310.000000     	0.859911  
1311.000000     	0.860079  
1312.000000     	0.860290  
1313.000000     	0.860458  
1314.000000     	0.860598  
1315.000000     	0.860769  
1316.000000     	0.860931  
1317.000000     	0.861062  
1318.000000     	0.861230  
1319.000000     	0.861395  
1320.000000     	0.861569  
1321.000000     	0.861737  
1322.000000     	0.861938  
1323.000000     	0.862106  
1324.000000     	0.862246  
1325.000000     	0.862420  
1326.000000     	0.862582  
1327.000000     	0.862781  
1328.000000     	0.862961  
1329.000000     	0.863098  
1330.000000     	0.863287  
1331.000000     	0.863461  
1332.000000     	0.863626  
1333.000000     	0.863776  
1334.000000     	0.863953  
1335.000000     	0.864145  
1336.000000     	0.864292  
1337.000000     	0.864472  
1338.000000     	0.864643  
1339.000000     	0.864792  
1340.000000     	0.864987  
1341.000000     	0.865164  
1342.000000     	0.865332  
1343.000000     	0.865528  
1344.000000     	0.865717  
1345.000000     	0.865885  
1346.000000     	0.866047  
1347.000000     	0.866227  
1348.000000     	0.866370  
1349.000000     	0.866535  
1350.000000     	0.866712  
1351.000000     	0.866910  
1352.000000     	0.867066  
1353.000000     	0.867231  
1354.000000     	0.867359  
1355.000000     	0.867512  
1356.000000     	0.867652  
1357.000000     	0.867832  
1358.000000     	0.867994  
1359.000000     	0.868165  
1360.000000     	0.868351  
1361.000000     	0.868504  
1362.000000     	0.868653  
1363.000000     	0.868803  
1364.000000     	0.868980  
1365.000000     	0.869126  
1366.000000     	0.869310  
1367.000000     	0.869487  
1368.000000     	0.869636  
1369.000000     	0.869807  
1370.000000     	0.869963  
1371.000000     	0.870128  
1372.000000     	0.870289  
1373.000000     	0.870451  
1374.000000     	0.870640  
1375.000000     	0.870817  
1376.000000     	0.870973  
1377.000000     	0.871101  
1378.000000     	0.871288  
1379.000000     	0.871440  
1380.000000     	0.871605  
1381.000000     	0.871803  
1382.000000     	0.871990  
1383.000000     	0.872161  
1384.000000     	0.872310  
1385.000000     	0.872487  
1386.000000     	0.872609  
1387.000000     	0.872756  
1388.000000     	0.872908  
1389.000000     	0.873098  
1390.000000     	0.873259  
1391.000000     	0.873406  
1392.000000     	0.873589  
1393.000000     	0.873729  
1394.000000     	0.873879  
1395.000000     	0.874059  
1396.000000     	0.874193  
1397.000000     	0.874355  
1398.000000     	0.874486  
1399.000000     	0.874663  
1400.000000     	0.874844  
1401.000000     	0.875024  
1402.000000     	0.875192  
1403.000000     	0.875347  
1404.000000     	0.875527  
1405.000000     	0.875695  
1406.000000     	0.875808  
1407.000000     	0.875936  
1408.000000     	0.876092  
1409.000000     	0.876296  
1410.000000     	0.876483  
1411.000000     	0.876635  
1412.000000     	0.876797  
1413.000000     	0.876941  
1414.000000     	0.877060  
1415.000000     	0.877246  
1416.000000     	0.877398  
1417.000000     	0.877530  
1418.000000     	0.877740  
1419.000000     	0.877930  
1420.000000     	0.878082  
1421.000000     	0.878238  
1422.000000     	0.878409  
1423.000000     	0.878601  
1424.000000     	0.878751  
1425.000000     	0.878885  
1426.000000     	0.879050  
1427.000000     	0.879184  
1428.000000     	0.879318  
1429.000000     	0.879511  
1430.000000     	0.879648  
1431.000000     	0.879791  
1432.000000     	0.879920  
1433.000000     	0.880051  
1434.000000     	0.880200  
1435.000000     	0.880365  
1436.000000     	0.880527  
1437.000000     	0.880680  
1438.000000     	0.880817  
1439.000000     	0.880988  
1440.000000     	0.881153  
1441.000000     	0.881321  
1442.000000     	0.881473  
1443.000000     	0.881675  
1444.000000     	0.881840  
1445.000000     	0.881992  
1446.000000     	0.882163  
1447.000000     	0.882316  
1448.000000     	0.882474  
1449.000000     	0.882597  
1450.000000     	0.882774  
1451.000000     	0.882938  
1452.000000     	0.883119  
1453.000000     	0.883280  
1454.000000     	0.883424  
1455.000000     	0.883595  
1456.000000     	0.883726  
1457.000000     	0.883882  
1458.000000     	0.884004  
1459.000000     	0.884147  
1460.000000     	0.884324  
1461.000000     	0.884468  
1462.000000     	0.884623  
1463.000000     	0.884810  
1464.000000     	0.884971  
1465.000000     	0.885179  
1466.000000     	0.885350  
1467.000000     	0.885515  
1468.000000     	0.885695  
1469.000000     	0.885872  
1470.000000     	0.886037  
1471.000000     	0.886201  
1472.000000     	0.886363  
1473.000000     	0.886522  
1474.000000     	0.886641  
1475.000000     	0.886781  
1476.000000     	0.886894  
1477.000000     	0.887068  
1478.000000     	0.887197  
1479.000000     	0.887337  
1480.000000     	0.887471  
1481.000000     	0.887660  
1482.000000     	0.887770  
1483.000000     	0.887908  
1484.000000     	0.888054  
1485.000000     	0.888216  
1486.000000     	0.888356  
1487.000000     	0.888512  
1488.000000     	0.888640  
1489.000000     	0.888790  
1490.000000     	0.888930  
1491.000000     	0.889068  
1492.000000     	0.889187  
1493.000000     	0.889336  
1494.000000     	0.889483  
1495.000000     	0.889629  
1496.000000     	0.889791  
1497.000000     	0.889901  
1498.000000     	0.890029  
1499.000000     	0.890145  
1500.000000     	0.890304  
1501.000000     	0.890456  
1502.000000     	0.890603  
1503.000000     	0.890734  
1504.000000     	0.890875  
1505.000000     	0.890994  
1506.000000     	0.891162  
1507.000000     	0.891317  
1508.000000     	0.891445  
1509.000000     	0.891546  
1510.000000     	0.891693  
1511.000000     	0.891824  
1512.000000     	0.892019  
1513.000000     	0.892154  
1514.000000     	0.892306  
1515.000000     	0.892483  
1516.000000     	0.892599  
1517.000000     	0.892767  
1518.000000     	0.892898  
1519.000000     	0.893045  
1520.000000     	0.893222  
1521.000000     	0.893368  
1522.000000     	0.893539  
1523.000000     	0.893719  
1524.000000     	0.893863  
1525.000000     	0.894006  
1526.000000     	0.894162  
1527.000000     	0.894309  
1528.000000     	0.894437  
1529.000000     	0.894589  
1530.000000     	0.894769  
1531.000000     	0.894888  
1532.000000     	0.895044  
1533.000000     	0.895188  
1534.000000     	0.895325  
1535.000000     	0.895453  
1536.000000     	0.895591  
1537.000000     	0.895703  
1538.000000     	0.895865  
1539.000000     	0.896039  
1540.000000     	0.896210  
1541.000000     	0.896332  
1542.000000     	0.896494  
1543.000000     	0.896607  
1544.000000     	0.896757  
1545.000000     	0.896924  
1546.000000     	0.897043  
1547.000000     	0.897193  
1548.000000     	0.897336  
1549.000000     	0.897471  
1550.000000     	0.897608  
1551.000000     	0.897788  
1552.000000     	0.897910  
1553.000000     	0.898054  
1554.000000     	0.898240  
1555.000000     	0.898420  
1556.000000     	0.898536  
1557.000000     	0.898686  
1558.000000     	0.898844  
1559.000000     	0.898976  
1560.000000     	0.899122  
1561.000000     	0.899250  
1562.000000     	0.899379  
1563.000000     	0.899501  
1564.000000     	0.899644  
1565.000000     	0.899769  
1566.000000     	0.899879  
1567.000000     	0.900004  
1568.000000     	0.900132  
1569.000000     	0.900279  
1570.000000     	0.900407  
1571.000000     	0.900538  
1572.000000     	0.900703  
1573.000000     	0.900828  
1574.000000     	0.900984  
1575.000000     	0.901140  
1576.000000     	0.901244  
1577.000000     	0.901381  
1578.000000     	0.901552  
1579.000000     	0.901686  
1580.000000     	0.901817  
1581.000000     	0.901949  
1582.000000     	0.902071  
1583.000000     	0.902187  
1584.000000     	0.902312  
1585.000000     	0.902464  
1586.000000     	0.902599  
1587.000000     	0.902727  
1588.000000     	0.902849  
1589.000000     	0.902983  
1590.000000     	0.903118  
1591.000000     	0.903249  
1592.000000     	0.903392  
1593.000000     	0.903521  
1594.000000     	0.903640  
1595.000000     	0.903774  
1596.000000     	0.903902  
1597.000000     	0.904015  
1598.000000     	0.904165  
1599.000000     	0.904299  
1600.000000     	0.904455  
1601.000000     	0.904583  
1602.000000     	0.904726  
1603.000000     	0.904864  
1604.000000     	0.905019  
1605.000000     	0.905154  
1606.000000     	0.905270  
1607.000000     	0.905380  
1608.000000     	0.905547  
1609.000000     	0.905718  
1610.000000     	0.905868  
1611.000000     	0.906024  
1612.000000     	0.906164  
1613.000000     	0.906289  
1614.000000     	0.906387  
1615.000000     	0.906512  
1616.000000     	0.906661  
1617.000000     	0.906793  
1618.000000     	0.906924  
1619.000000     	0.907046  
1620.000000     	0.907156  
1621.000000     	0.907284  
1622.000000     	0.907409  
1623.000000     	0.907553  
1624.000000     	0.907663  
1625.000000     	0.907770  
1626.000000     	0.907870  
1627.000000     	0.907998  
1628.000000     	0.908124  
1629.000000     	0.908224  
1630.000000     	0.908337  
1631.000000     	0.908484  
1632.000000     	0.908621  
1633.000000     	0.908755  
1634.000000     	0.908881  
1635.000000     	0.908997  
1636.000000     	0.909091  
1637.000000     	0.909189  
1638.000000     	0.909308  
1639.000000     	0.909427  
1640.000000     	0.909549  
1641.000000     	0.909668  
1642.000000     	0.909781  
1643.000000     	0.909918  
1644.000000     	0.910053  
1645.000000     	0.910193  
1646.000000     	0.910294  
1647.000000     	0.910425  
1648.000000     	0.910562  
1649.000000     	0.910700  
1650.000000     	0.910816  
1651.000000     	0.910935  
1652.000000     	0.911100  
1653.000000     	0.911210  
1654.000000     	0.911332  
1655.000000     	0.911472  
1656.000000     	0.911594  
1657.000000     	0.911719  
1658.000000     	0.911838  
1659.000000     	0.911954  
1660.000000     	0.912067  
1661.000000     	0.912165  
1662.000000     	0.912272  
1663.000000     	0.912385  
1664.000000     	0.912470  
1665.000000     	0.912574  
1666.000000     	0.912730  
1667.000000     	0.912888  
1668.000000     	0.913004  
1669.000000     	0.913114  
1670.000000     	0.913221  
1671.000000     	0.913331  
1672.000000     	0.913462  
1673.000000     	0.913566  
1674.000000     	0.913679  
1675.000000     	0.913807  
1676.000000     	0.913944  
1677.000000     	0.914082  
1678.000000     	0.914176  
1679.000000     	0.914314  
1680.000000     	0.914418  
1681.000000     	0.914518  
1682.000000     	0.914607  
1683.000000     	0.914714  
1684.000000     	0.914824  
1685.000000     	0.914936  
1686.000000     	0.915037  
1687.000000     	0.915135  
1688.000000     	0.915294  
1689.000000     	0.915391  
1690.000000     	0.915507  
1691.000000     	0.915632  
1692.000000     	0.915742  
1693.000000     	0.915849  
1694.000000     	0.915953  
1695.000000     	0.916075  
1696.000000     	0.916185  
1697.000000     	0.916286  
1698.000000     	0.916374  
1699.000000     	0.916493  
1700.000000     	0.916579  
1701.000000     	0.916685  
1702.000000     	0.916756  
1703.000000     	0.916863  
1704.000000     	0.916969  
1705.000000     	0.917064  
1706.000000     	0.917198  
1707.000000     	0.917339  
1708.000000     	0.917433  
1709.000000     	0.917510  
1710.000000     	0.917638  
1711.000000     	0.917739  
1712.000000     	0.917824  
1713.000000     	0.917922  
1714.000000     	0.918041  
1715.000000     	0.918145  
1716.000000     	0.918254  
1717.000000     	0.918364  
1718.000000     	0.918450  
1719.000000     	0.918550  
1720.000000     	0.918648  
1721.000000     	0.918755  
1722.000000     	0.918853  
1723.000000     	0.918960  
1724.000000     	0.919048  
1725.000000     	0.919158  
1726.000000     	0.919256  
1727.000000     	0.919369  
1728.000000     	0.919472  
1729.000000     	0.919582  
1730.000000     	0.919671  
1731.000000     	0.919781  
1732.000000     	0.919894  
1733.000000     	0.920019  
1734.000000     	0.920119  
1735.000000     	0.920229  
1736.000000     	0.920321  
1737.000000     	0.920440  
1738.000000     	0.920562  
1739.000000     	0.920651  
1740.000000     	0.920742  
1741.000000     	0.920846  
1742.000000     	0.920937  
1743.000000     	0.921032  
1744.000000     	0.921114  
1745.000000     	0.921203  
1746.000000     	0.921322  
1747.000000     	0.921450  
1748.000000     	0.921542  
1749.000000     	0.921658  
1750.000000     	0.921765  
1751.000000     	0.921868  
1752.000000     	0.921945  
1753.000000     	0.922024  
1754.000000     	0.922113  
1755.000000     	0.922204  
1757.000000     	0.922403  
1758.000000     	0.922500  
1760.000000     	0.922686  
1761.000000     	0.922769  
1762.000000     	0.922845  
1763.000000     	0.922943  
1764.000000     	0.923034  
1765.000000     	0.923126  
1766.000000     	0.923224  
1767.000000     	0.923306  
1768.000000     	0.923404  
1770.000000     	0.923602  
1772.000000     	0.923749  
1773.000000     	0.923852  
1774.000000     	0.923941  
1775.000000     	0.924057  
1776.000000     	0.924161  
1777.000000     	0.924243  
1778.000000     	0.924350  
1779.000000     	0.924445  
1780.000000     	0.924545  
1781.000000     	0.924658  
1782.000000     	0.924762  
1783.000000     	0.924857  
1784.000000     	0.924933  
1785.000000     	0.925034  
1786.000000     	0.925119  
1787.000000     	0.925208  
1789.000000     	0.925357  
1790.000000     	0.925455  
1791.000000     	0.925525  
1793.000000     	0.925678  
1794.000000     	0.925769  
1795.000000     	0.925867  
1796.000000     	0.925965  
1797.000000     	0.926062  
1798.000000     	0.926126  
1799.000000     	0.926218  
1800.000000     	0.926304  
1801.000000     	0.926404  
1803.000000     	0.926581  
1804.000000     	0.926679  
1805.000000     	0.926764  
1806.000000     	0.926838  
1807.000000     	0.926908  
1809.000000     	0.927097  
1810.000000     	0.927192  
1811.000000     	0.927265  
1812.000000     	0.927354  
1813.000000     	0.927448  
1814.000000     	0.927540  
1815.000000     	0.927601  
1817.000000     	0.927784  
1818.000000     	0.927836  
1819.000000     	0.927921  
1820.000000     	0.928010  
1822.000000     	0.928141  
1823.000000     	0.928230  
1824.000000     	0.928303  
1826.000000     	0.928474  
1827.000000     	0.928574  
1828.000000     	0.928629  
1830.000000     	0.928806  
1832.000000     	0.928977  
1833.000000     	0.929051  
1834.000000     	0.929115  
1835.000000     	0.929206  
1837.000000     	0.929374  
1838.000000     	0.929444  
1839.000000     	0.929542  
1840.000000     	0.929640  
1841.000000     	0.929728  
1842.000000     	0.929826  
1843.000000     	0.929911  
1845.000000     	0.930085  
1846.000000     	0.930143  
1848.000000     	0.930272  
1849.000000     	0.930327  
1850.000000     	0.930406  
1851.000000     	0.930510  
1853.000000     	0.930650  
1854.000000     	0.930726  
1855.000000     	0.930821  
1856.000000     	0.930925  
1857.000000     	0.931038  
1858.000000     	0.931145  
1859.000000     	0.931239  
1860.000000     	0.931340  
1861.000000     	0.931413  
1863.000000     	0.931538  
1864.000000     	0.931605  
1866.000000     	0.931746  
1867.000000     	0.931816  
1868.000000     	0.931935  
1870.000000     	0.932076  
1871.000000     	0.932140  
1872.000000     	0.932234  
1873.000000     	0.932326  
1875.000000     	0.932491  
1876.000000     	0.932604  
1877.000000     	0.932720  
1879.000000     	0.932851  
1880.000000     	0.932939  
1882.000000     	0.933074  
1883.000000     	0.933141  
1884.000000     	0.933235  
1886.000000     	0.933403  
1888.000000     	0.933550  
1889.000000     	0.933623  
1891.000000     	0.933748  
1892.000000     	0.933828  
1893.000000     	0.933901  
1895.000000     	0.934038  
1896.000000     	0.934118  
1898.000000     	0.934258  
1899.000000     	0.934334  
1901.000000     	0.934453  
1902.000000     	0.934521  
1903.000000     	0.934615  
1904.000000     	0.934713  
1906.000000     	0.934835  
1907.000000     	0.934902  
1909.000000     	0.935055  
1910.000000     	0.935122  
1912.000000     	0.935235  
1914.000000     	0.935342  
1915.000000     	0.935415  
1917.000000     	0.935543  
1918.000000     	0.935638  
1919.000000     	0.935723  
1920.000000     	0.935809  
1922.000000     	0.935937  
1923.000000     	0.936007  
1925.000000     	0.936144  
1926.000000     	0.936205  
1928.000000     	0.936355  
1929.000000     	0.936413  
1931.000000     	0.936547  
1932.000000     	0.936605  
1934.000000     	0.936721  
1936.000000     	0.936859  
1937.000000     	0.936926  
1939.000000     	0.937060  
1940.000000     	0.937173  
1941.000000     	0.937240  
1942.000000     	0.937320  
1944.000000     	0.937426  
1945.000000     	0.937509  
1946.000000     	0.937603  
1948.000000     	0.937735  
1949.000000     	0.937820  
1950.000000     	0.937906  
1952.000000     	0.938019  
1954.000000     	0.938162  
1955.000000     	0.938244  
1956.000000     	0.938321  
1958.000000     	0.938431  
1959.000000     	0.938510  
1961.000000     	0.938629  
1963.000000     	0.938748  
1965.000000     	0.938861  
1966.000000     	0.938931  
1967.000000     	0.939004  
1969.000000     	0.939157  
1970.000000     	0.939230  
1972.000000     	0.939374  
1973.000000     	0.939438  
1974.000000     	0.939508  
1976.000000     	0.939648  
1977.000000     	0.939710  
1979.000000     	0.939832  
1981.000000     	0.939972  
1982.000000     	0.940030  
1983.000000     	0.940100  
1986.000000     	0.940238  
1987.000000     	0.940314  
1989.000000     	0.940448  
1990.000000     	0.940525  
1992.000000     	0.940637  
1994.000000     	0.940763  
1995.000000     	0.940824  
1996.000000     	0.940903  
1998.000000     	0.941004  
2000.000000     	0.941117  
2002.000000     	0.941236  
2004.000000     	0.941388  
2005.000000     	0.941437  
2007.000000     	0.941544  
2008.000000     	0.941605  
2010.000000     	0.941752  
2011.000000     	0.941819  
2013.000000     	0.941944  
2014.000000     	0.942002  
2016.000000     	0.942106  
2018.000000     	0.942243  
2020.000000     	0.942344  
2021.000000     	0.942405  
2024.000000     	0.942533  
2026.000000     	0.942652  
2027.000000     	0.942713  
2029.000000     	0.942814  
2031.000000     	0.942921  
2033.000000     	0.943024  
2035.000000     	0.943168  
2036.000000     	0.943214  
2038.000000     	0.943324  
2040.000000     	0.943433  
2042.000000     	0.943534  
2043.000000     	0.943617  
2045.000000     	0.943720  
2047.000000     	0.943830  
2048.000000     	0.943903  
2050.000000     	0.944010  
2052.000000     	0.944120  
2054.000000     	0.944258  
2056.000000     	0.944355  
2057.000000     	0.944429  
2059.000000     	0.944548  
2061.000000     	0.944645  
2062.000000     	0.944700  
2064.000000     	0.944801  
2066.000000     	0.944938  
2068.000000     	0.945066  
2069.000000     	0.945131  
2071.000000     	0.945250  
2073.000000     	0.945347  
2075.000000     	0.945445  
2076.000000     	0.945509  
2078.000000     	0.945643  
2080.000000     	0.945772  
2081.000000     	0.945817  
2083.000000     	0.945942  
2084.000000     	0.946007  
2086.000000     	0.946123  
2088.000000     	0.946242  
2089.000000     	0.946306  
2091.000000     	0.946403  
2093.000000     	0.946513  
2095.000000     	0.946635  
2097.000000     	0.946751  
2098.000000     	0.946800  
2100.000000     	0.946913  
2102.000000     	0.947050  
2104.000000     	0.947157  
2105.000000     	0.947215  
2107.000000     	0.947316  
2109.000000     	0.947417  
2111.000000     	0.947511  
2113.000000     	0.947637  
2115.000000     	0.947734  
2117.000000     	0.947820  
2119.000000     	0.947936  
2121.000000     	0.948052  
2122.000000     	0.948125  
2124.000000     	0.948253  
2126.000000     	0.948326  
2128.000000     	0.948442  
2129.000000     	0.948516  
2131.000000     	0.948626  
2133.000000     	0.948732  
2135.000000     	0.948854  
2136.000000     	0.948903  
2138.000000     	0.949025  
2140.000000     	0.949132  
2142.000000     	0.949230  
2144.000000     	0.949318  
2146.000000     	0.949450  
2148.000000     	0.949556  
2149.000000     	0.949608  
2151.000000     	0.949761  
2152.000000     	0.949816  
2154.000000     	0.949926  
2156.000000     	0.950033  
2157.000000     	0.950103  
2160.000000     	0.950237  
2162.000000     	0.950341  
2163.000000     	0.950405  
2165.000000     	0.950533  
2167.000000     	0.950643  
2168.000000     	0.950710  
2170.000000     	0.950826  
2172.000000     	0.950924  
2174.000000     	0.951040  
2176.000000     	0.951135  
2178.000000     	0.951214  
2180.000000     	0.951339  
2182.000000     	0.951437  
2184.000000     	0.951519  
2187.000000     	0.951641  
2189.000000     	0.951754  
2190.000000     	0.951806  
2192.000000     	0.951904  
2194.000000     	0.952032  
2196.000000     	0.952117  
2198.000000     	0.952249  
2199.000000     	0.952316  
2202.000000     	0.952450  
2203.000000     	0.952502  
2205.000000     	0.952609  
2208.000000     	0.952737  
2210.000000     	0.952835  
2212.000000     	0.952951  
2213.000000     	0.953018  
2215.000000     	0.953113  
2218.000000     	0.953250  
2220.000000     	0.953372  
2221.000000     	0.953427  
2223.000000     	0.953528  
2225.000000     	0.953601  
2228.000000     	0.953744  
2230.000000     	0.953833  
2232.000000     	0.953915  
2233.000000     	0.954001  
2236.000000     	0.954111  
2240.000000     	0.954214  
2242.000000     	0.954355  
2243.000000     	0.954401  
2245.000000     	0.954514  
2247.000000     	0.954602  
2249.000000     	0.954721  
2251.000000     	0.954840  
2253.000000     	0.954938  
2254.000000     	0.955002  
2257.000000     	0.955142  
2259.000000     	0.955243  
2261.000000     	0.955341  
2263.000000     	0.955423  
2265.000000     	0.955509  
2267.000000     	0.955625  
2269.000000     	0.955710  
2272.000000     	0.955835  
2274.000000     	0.955936  
2276.000000     	0.956012  
2278.000000     	0.956104  
2281.000000     	0.956250  
2283.000000     	0.956357  
2284.000000     	0.956415  
2286.000000     	0.956525  
2287.000000     	0.956601  
2289.000000     	0.956705  
2291.000000     	0.956815  
2293.000000     	0.956916  
2295.000000     	0.957010  
2297.000000     	0.957111  
2299.000000     	0.957212  
2302.000000     	0.957331  
2304.000000     	0.957410  
2306.000000     	0.957532  
2308.000000     	0.957609  
2311.000000     	0.957758  
2312.000000     	0.957816  
2314.000000     	0.957932  
2316.000000     	0.958012  
2318.000000     	0.958118  
2320.000000     	0.958253  
2321.000000     	0.958305  
2324.000000     	0.958436  
2326.000000     	0.958512  
2329.000000     	0.958650  
2331.000000     	0.958759  
2333.000000     	0.958839  
2334.000000     	0.958912  
2337.000000     	0.959019  
2340.000000     	0.959123  
2342.000000     	0.959208  
2344.000000     	0.959330  
2346.000000     	0.959406  
2349.000000     	0.959529  
2351.000000     	0.959620  
2353.000000     	0.959730  
2355.000000     	0.959809  
2358.000000     	0.959941  
2360.000000     	0.960029  
2362.000000     	0.960102  
2365.000000     	0.960212  
2367.000000     	0.960304  
2369.000000     	0.960420  
2371.000000     	0.960511  
2373.000000     	0.960606  
2376.000000     	0.960737  
2378.000000     	0.960801  
2381.000000     	0.960951  
2382.000000     	0.961006  
2385.000000     	0.961122  
2387.000000     	0.961223  
2389.000000     	0.961333  
2391.000000     	0.961427  
2393.000000     	0.961500  
2397.000000     	0.961629  
2399.000000     	0.961723  
2401.000000     	0.961824  
2403.000000     	0.961906  
2405.000000     	0.962001  
2407.000000     	0.962114  
2410.000000     	0.962248  
2411.000000     	0.962303  
2414.000000     	0.962444  
2416.000000     	0.962526  
2418.000000     	0.962630  
2420.000000     	0.962700  
2423.000000     	0.962834  
2425.000000     	0.962938  
2427.000000     	0.963005  
2429.000000     	0.963109  
2432.000000     	0.963225  
2434.000000     	0.963301  
2437.000000     	0.963436  
2440.000000     	0.963521  
2442.000000     	0.963613  
2444.000000     	0.963710  
2446.000000     	0.963817  
2448.000000     	0.963927  
2450.000000     	0.964006  
2452.000000     	0.964101  
2454.000000     	0.964211  
2458.000000     	0.964351  
2460.000000     	0.964449  
2462.000000     	0.964550  
2464.000000     	0.964632  
2466.000000     	0.964724  
2468.000000     	0.964831  
2470.000000     	0.964910  
2473.000000     	0.965035  
2476.000000     	0.965139  
2478.000000     	0.965252  
2480.000000     	0.965316  
2484.000000     	0.965426  
2486.000000     	0.965517  
2489.000000     	0.965664  
2491.000000     	0.965749  
2493.000000     	0.965810  
2496.000000     	0.965942  
2498.000000     	0.966024  
2500.000000     	0.966100  
2503.000000     	0.966216  
2506.000000     	0.966323  
2509.000000     	0.966433  
2512.000000     	0.966537  
2514.000000     	0.966607  
2517.000000     	0.966711  
2520.000000     	0.966830  
2522.000000     	0.966921  
2525.000000     	0.967019  
2528.000000     	0.967102  
2531.000000     	0.967211  
2534.000000     	0.967334  
2536.000000     	0.967410  
2538.000000     	0.967511  
2542.000000     	0.967639  
2545.000000     	0.967739  
2548.000000     	0.967825  
2550.000000     	0.967913  
2553.000000     	0.968008  
2556.000000     	0.968115  
2560.000000     	0.968216  
2563.000000     	0.968304  
2566.000000     	0.968402  
2569.000000     	0.968512  
2573.000000     	0.968634  
2576.000000     	0.968716  
2580.000000     	0.968838  
2583.000000     	0.968927  
2585.000000     	0.969028  
2588.000000     	0.969128  
2591.000000     	0.969211  
2595.000000     	0.969330  
2598.000000     	0.969409  
2601.000000     	0.969522  
2603.000000     	0.969617  
2605.000000     	0.969711  
2608.000000     	0.969833  
2610.000000     	0.969907  
2613.000000     	0.970010  
2617.000000     	0.970120  
2620.000000     	0.970206  
2624.000000     	0.970300  
2628.000000     	0.970426  
2630.000000     	0.970502  
2633.000000     	0.970615  
2636.000000     	0.970716  
2639.000000     	0.970832  
2642.000000     	0.970908  
2646.000000     	0.971012  
2649.000000     	0.971100  
2654.000000     	0.971201  
2658.000000     	0.971302  
2662.000000     	0.971405  
2666.000000     	0.971515  
2670.000000     	0.971613  
2673.000000     	0.971723  
2677.000000     	0.971824  
2679.000000     	0.971903  
2683.000000     	0.972016  
2688.000000     	0.972123  
2690.000000     	0.972205  
2694.000000     	0.972330  
2697.000000     	0.972410  
2700.000000     	0.972532  
2704.000000     	0.972620  
2708.000000     	0.972724  
2712.000000     	0.972825  
2715.000000     	0.972901  
2721.000000     	0.973026  
2724.000000     	0.973115  
2729.000000     	0.973228  
2733.000000     	0.973322  
2737.000000     	0.973429  
2740.000000     	0.973502  
2744.000000     	0.973612  
2749.000000     	0.973728  
2752.000000     	0.973801  
2757.000000     	0.973927  
2759.000000     	0.974006  
2762.000000     	0.974101  
2766.000000     	0.974217  
2771.000000     	0.974305  
2776.000000     	0.974412  
2781.000000     	0.974500  
2784.000000     	0.974601  
2789.000000     	0.974726  
2792.000000     	0.974812  
2796.000000     	0.974928  
2799.000000     	0.975019  
2803.000000     	0.975120  
2807.000000     	0.975221  
2810.000000     	0.975315  
2813.000000     	0.975404  
2817.000000     	0.975502  
2821.000000     	0.975627  
2824.000000     	0.975706  
2829.000000     	0.975810  
2834.000000     	0.975905  
2837.000000     	0.976008  
2841.000000     	0.976103  
2844.000000     	0.976219  
2848.000000     	0.976320  
2851.000000     	0.976411  
2855.000000     	0.976524  
2858.000000     	0.976619  
2862.000000     	0.976704  
2866.000000     	0.976808  
2871.000000     	0.976906  
2875.000000     	0.977003  
2880.000000     	0.977122  
2884.000000     	0.977217  
2889.000000     	0.977327  
2892.000000     	0.977422  
2896.000000     	0.977544  
2899.000000     	0.977611  
2904.000000     	0.977715  
2909.000000     	0.977812  
2913.000000     	0.977901  
2917.000000     	0.978005  
2921.000000     	0.978118  
2925.000000     	0.978212  
2929.000000     	0.978301  
2933.000000     	0.978414  
2937.000000     	0.978502  
2944.000000     	0.978621  
2948.000000     	0.978707  
2953.000000     	0.978804  
2959.000000     	0.978917  
2963.000000     	0.979024  
2967.000000     	0.979103  
2971.000000     	0.979219  
2975.000000     	0.979314  
2980.000000     	0.979421  
2984.000000     	0.979509  
2989.000000     	0.979601  
2995.000000     	0.979711  
3001.000000     	0.979821  
3006.000000     	0.979915  
3010.000000     	0.980019  
3014.000000     	0.980126  
3018.000000     	0.980221  
3021.000000     	0.980303  
3025.000000     	0.980413  
3029.000000     	0.980520  
3034.000000     	0.980614  
3040.000000     	0.980721  
3045.000000     	0.980816  
3051.000000     	0.980907  
3056.000000     	0.981014  
3061.000000     	0.981106  
3066.000000     	0.981210  
3070.000000     	0.981301  
3077.000000     	0.981420  
3082.000000     	0.981515  
3086.000000     	0.981606  
3091.000000     	0.981713  
3097.000000     	0.981802  
3103.000000     	0.981906  
3109.000000     	0.982003  
3113.000000     	0.982101  
3120.000000     	0.982202  
3126.000000     	0.982330  
3129.000000     	0.982403  
3134.000000     	0.982507  
3140.000000     	0.982611  
3145.000000     	0.982727  
3148.000000     	0.982809  
3154.000000     	0.982901  
3160.000000     	0.983010  
3166.000000     	0.983114  
3172.000000     	0.983203  
3179.000000     	0.983310  
3184.000000     	0.983404  
3190.000000     	0.983520  
3196.000000     	0.983612  
3201.000000     	0.983722  
3205.000000     	0.983804  
3210.000000     	0.983902  
3215.000000     	0.984003  
3221.000000     	0.984100  
3227.000000     	0.984216  
3232.000000     	0.984326  
3239.000000     	0.984405  
3245.000000     	0.984518  
3251.000000     	0.984601  
3259.000000     	0.984717  
3264.000000     	0.984836  
3268.000000     	0.984921  
3273.000000     	0.985007  
3279.000000     	0.985107  
3286.000000     	0.985205  
3293.000000     	0.985309  
3299.000000     	0.985404  
3305.000000     	0.985513  
3311.000000     	0.985620  
3318.000000     	0.985706  
3326.000000     	0.985813  
3331.000000     	0.985901  
3339.000000     	0.986002  
3345.000000     	0.986109  
3351.000000     	0.986200  
3357.000000     	0.986310  
3362.000000     	0.986417  
3368.000000     	0.986502  
3376.000000     	0.986600  
3386.000000     	0.986716  
3393.000000     	0.986805  
3402.000000     	0.986902  
3411.000000     	0.987003  
3419.000000     	0.987104  
3430.000000     	0.987220  
3436.000000     	0.987308  
3444.000000     	0.987412  
3451.000000     	0.987510  
3459.000000     	0.987617  
3468.000000     	0.987714  
3474.000000     	0.987803  
3482.000000     	0.987913  
3491.000000     	0.988010  
3499.000000     	0.988111  
3507.000000     	0.988203  
3515.000000     	0.988303  
3524.000000     	0.988404  
3533.000000     	0.988514  
3541.000000     	0.988605  
3551.000000     	0.988706  
3563.000000     	0.988804  
3574.000000     	0.988905  
3585.000000     	0.989008  
3594.000000     	0.989103  
3603.000000     	0.989204  
3615.000000     	0.989304  
3627.000000     	0.989402  
3639.000000     	0.989506  
3649.000000     	0.989610  
3659.000000     	0.989707  
3669.000000     	0.989805  
3679.000000     	0.989915  
3689.000000     	0.990010  
3702.000000     	0.990113  
3712.000000     	0.990205  
3723.000000     	0.990306  
3736.000000     	0.990416  
3749.000000     	0.990504  
3766.000000     	0.990602  
3779.000000     	0.990709  
3790.000000     	0.990800  
3801.000000     	0.990910  
3816.000000     	0.991002  
3829.000000     	0.991102  
3846.000000     	0.991206  
3857.000000     	0.991316  
3872.000000     	0.991401  
3886.000000     	0.991502  
3902.000000     	0.991606  
3913.000000     	0.991701  
3926.000000     	0.991804  
3945.000000     	0.991905  
3959.000000     	0.992003  
3974.000000     	0.992107  
3985.000000     	0.992207  
4001.000000     	0.992308  
4016.000000     	0.992403  
4036.000000     	0.992509  
4049.000000     	0.992601  
4058.000000     	0.992702  
4076.000000     	0.992812  
4090.000000     	0.992903  
4105.000000     	0.993007  
4120.000000     	0.993102  
4135.000000     	0.993205  
4146.000000     	0.993306  
4163.000000     	0.993404  
4183.000000     	0.993505  
4202.000000     	0.993608  
4216.000000     	0.993709  
4244.000000     	0.993801  
4261.000000     	0.993901  
4280.000000     	0.994005  
4299.000000     	0.994103  
4319.000000     	0.994200  
4336.000000     	0.994301  
4364.000000     	0.994402  
4380.000000     	0.994503  
4397.000000     	0.994600  
4421.000000     	0.994704  
4440.000000     	0.994802  
4462.000000     	0.994906  
4486.000000     	0.995000  
4509.000000     	0.995101  
4529.000000     	0.995202  
4555.000000     	0.995302  
4578.000000     	0.995403  
4609.000000     	0.995501  
4637.000000     	0.995605  
4664.000000     	0.995702  
4691.000000     	0.995803  
4721.000000     	0.995901  
4749.000000     	0.996001  
4786.000000     	0.996105  
4817.000000     	0.996203  
4843.000000     	0.996301  
4874.000000     	0.996401  
4908.000000     	0.996502  
4954.000000     	0.996606  
4991.000000     	0.996700  
5049.000000     	0.996807  
5090.000000     	0.996902  
5146.000000     	0.997006  
5191.000000     	0.997100  
5250.000000     	0.997201  
5290.000000     	0.997302  
5331.000000     	0.997402  
5364.000000     	0.997500  
5414.000000     	0.997601  
5476.000000     	0.997702  
5540.000000     	0.997808  
5616.000000     	0.997906  
5678.000000     	0.998001  
5768.000000     	0.998101  
5854.000000     	0.998202  
5945.000000     	0.998303  
6051.000000     	0.998404  
6134.000000     	0.998501  
6282.000000     	0.998602  
6411.000000     	0.998703  
6576.000000     	0.998800  
6698.000000     	0.998901  
6829.000000     	0.999002  
7028.000000     	0.999103  
7354.000000     	0.999203  
7710.000000     	0.999301  
8256.000000     	0.999402  
9005.000000     	0.999502  
9735.000000     	0.999600  
11261.000000    	0.999701  
16178.000000    	0.999802  
25517.000000    	0.999902  
41884.000000    	1.000000  
41884.000000    	1.000000  
