16.000000       	0.000003  
56.000000       	0.000101  
68.000000       	0.000201  
82.000000       	0.000305  
87.000000       	0.000461  
89.000000       	0.000537  
91.000000       	0.000653  
92.000000       	0.000733  
93.000000       	0.000803  
95.000000       	0.001019  
96.000000       	0.001148  
97.000000       	0.001294  
98.000000       	0.001429  
99.000000       	0.001593  
100.000000      	0.001770  
101.000000      	0.001981  
102.000000      	0.002185  
103.000000      	0.002436  
104.000000      	0.002704  
105.000000      	0.003022  
106.000000      	0.003410  
107.000000      	0.003754  
108.000000      	0.004188  
109.000000      	0.004719  
110.000000      	0.005183  
111.000000      	0.005677  
112.000000      	0.006276  
113.000000      	0.006901  
114.000000      	0.007652  
115.000000      	0.008348  
116.000000      	0.009157  
117.000000      	0.010116  
118.000000      	0.011101  
119.000000      	0.012124  
120.000000      	0.013388  
121.000000      	0.014487  
122.000000      	0.015732  
123.000000      	0.016944  
124.000000      	0.018424  
125.000000      	0.019956  
126.000000      	0.021556  
127.000000      	0.023164  
128.000000      	0.025103  
129.000000      	0.026913  
130.000000      	0.028814  
131.000000      	0.031021  
132.000000      	0.033301  
133.000000      	0.035517  
134.000000      	0.037999  
135.000000      	0.040398  
136.000000      	0.043060  
137.000000      	0.045709  
138.000000      	0.048514  
139.000000      	0.051219  
140.000000      	0.054177  
141.000000      	0.057302  
142.000000      	0.060406  
143.000000      	0.063471  
144.000000      	0.066603  
145.000000      	0.069783  
146.000000      	0.073147  
147.000000      	0.076471  
148.000000      	0.080168  
149.000000      	0.083708  
150.000000      	0.087093  
151.000000      	0.090768  
152.000000      	0.094526  
153.000000      	0.098198  
154.000000      	0.101867  
155.000000      	0.105609  
156.000000      	0.109537  
157.000000      	0.113270  
158.000000      	0.116961  
159.000000      	0.120557  
160.000000      	0.124457  
161.000000      	0.128206  
162.000000      	0.131951  
163.000000      	0.135544  
164.000000      	0.139164  
165.000000      	0.142665  
166.000000      	0.146090  
167.000000      	0.149374  
168.000000      	0.152671  
169.000000      	0.156025  
170.000000      	0.159340  
171.000000      	0.162435  
172.000000      	0.165616  
173.000000      	0.168869  
174.000000      	0.171931  
175.000000      	0.174956  
176.000000      	0.177972  
177.000000      	0.180896  
178.000000      	0.183893  
179.000000      	0.186973  
180.000000      	0.189897  
181.000000      	0.192779  
182.000000      	0.195620  
183.000000      	0.198563  
184.000000      	0.201417  
185.000000      	0.204378  
186.000000      	0.207149  
187.000000      	0.209903  
188.000000      	0.212524  
189.000000      	0.215082  
190.000000      	0.217946  
191.000000      	0.220571  
192.000000      	0.223153  
193.000000      	0.225717  
194.000000      	0.228391  
195.000000      	0.231025  
196.000000      	0.233571  
197.000000      	0.236190  
198.000000      	0.238915  
199.000000      	0.241757  
200.000000      	0.244477  
201.000000      	0.247151  
202.000000      	0.249748  
203.000000      	0.252385  
204.000000      	0.255178  
205.000000      	0.257791  
206.000000      	0.260547  
207.000000      	0.263227  
208.000000      	0.265819  
209.000000      	0.268517  
210.000000      	0.271274  
211.000000      	0.274091  
212.000000      	0.276774  
213.000000      	0.279594  
214.000000      	0.282357  
215.000000      	0.285189  
216.000000      	0.288013  
217.000000      	0.290845  
218.000000      	0.293736  
219.000000      	0.296507  
220.000000      	0.299529  
221.000000      	0.302185  
222.000000      	0.305185  
223.000000      	0.308140  
224.000000      	0.311281  
225.000000      	0.314431  
226.000000      	0.317575  
227.000000      	0.320731  
228.000000      	0.323683  
229.000000      	0.326906  
230.000000      	0.330184  
231.000000      	0.333197  
232.000000      	0.336317  
233.000000      	0.339464  
234.000000      	0.342455  
235.000000      	0.345492  
236.000000      	0.348694  
237.000000      	0.351905  
238.000000      	0.354893  
239.000000      	0.358049  
240.000000      	0.361004  
241.000000      	0.364163  
242.000000      	0.367203  
243.000000      	0.370366  
244.000000      	0.373580  
245.000000      	0.376690  
246.000000      	0.379639  
247.000000      	0.382887  
248.000000      	0.386165  
249.000000      	0.389406  
250.000000      	0.392593  
251.000000      	0.395749  
252.000000      	0.398915  
253.000000      	0.401994  
254.000000      	0.405093  
255.000000      	0.408117  
256.000000      	0.411051  
257.000000      	0.414009  
258.000000      	0.416719  
259.000000      	0.419488  
260.000000      	0.422164  
261.000000      	0.424976  
262.000000      	0.427631  
263.000000      	0.430427  
264.000000      	0.432933  
265.000000      	0.435442  
266.000000      	0.438083  
267.000000      	0.440738  
268.000000      	0.443455  
269.000000      	0.446028  
270.000000      	0.448571  
271.000000      	0.451214  
272.000000      	0.453778  
273.000000      	0.456131  
274.000000      	0.458561  
275.000000      	0.460927  
276.000000      	0.462929  
277.000000      	0.464959  
278.000000      	0.466897  
279.000000      	0.468860  
280.000000      	0.470767  
281.000000      	0.472623  
282.000000      	0.474342  
283.000000      	0.476106  
284.000000      	0.477934  
285.000000      	0.479482  
286.000000      	0.481161  
287.000000      	0.482760  
288.000000      	0.484436  
289.000000      	0.486145  
290.000000      	0.487849  
291.000000      	0.489460  
292.000000      	0.491163  
293.000000      	0.492729  
294.000000      	0.494170  
295.000000      	0.495730  
296.000000      	0.497021  
297.000000      	0.498465  
298.000000      	0.499963  
299.000000      	0.501285  
300.000000      	0.502625  
301.000000      	0.503941  
302.000000      	0.505168  
303.000000      	0.506254  
304.000000      	0.507353  
305.000000      	0.508406  
306.000000      	0.509481  
307.000000      	0.510534  
308.000000      	0.511654  
309.000000      	0.512692  
310.000000      	0.513742  
311.000000      	0.514676  
312.000000      	0.515665  
313.000000      	0.516483  
314.000000      	0.517377  
315.000000      	0.518122  
316.000000      	0.518943  
317.000000      	0.519608  
318.000000      	0.520301  
319.000000      	0.520988  
320.000000      	0.521669  
321.000000      	0.522401  
322.000000      	0.523244  
323.000000      	0.524044  
324.000000      	0.524865  
325.000000      	0.525609  
326.000000      	0.526281  
327.000000      	0.526995  
328.000000      	0.527606  
329.000000      	0.528222  
330.000000      	0.528836  
331.000000      	0.529462  
332.000000      	0.530048  
333.000000      	0.530542  
334.000000      	0.531101  
335.000000      	0.531650  
336.000000      	0.532203  
337.000000      	0.532743  
338.000000      	0.533249  
339.000000      	0.533753  
340.000000      	0.534342  
341.000000      	0.534886  
342.000000      	0.535435  
343.000000      	0.536103  
344.000000      	0.536741  
345.000000      	0.537422  
346.000000      	0.538078  
347.000000      	0.538628  
348.000000      	0.539153  
349.000000      	0.539601  
350.000000      	0.540044  
351.000000      	0.540456  
352.000000      	0.540871  
353.000000      	0.541253  
354.000000      	0.541576  
355.000000      	0.542043  
356.000000      	0.542385  
357.000000      	0.542730  
358.000000      	0.543035  
359.000000      	0.543310  
360.000000      	0.543637  
361.000000      	0.543951  
362.000000      	0.544259  
363.000000      	0.544577  
364.000000      	0.544949  
365.000000      	0.545258  
366.000000      	0.545587  
367.000000      	0.545880  
368.000000      	0.546179  
369.000000      	0.546500  
370.000000      	0.546814  
371.000000      	0.547110  
372.000000      	0.547373  
373.000000      	0.547721  
374.000000      	0.548026  
375.000000      	0.548386  
376.000000      	0.548695  
377.000000      	0.549055  
378.000000      	0.549390  
379.000000      	0.549702  
380.000000      	0.550074  
381.000000      	0.550453  
382.000000      	0.550880  
383.000000      	0.551320  
384.000000      	0.551701  
385.000000      	0.552119  
386.000000      	0.552540  
387.000000      	0.552962  
388.000000      	0.553484  
389.000000      	0.553899  
390.000000      	0.554415  
391.000000      	0.554952  
392.000000      	0.555492  
393.000000      	0.555938  
394.000000      	0.556374  
395.000000      	0.556808  
396.000000      	0.557311  
397.000000      	0.557751  
398.000000      	0.558215  
399.000000      	0.558804  
400.000000      	0.559286  
401.000000      	0.559811  
402.000000      	0.560355  
403.000000      	0.560840  
404.000000      	0.561298  
405.000000      	0.561731  
406.000000      	0.562159  
407.000000      	0.562574  
408.000000      	0.563019  
409.000000      	0.563471  
410.000000      	0.563901  
411.000000      	0.564301  
412.000000      	0.564674  
413.000000      	0.565074  
414.000000      	0.565446  
415.000000      	0.565818  
416.000000      	0.566270  
417.000000      	0.566658  
418.000000      	0.567042  
419.000000      	0.567445  
420.000000      	0.567818  
421.000000      	0.568208  
422.000000      	0.568630  
423.000000      	0.568990  
424.000000      	0.569353  
425.000000      	0.569686  
426.000000      	0.570043  
427.000000      	0.570440  
428.000000      	0.570867  
429.000000      	0.571233  
430.000000      	0.571578  
431.000000      	0.571926  
432.000000      	0.572335  
433.000000      	0.572659  
434.000000      	0.573055  
435.000000      	0.573364  
436.000000      	0.573693  
437.000000      	0.574078  
438.000000      	0.574377  
439.000000      	0.574747  
440.000000      	0.575125  
441.000000      	0.575494  
442.000000      	0.575800  
443.000000      	0.576086  
444.000000      	0.576376  
445.000000      	0.576676  
446.000000      	0.576959  
447.000000      	0.577274  
448.000000      	0.577652  
449.000000      	0.577970  
450.000000      	0.578306  
451.000000      	0.578641  
452.000000      	0.578934  
453.000000      	0.579182  
454.000000      	0.579481  
455.000000      	0.579795  
456.000000      	0.580113  
457.000000      	0.580467  
458.000000      	0.580769  
459.000000      	0.581111  
460.000000      	0.581468  
461.000000      	0.581770  
462.000000      	0.582051  
463.000000      	0.582426  
464.000000      	0.582725  
465.000000      	0.583000  
466.000000      	0.583366  
467.000000      	0.583687  
468.000000      	0.583986  
469.000000      	0.584267  
470.000000      	0.584603  
471.000000      	0.584883  
472.000000      	0.585152  
473.000000      	0.585509  
474.000000      	0.585830  
475.000000      	0.586114  
476.000000      	0.586443  
477.000000      	0.586767  
478.000000      	0.587084  
479.000000      	0.587457  
480.000000      	0.587783  
481.000000      	0.588073  
482.000000      	0.588363  
483.000000      	0.588678  
484.000000      	0.588992  
485.000000      	0.589322  
486.000000      	0.589630  
487.000000      	0.589941  
488.000000      	0.590277  
489.000000      	0.590613  
490.000000      	0.590915  
491.000000      	0.591248  
492.000000      	0.591544  
493.000000      	0.591883  
494.000000      	0.592166  
495.000000      	0.592490  
496.000000      	0.592777  
497.000000      	0.593039  
498.000000      	0.593345  
499.000000      	0.593690  
500.000000      	0.593989  
501.000000      	0.594309  
502.000000      	0.594672  
503.000000      	0.595036  
504.000000      	0.595374  
505.000000      	0.595725  
506.000000      	0.596025  
507.000000      	0.596336  
508.000000      	0.596592  
509.000000      	0.596867  
510.000000      	0.597203  
511.000000      	0.597508  
512.000000      	0.597758  
513.000000      	0.598076  
514.000000      	0.598402  
515.000000      	0.598720  
516.000000      	0.598991  
517.000000      	0.599303  
518.000000      	0.599593  
519.000000      	0.599947  
520.000000      	0.600295  
521.000000      	0.600582  
522.000000      	0.600893  
523.000000      	0.601165  
524.000000      	0.601473  
525.000000      	0.601733  
526.000000      	0.601989  
527.000000      	0.602248  
528.000000      	0.602569  
529.000000      	0.602831  
530.000000      	0.603170  
531.000000      	0.603451  
532.000000      	0.603756  
533.000000      	0.604101  
534.000000      	0.604452  
535.000000      	0.604718  
536.000000      	0.605023  
537.000000      	0.605295  
538.000000      	0.605575  
539.000000      	0.605911  
540.000000      	0.606223  
541.000000      	0.606531  
542.000000      	0.606876  
543.000000      	0.607178  
544.000000      	0.607529  
545.000000      	0.607901  
546.000000      	0.608170  
547.000000      	0.608451  
548.000000      	0.608802  
549.000000      	0.609122  
550.000000      	0.609400  
551.000000      	0.609727  
552.000000      	0.609989  
553.000000      	0.610291  
554.000000      	0.610624  
555.000000      	0.610914  
556.000000      	0.611280  
557.000000      	0.611592  
558.000000      	0.611851  
559.000000      	0.612156  
560.000000      	0.612474  
561.000000      	0.612739  
562.000000      	0.613100  
563.000000      	0.613402  
564.000000      	0.613725  
565.000000      	0.614024  
566.000000      	0.614330  
567.000000      	0.614620  
568.000000      	0.614940  
569.000000      	0.615200  
570.000000      	0.615499  
571.000000      	0.615770  
572.000000      	0.616082  
573.000000      	0.616344  
574.000000      	0.616634  
575.000000      	0.616942  
576.000000      	0.617294  
577.000000      	0.617556  
578.000000      	0.617877  
579.000000      	0.618194  
580.000000      	0.618539  
581.000000      	0.618814  
582.000000      	0.619143  
583.000000      	0.619424  
584.000000      	0.619720  
585.000000      	0.620013  
586.000000      	0.620309  
587.000000      	0.620618  
588.000000      	0.620944  
589.000000      	0.621225  
590.000000      	0.621518  
591.000000      	0.621826  
592.000000      	0.622098  
593.000000      	0.622406  
594.000000      	0.622696  
595.000000      	0.622971  
596.000000      	0.623236  
597.000000      	0.623557  
598.000000      	0.623823  
599.000000      	0.624134  
600.000000      	0.624424  
601.000000      	0.624671  
602.000000      	0.624986  
603.000000      	0.625242  
604.000000      	0.625532  
605.000000      	0.625819  
606.000000      	0.626127  
607.000000      	0.626438  
608.000000      	0.626728  
609.000000      	0.627089  
610.000000      	0.627415  
611.000000      	0.627727  
612.000000      	0.628035  
613.000000      	0.628361  
614.000000      	0.628703  
615.000000      	0.629051  
616.000000      	0.629372  
617.000000      	0.629680  
618.000000      	0.629991  
619.000000      	0.630257  
620.000000      	0.630565  
621.000000      	0.630819  
622.000000      	0.631093  
623.000000      	0.631374  
624.000000      	0.631624  
625.000000      	0.631969  
626.000000      	0.632220  
627.000000      	0.632522  
628.000000      	0.632790  
629.000000      	0.633068  
630.000000      	0.633398  
631.000000      	0.633706  
632.000000      	0.634017  
633.000000      	0.634304  
634.000000      	0.634576  
635.000000      	0.634912  
636.000000      	0.635220  
637.000000      	0.635531  
638.000000      	0.635876  
639.000000      	0.636179  
640.000000      	0.636456  
641.000000      	0.636780  
642.000000      	0.637094  
643.000000      	0.637409  
644.000000      	0.637729  
645.000000      	0.638040  
646.000000      	0.638330  
647.000000      	0.638605  
648.000000      	0.638959  
649.000000      	0.639301  
650.000000      	0.639609  
651.000000      	0.639912  
652.000000      	0.640208  
653.000000      	0.640498  
654.000000      	0.640836  
655.000000      	0.641157  
656.000000      	0.641441  
657.000000      	0.641786  
658.000000      	0.642103  
659.000000      	0.642427  
660.000000      	0.642842  
661.000000      	0.643226  
662.000000      	0.643541  
663.000000      	0.643889  
664.000000      	0.644191  
665.000000      	0.644524  
666.000000      	0.644853  
667.000000      	0.645183  
668.000000      	0.645479  
669.000000      	0.645803  
670.000000      	0.646163  
671.000000      	0.646462  
672.000000      	0.646773  
673.000000      	0.647036  
674.000000      	0.647381  
675.000000      	0.647665  
676.000000      	0.647961  
677.000000      	0.648263  
678.000000      	0.648589  
679.000000      	0.648886  
680.000000      	0.649215  
681.000000      	0.649572  
682.000000      	0.649850  
683.000000      	0.650195  
684.000000      	0.650506  
685.000000      	0.650827  
686.000000      	0.651147  
687.000000      	0.651486  
688.000000      	0.651736  
689.000000      	0.652048  
690.000000      	0.652329  
691.000000      	0.652609  
692.000000      	0.652869  
693.000000      	0.653159  
694.000000      	0.653482  
695.000000      	0.653821  
696.000000      	0.654157  
697.000000      	0.654511  
698.000000      	0.654865  
699.000000      	0.655189  
700.000000      	0.655528  
701.000000      	0.655897  
702.000000      	0.656202  
703.000000      	0.656507  
704.000000      	0.656889  
705.000000      	0.657264  
706.000000      	0.657551  
707.000000      	0.657860  
708.000000      	0.658156  
709.000000      	0.658467  
710.000000      	0.658858  
711.000000      	0.659160  
712.000000      	0.659502  
713.000000      	0.659816  
714.000000      	0.660198  
715.000000      	0.660527  
716.000000      	0.660802  
717.000000      	0.661086  
718.000000      	0.661422  
719.000000      	0.661745  
720.000000      	0.662005  
721.000000      	0.662289  
722.000000      	0.662640  
723.000000      	0.663009  
724.000000      	0.663332  
725.000000      	0.663622  
726.000000      	0.663928  
727.000000      	0.664270  
728.000000      	0.664633  
729.000000      	0.664920  
730.000000      	0.665249  
731.000000      	0.665628  
732.000000      	0.665954  
733.000000      	0.666257  
734.000000      	0.666577  
735.000000      	0.666895  
736.000000      	0.667218  
737.000000      	0.667572  
738.000000      	0.667868  
739.000000      	0.668183  
740.000000      	0.668518  
741.000000      	0.668900  
742.000000      	0.669199  
743.000000      	0.669452  
744.000000      	0.669752  
745.000000      	0.670035  
746.000000      	0.670380  
747.000000      	0.670695  
748.000000      	0.671012  
749.000000      	0.671363  
750.000000      	0.671653  
751.000000      	0.672026  
752.000000      	0.672343  
753.000000      	0.672743  
754.000000      	0.673063  
755.000000      	0.673417  
756.000000      	0.673759  
757.000000      	0.674043  
758.000000      	0.674306  
759.000000      	0.674632  
760.000000      	0.674974  
761.000000      	0.675270  
762.000000      	0.675670  
763.000000      	0.676003  
764.000000      	0.676342  
765.000000      	0.676711  
766.000000      	0.677032  
767.000000      	0.677334  
768.000000      	0.677700  
769.000000      	0.678045  
770.000000      	0.678387  
771.000000      	0.678713  
772.000000      	0.679034  
773.000000      	0.679357  
774.000000      	0.679660  
775.000000      	0.679968  
776.000000      	0.680285  
777.000000      	0.680581  
778.000000      	0.680908  
779.000000      	0.681204  
780.000000      	0.681518  
781.000000      	0.681873  
782.000000      	0.682211  
783.000000      	0.682529  
784.000000      	0.682862  
785.000000      	0.683130  
786.000000      	0.683478  
787.000000      	0.683817  
788.000000      	0.684162  
789.000000      	0.684440  
790.000000      	0.684763  
791.000000      	0.685062  
792.000000      	0.685413  
793.000000      	0.685804  
794.000000      	0.686161  
795.000000      	0.686463  
796.000000      	0.686738  
797.000000      	0.687077  
798.000000      	0.687428  
799.000000      	0.687812  
800.000000      	0.688157  
801.000000      	0.688524  
802.000000      	0.688811  
803.000000      	0.689128  
804.000000      	0.689455  
805.000000      	0.689858  
806.000000      	0.690199  
807.000000      	0.690523  
808.000000      	0.690926  
809.000000      	0.691249  
810.000000      	0.691588  
811.000000      	0.691927  
812.000000      	0.692235  
813.000000      	0.692541  
814.000000      	0.692870  
815.000000      	0.693151  
816.000000      	0.693496  
817.000000      	0.693838  
818.000000      	0.694137  
819.000000      	0.694461  
820.000000      	0.694760  
821.000000      	0.695108  
822.000000      	0.695428  
823.000000      	0.695794  
824.000000      	0.696112  
825.000000      	0.696423  
826.000000      	0.696707  
827.000000      	0.697000  
828.000000      	0.697348  
829.000000      	0.697647  
830.000000      	0.697937  
831.000000      	0.698273  
832.000000      	0.698560  
833.000000      	0.698868  
834.000000      	0.699210  
835.000000      	0.699552  
836.000000      	0.699805  
837.000000      	0.700211  
838.000000      	0.700523  
839.000000      	0.700877  
840.000000      	0.701173  
841.000000      	0.701484  
842.000000      	0.701768  
843.000000      	0.702101  
844.000000      	0.702394  
845.000000      	0.702674  
846.000000      	0.702989  
847.000000      	0.703309  
848.000000      	0.703642  
849.000000      	0.703960  
850.000000      	0.704283  
851.000000      	0.704622  
852.000000      	0.704961  
853.000000      	0.705293  
854.000000      	0.705586  
855.000000      	0.705895  
856.000000      	0.706191  
857.000000      	0.706524  
858.000000      	0.706771  
859.000000      	0.707021  
860.000000      	0.707372  
861.000000      	0.707702  
862.000000      	0.708016  
863.000000      	0.708318  
864.000000      	0.708608  
865.000000      	0.708883  
866.000000      	0.709170  
867.000000      	0.709490  
868.000000      	0.709829  
869.000000      	0.710241  
870.000000      	0.710501  
871.000000      	0.710803  
872.000000      	0.711065  
873.000000      	0.711352  
874.000000      	0.711691  
875.000000      	0.712024  
876.000000      	0.712399  
877.000000      	0.712705  
878.000000      	0.713043  
879.000000      	0.713343  
880.000000      	0.713712  
881.000000      	0.714038  
882.000000      	0.714331  
883.000000      	0.714643  
884.000000      	0.714969  
885.000000      	0.715256  
886.000000      	0.715543  
887.000000      	0.715763  
888.000000      	0.716050  
889.000000      	0.716282  
890.000000      	0.716535  
891.000000      	0.716789  
892.000000      	0.717051  
893.000000      	0.717353  
894.000000      	0.717576  
895.000000      	0.717875  
896.000000      	0.718156  
897.000000      	0.718403  
898.000000      	0.718675  
899.000000      	0.718947  
900.000000      	0.719228  
901.000000      	0.719493  
902.000000      	0.719783  
903.000000      	0.720033  
904.000000      	0.720278  
905.000000      	0.720485  
906.000000      	0.720751  
907.000000      	0.721004  
908.000000      	0.721233  
909.000000      	0.721511  
910.000000      	0.721816  
911.000000      	0.722094  
912.000000      	0.722359  
913.000000      	0.722625  
914.000000      	0.722872  
915.000000      	0.723156  
916.000000      	0.723452  
917.000000      	0.723699  
918.000000      	0.723953  
919.000000      	0.724206  
920.000000      	0.724487  
921.000000      	0.724783  
922.000000      	0.725070  
923.000000      	0.725274  
924.000000      	0.725528  
925.000000      	0.725808  
926.000000      	0.726050  
927.000000      	0.726272  
928.000000      	0.726504  
929.000000      	0.726755  
930.000000      	0.727035  
931.000000      	0.727350  
932.000000      	0.727573  
933.000000      	0.727808  
934.000000      	0.728098  
935.000000      	0.728391  
936.000000      	0.728614  
937.000000      	0.728876  
938.000000      	0.729148  
939.000000      	0.729422  
940.000000      	0.729679  
941.000000      	0.729920  
942.000000      	0.730219  
943.000000      	0.730427  
944.000000      	0.730619  
945.000000      	0.730878  
946.000000      	0.731144  
947.000000      	0.731410  
948.000000      	0.731638  
949.000000      	0.731883  
950.000000      	0.732090  
951.000000      	0.732307  
952.000000      	0.732557  
953.000000      	0.732804  
954.000000      	0.733076  
955.000000      	0.733323  
956.000000      	0.733574  
957.000000      	0.733824  
958.000000      	0.734053  
959.000000      	0.734303  
960.000000      	0.734499  
961.000000      	0.734749  
962.000000      	0.734959  
963.000000      	0.735210  
964.000000      	0.735457  
965.000000      	0.735686  
966.000000      	0.735955  
967.000000      	0.736144  
968.000000      	0.736345  
969.000000      	0.736592  
970.000000      	0.736855  
971.000000      	0.737066  
972.000000      	0.737291  
973.000000      	0.737523  
974.000000      	0.737704  
975.000000      	0.737935  
976.000000      	0.738174  
977.000000      	0.738451  
978.000000      	0.738677  
979.000000      	0.738934  
980.000000      	0.739187  
981.000000      	0.739440  
982.000000      	0.739660  
983.000000      	0.739926  
984.000000      	0.740139  
985.000000      	0.740338  
986.000000      	0.740539  
987.000000      	0.740768  
988.000000      	0.740991  
989.000000      	0.741220  
990.000000      	0.741443  
991.000000      	0.741678  
992.000000      	0.741894  
993.000000      	0.742099  
994.000000      	0.742352  
995.000000      	0.742609  
996.000000      	0.742813  
997.000000      	0.743030  
998.000000      	0.743286  
999.000000      	0.743500  
1000.000000     	0.743680  
1001.000000     	0.743918  
1002.000000     	0.744095  
1003.000000     	0.744309  
1004.000000     	0.744529  
1005.000000     	0.744742  
1006.000000     	0.744983  
1007.000000     	0.745191  
1008.000000     	0.745438  
1009.000000     	0.745664  
1010.000000     	0.745850  
1011.000000     	0.746046  
1012.000000     	0.746253  
1013.000000     	0.746455  
1014.000000     	0.746723  
1015.000000     	0.746909  
1016.000000     	0.747090  
1017.000000     	0.747312  
1018.000000     	0.747483  
1019.000000     	0.747706  
1020.000000     	0.747917  
1021.000000     	0.748146  
1022.000000     	0.748381  
1023.000000     	0.748567  
1024.000000     	0.748768  
1025.000000     	0.748979  
1026.000000     	0.749199  
1027.000000     	0.749409  
1028.000000     	0.749617  
1029.000000     	0.749809  
1030.000000     	0.749995  
1031.000000     	0.750224  
1032.000000     	0.750426  
1033.000000     	0.750643  
1034.000000     	0.750853  
1035.000000     	0.751070  
1036.000000     	0.751332  
1037.000000     	0.751522  
1038.000000     	0.751744  
1039.000000     	0.751937  
1040.000000     	0.752123  
1041.000000     	0.752309  
1042.000000     	0.752532  
1043.000000     	0.752752  
1044.000000     	0.752953  
1045.000000     	0.753133  
1046.000000     	0.753301  
1047.000000     	0.753493  
1048.000000     	0.753689  
1049.000000     	0.753860  
1050.000000     	0.754079  
1051.000000     	0.754238  
1052.000000     	0.754406  
1053.000000     	0.754577  
1054.000000     	0.754760  
1055.000000     	0.754904  
1056.000000     	0.755133  
1057.000000     	0.755316  
1058.000000     	0.755502  
1059.000000     	0.755667  
1060.000000     	0.755816  
1061.000000     	0.755999  
1062.000000     	0.756180  
1063.000000     	0.756338  
1064.000000     	0.756482  
1065.000000     	0.756683  
1066.000000     	0.756882  
1067.000000     	0.757025  
1068.000000     	0.757190  
1069.000000     	0.757358  
1070.000000     	0.757538  
1071.000000     	0.757733  
1072.000000     	0.757901  
1073.000000     	0.758087  
1074.000000     	0.758264  
1075.000000     	0.758475  
1076.000000     	0.758692  
1077.000000     	0.758832  
1078.000000     	0.759070  
1079.000000     	0.759253  
1080.000000     	0.759436  
1081.000000     	0.759610  
1082.000000     	0.759794  
1083.000000     	0.759974  
1084.000000     	0.760123  
1085.000000     	0.760276  
1086.000000     	0.760502  
1087.000000     	0.760721  
1088.000000     	0.760917  
1089.000000     	0.761094  
1090.000000     	0.761265  
1091.000000     	0.761451  
1092.000000     	0.761619  
1093.000000     	0.761820  
1094.000000     	0.761945  
1095.000000     	0.762116  
1096.000000     	0.762275  
1097.000000     	0.762431  
1098.000000     	0.762583  
1099.000000     	0.762748  
1100.000000     	0.762864  
1101.000000     	0.763014  
1102.000000     	0.763212  
1103.000000     	0.763359  
1104.000000     	0.763551  
1105.000000     	0.763701  
1106.000000     	0.763875  
1107.000000     	0.764070  
1108.000000     	0.764189  
1109.000000     	0.764348  
1110.000000     	0.764540  
1111.000000     	0.764744  
1112.000000     	0.764925  
1113.000000     	0.765096  
1114.000000     	0.765297  
1115.000000     	0.765474  
1116.000000     	0.765611  
1117.000000     	0.765801  
1118.000000     	0.765944  
1119.000000     	0.766091  
1120.000000     	0.766277  
1121.000000     	0.766396  
1122.000000     	0.766585  
1123.000000     	0.766768  
1124.000000     	0.766948  
1125.000000     	0.767144  
1126.000000     	0.767315  
1127.000000     	0.767467  
1128.000000     	0.767663  
1129.000000     	0.767858  
1130.000000     	0.768020  
1131.000000     	0.768200  
1132.000000     	0.768389  
1133.000000     	0.768508  
1134.000000     	0.768670  
1135.000000     	0.768835  
1136.000000     	0.769012  
1137.000000     	0.769198  
1138.000000     	0.769375  
1139.000000     	0.769555  
1140.000000     	0.769695  
1141.000000     	0.769860  
1142.000000     	0.770037  
1143.000000     	0.770205  
1144.000000     	0.770355  
1145.000000     	0.770587  
1146.000000     	0.770779  
1147.000000     	0.770919  
1148.000000     	0.771063  
1149.000000     	0.771225  
1150.000000     	0.771408  
1151.000000     	0.771560  
1152.000000     	0.771744  
1153.000000     	0.771890  
1154.000000     	0.772040  
1155.000000     	0.772198  
1156.000000     	0.772382  
1157.000000     	0.772552  
1158.000000     	0.772699  
1159.000000     	0.772891  
1160.000000     	0.773047  
1161.000000     	0.773218  
1162.000000     	0.773416  
1163.000000     	0.773630  
1164.000000     	0.773764  
1165.000000     	0.773932  
1166.000000     	0.774088  
1167.000000     	0.774265  
1168.000000     	0.774399  
1169.000000     	0.774552  
1170.000000     	0.774750  
1171.000000     	0.774888  
1172.000000     	0.775065  
1173.000000     	0.775251  
1174.000000     	0.775413  
1175.000000     	0.775590  
1176.000000     	0.775733  
1177.000000     	0.775861  
1178.000000     	0.776005  
1179.000000     	0.776160  
1180.000000     	0.776356  
1181.000000     	0.776514  
1182.000000     	0.776701  
1183.000000     	0.776841  
1184.000000     	0.777027  
1185.000000     	0.777223  
1186.000000     	0.777381  
1187.000000     	0.777564  
1188.000000     	0.777735  
1189.000000     	0.777888  
1190.000000     	0.778089  
1191.000000     	0.778227  
1192.000000     	0.778440  
1193.000000     	0.778602  
1194.000000     	0.778788  
1195.000000     	0.778901  
1196.000000     	0.779033  
1197.000000     	0.779155  
1198.000000     	0.779317  
1199.000000     	0.779448  
1200.000000     	0.779613  
1201.000000     	0.779796  
1202.000000     	0.779951  
1203.000000     	0.780119  
1204.000000     	0.780275  
1205.000000     	0.780373  
1206.000000     	0.780507  
1207.000000     	0.780650  
1208.000000     	0.780830  
1209.000000     	0.781001  
1210.000000     	0.781163  
1211.000000     	0.781301  
1212.000000     	0.781432  
1213.000000     	0.781615  
1214.000000     	0.781765  
1215.000000     	0.781932  
1216.000000     	0.782079  
1217.000000     	0.782277  
1218.000000     	0.782433  
1219.000000     	0.782573  
1220.000000     	0.782692  
1221.000000     	0.782836  
1222.000000     	0.782964  
1223.000000     	0.783123  
1224.000000     	0.783285  
1225.000000     	0.783452  
1226.000000     	0.783608  
1227.000000     	0.783761  
1228.000000     	0.783892  
1229.000000     	0.784032  
1230.000000     	0.784209  
1231.000000     	0.784435  
1232.000000     	0.784588  
1233.000000     	0.784756  
1234.000000     	0.784908  
1235.000000     	0.785098  
1236.000000     	0.785253  
1237.000000     	0.785394  
1238.000000     	0.785559  
1239.000000     	0.785690  
1240.000000     	0.785842  
1241.000000     	0.786004  
1242.000000     	0.786172  
1243.000000     	0.786291  
1244.000000     	0.786477  
1245.000000     	0.786603  
1246.000000     	0.786740  
1247.000000     	0.786889  
1248.000000     	0.787063  
1249.000000     	0.787210  
1250.000000     	0.787369  
1251.000000     	0.787518  
1252.000000     	0.787665  
1253.000000     	0.787799  
1254.000000     	0.787955  
1255.000000     	0.788117  
1256.000000     	0.788287  
1257.000000     	0.788449  
1258.000000     	0.788587  
1259.000000     	0.788764  
1260.000000     	0.788965  
1261.000000     	0.789112  
1262.000000     	0.789252  
1263.000000     	0.789447  
1264.000000     	0.789582  
1265.000000     	0.789753  
1266.000000     	0.789939  
1267.000000     	0.790073  
1268.000000     	0.790198  
1269.000000     	0.790354  
1270.000000     	0.790513  
1271.000000     	0.790656  
1272.000000     	0.790796  
1273.000000     	0.790967  
1274.000000     	0.791096  
1275.000000     	0.791242  
1276.000000     	0.791410  
1277.000000     	0.791532  
1278.000000     	0.791666  
1279.000000     	0.791804  
1280.000000     	0.791981  
1281.000000     	0.792109  
1282.000000     	0.792295  
1283.000000     	0.792433  
1284.000000     	0.792588  
1285.000000     	0.792707  
1286.000000     	0.792863  
1287.000000     	0.793013  
1288.000000     	0.793174  
1289.000000     	0.793312  
1290.000000     	0.793473  
1291.000000     	0.793681  
1292.000000     	0.793867  
1293.000000     	0.794047  
1294.000000     	0.794246  
1295.000000     	0.794398  
1296.000000     	0.794523  
1297.000000     	0.794694  
1298.000000     	0.794826  
1299.000000     	0.795000  
1300.000000     	0.795161  
1301.000000     	0.795320  
1302.000000     	0.795461  
1303.000000     	0.795573  
1304.000000     	0.795729  
1305.000000     	0.795873  
1306.000000     	0.796013  
1307.000000     	0.796166  
1308.000000     	0.796312  
1309.000000     	0.796483  
1310.000000     	0.796614  
1311.000000     	0.796767  
1312.000000     	0.796932  
1313.000000     	0.797078  
1314.000000     	0.797264  
1315.000000     	0.797442  
1316.000000     	0.797628  
1317.000000     	0.797762  
1318.000000     	0.797960  
1319.000000     	0.798131  
1320.000000     	0.798287  
1321.000000     	0.798424  
1322.000000     	0.798583  
1323.000000     	0.798769  
1324.000000     	0.798897  
1325.000000     	0.799023  
1326.000000     	0.799160  
1327.000000     	0.799288  
1328.000000     	0.799422  
1329.000000     	0.799569  
1330.000000     	0.799706  
1331.000000     	0.799868  
1332.000000     	0.800012  
1333.000000     	0.800173  
1334.000000     	0.800323  
1335.000000     	0.800491  
1336.000000     	0.800622  
1337.000000     	0.800796  
1338.000000     	0.800909  
1339.000000     	0.801077  
1340.000000     	0.801242  
1341.000000     	0.801385  
1342.000000     	0.801523  
1343.000000     	0.801697  
1344.000000     	0.801828  
1345.000000     	0.801996  
1346.000000     	0.802167  
1347.000000     	0.802292  
1348.000000     	0.802420  
1349.000000     	0.802569  
1350.000000     	0.802719  
1351.000000     	0.802856  
1352.000000     	0.803046  
1353.000000     	0.803207  
1354.000000     	0.803351  
1355.000000     	0.803470  
1356.000000     	0.803638  
1357.000000     	0.803803  
1358.000000     	0.803934  
1359.000000     	0.804077  
1360.000000     	0.804221  
1361.000000     	0.804401  
1362.000000     	0.804544  
1363.000000     	0.804697  
1364.000000     	0.804828  
1365.000000     	0.804981  
1366.000000     	0.805158  
1367.000000     	0.805304  
1368.000000     	0.805439  
1369.000000     	0.805634  
1370.000000     	0.805735  
1371.000000     	0.805906  
1372.000000     	0.806077  
1373.000000     	0.806266  
1374.000000     	0.806419  
1375.000000     	0.806602  
1376.000000     	0.806721  
1377.000000     	0.806867  
1378.000000     	0.807017  
1379.000000     	0.807133  
1380.000000     	0.807279  
1381.000000     	0.807420  
1382.000000     	0.807554  
1383.000000     	0.807719  
1384.000000     	0.807838  
1385.000000     	0.808000  
1386.000000     	0.808137  
1387.000000     	0.808320  
1388.000000     	0.808482  
1389.000000     	0.808631  
1390.000000     	0.808763  
1391.000000     	0.808937  
1392.000000     	0.809050  
1393.000000     	0.809196  
1394.000000     	0.809373  
1395.000000     	0.809544  
1396.000000     	0.809749  
1397.000000     	0.809895  
1398.000000     	0.810014  
1399.000000     	0.810139  
1400.000000     	0.810286  
1401.000000     	0.810408  
1402.000000     	0.810530  
1403.000000     	0.810689  
1404.000000     	0.810814  
1405.000000     	0.810951  
1406.000000     	0.811101  
1407.000000     	0.811263  
1408.000000     	0.811458  
1409.000000     	0.811592  
1410.000000     	0.811714  
1411.000000     	0.811815  
1412.000000     	0.811983  
1413.000000     	0.812111  
1414.000000     	0.812249  
1415.000000     	0.812398  
1416.000000     	0.812563  
1417.000000     	0.812682  
1418.000000     	0.812822  
1419.000000     	0.812951  
1420.000000     	0.813085  
1421.000000     	0.813231  
1422.000000     	0.813338  
1423.000000     	0.813463  
1424.000000     	0.813610  
1425.000000     	0.813769  
1426.000000     	0.813918  
1427.000000     	0.814074  
1428.000000     	0.814242  
1429.000000     	0.814349  
1430.000000     	0.814486  
1431.000000     	0.814645  
1432.000000     	0.814758  
1433.000000     	0.814883  
1434.000000     	0.815023  
1435.000000     	0.815185  
1436.000000     	0.815313  
1437.000000     	0.815478  
1438.000000     	0.815600  
1439.000000     	0.815744  
1440.000000     	0.815887  
1441.000000     	0.816015  
1442.000000     	0.816149  
1443.000000     	0.816302  
1444.000000     	0.816415  
1445.000000     	0.816595  
1446.000000     	0.816714  
1447.000000     	0.816833  
1448.000000     	0.816980  
1449.000000     	0.817120  
1450.000000     	0.817291  
1451.000000     	0.817389  
1452.000000     	0.817529  
1453.000000     	0.817676  
1454.000000     	0.817813  
1455.000000     	0.817911  
1456.000000     	0.818054  
1457.000000     	0.818170  
1458.000000     	0.818292  
1459.000000     	0.818405  
1460.000000     	0.818546  
1461.000000     	0.818677  
1462.000000     	0.818811  
1463.000000     	0.818933  
1464.000000     	0.819077  
1465.000000     	0.819196  
1466.000000     	0.819354  
1467.000000     	0.819507  
1468.000000     	0.819675  
1469.000000     	0.819800  
1470.000000     	0.819925  
1471.000000     	0.820014  
1472.000000     	0.820136  
1473.000000     	0.820304  
1474.000000     	0.820450  
1475.000000     	0.820588  
1476.000000     	0.820749  
1477.000000     	0.820881  
1478.000000     	0.821024  
1479.000000     	0.821128  
1480.000000     	0.821241  
1481.000000     	0.821360  
1482.000000     	0.821513  
1483.000000     	0.821650  
1484.000000     	0.821744  
1485.000000     	0.821867  
1486.000000     	0.821989  
1487.000000     	0.822132  
1488.000000     	0.822245  
1489.000000     	0.822395  
1490.000000     	0.822477  
1491.000000     	0.822617  
1492.000000     	0.822724  
1493.000000     	0.822822  
1494.000000     	0.822950  
1495.000000     	0.823081  
1496.000000     	0.823216  
1497.000000     	0.823338  
1498.000000     	0.823442  
1499.000000     	0.823558  
1500.000000     	0.823661  
1501.000000     	0.823817  
1502.000000     	0.823976  
1503.000000     	0.824119  
1504.000000     	0.824244  
1505.000000     	0.824370  
1506.000000     	0.824531  
1507.000000     	0.824650  
1508.000000     	0.824785  
1509.000000     	0.824907  
1510.000000     	0.825029  
1511.000000     	0.825166  
1512.000000     	0.825301  
1513.000000     	0.825420  
1514.000000     	0.825560  
1515.000000     	0.825670  
1516.000000     	0.825777  
1517.000000     	0.825887  
1518.000000     	0.826057  
1519.000000     	0.826238  
1520.000000     	0.826314  
1521.000000     	0.826454  
1522.000000     	0.826567  
1523.000000     	0.826711  
1524.000000     	0.826876  
1525.000000     	0.827004  
1526.000000     	0.827129  
1527.000000     	0.827236  
1528.000000     	0.827373  
1529.000000     	0.827465  
1530.000000     	0.827596  
1531.000000     	0.827715  
1532.000000     	0.827846  
1533.000000     	0.827980  
1534.000000     	0.828103  
1535.000000     	0.828216  
1536.000000     	0.828347  
1537.000000     	0.828420  
1538.000000     	0.828582  
1539.000000     	0.828689  
1540.000000     	0.828817  
1541.000000     	0.828945  
1542.000000     	0.829031  
1543.000000     	0.829153  
1544.000000     	0.829272  
1545.000000     	0.829360  
1546.000000     	0.829461  
1547.000000     	0.829580  
1548.000000     	0.829705  
1550.000000     	0.829910  
1551.000000     	0.830047  
1552.000000     	0.830169  
1553.000000     	0.830282  
1554.000000     	0.830410  
1555.000000     	0.830532  
1556.000000     	0.830633  
1557.000000     	0.830728  
1558.000000     	0.830834  
1559.000000     	0.830947  
1560.000000     	0.831073  
1561.000000     	0.831149  
1562.000000     	0.831253  
1563.000000     	0.831393  
1564.000000     	0.831503  
1565.000000     	0.831601  
1566.000000     	0.831704  
1567.000000     	0.831823  
1568.000000     	0.831918  
1569.000000     	0.832080  
1570.000000     	0.832178  
1571.000000     	0.832284  
1572.000000     	0.832388  
1573.000000     	0.832507  
1574.000000     	0.832626  
1575.000000     	0.832742  
1576.000000     	0.832858  
1577.000000     	0.833038  
1578.000000     	0.833142  
1579.000000     	0.833264  
1580.000000     	0.833389  
1581.000000     	0.833524  
1582.000000     	0.833609  
1583.000000     	0.833728  
1584.000000     	0.833847  
1585.000000     	0.833957  
1586.000000     	0.834055  
1587.000000     	0.834116  
1588.000000     	0.834207  
1590.000000     	0.834397  
1591.000000     	0.834540  
1592.000000     	0.834622  
1593.000000     	0.834711  
1594.000000     	0.834827  
1595.000000     	0.834928  
1596.000000     	0.835028  
1597.000000     	0.835138  
1598.000000     	0.835233  
1599.000000     	0.835340  
1600.000000     	0.835444  
1601.000000     	0.835523  
1602.000000     	0.835642  
1603.000000     	0.835773  
1604.000000     	0.835862  
1605.000000     	0.835969  
1606.000000     	0.836109  
1608.000000     	0.836283  
1609.000000     	0.836356  
1610.000000     	0.836478  
1611.000000     	0.836603  
1612.000000     	0.836710  
1613.000000     	0.836845  
1614.000000     	0.836979  
1615.000000     	0.837061  
1616.000000     	0.837165  
1617.000000     	0.837247  
1618.000000     	0.837342  
1619.000000     	0.837464  
1620.000000     	0.837629  
1621.000000     	0.837711  
1622.000000     	0.837806  
1623.000000     	0.837913  
1624.000000     	0.838020  
1625.000000     	0.838130  
1626.000000     	0.838224  
1627.000000     	0.838356  
1628.000000     	0.838478  
1629.000000     	0.838591  
1630.000000     	0.838710  
1631.000000     	0.838838  
1632.000000     	0.838914  
1634.000000     	0.839100  
1635.000000     	0.839219  
1636.000000     	0.839344  
1637.000000     	0.839433  
1638.000000     	0.839528  
1639.000000     	0.839616  
1641.000000     	0.839778  
1642.000000     	0.839854  
1643.000000     	0.839964  
1644.000000     	0.840108  
1646.000000     	0.840297  
1647.000000     	0.840428  
1649.000000     	0.840620  
1650.000000     	0.840739  
1651.000000     	0.840855  
1652.000000     	0.840984  
1653.000000     	0.841093  
1654.000000     	0.841182  
1655.000000     	0.841307  
1656.000000     	0.841420  
1658.000000     	0.841567  
1659.000000     	0.841701  
1661.000000     	0.841893  
1662.000000     	0.841997  
1663.000000     	0.842098  
1664.000000     	0.842198  
1665.000000     	0.842287  
1666.000000     	0.842382  
1667.000000     	0.842479  
1668.000000     	0.842580  
1669.000000     	0.842681  
1670.000000     	0.842775  
1671.000000     	0.842891  
1672.000000     	0.842995  
1673.000000     	0.843108  
1675.000000     	0.843261  
1676.000000     	0.843392  
1677.000000     	0.843459  
1678.000000     	0.843551  
1679.000000     	0.843648  
1680.000000     	0.843728  
1681.000000     	0.843825  
1682.000000     	0.843938  
1683.000000     	0.844005  
1685.000000     	0.844176  
1686.000000     	0.844268  
1687.000000     	0.844335  
1688.000000     	0.844448  
1689.000000     	0.844530  
1690.000000     	0.844619  
1691.000000     	0.844735  
1692.000000     	0.844830  
1693.000000     	0.844909  
1695.000000     	0.845068  
1696.000000     	0.845135  
1697.000000     	0.845223  
1698.000000     	0.845336  
1699.000000     	0.845446  
1700.000000     	0.845593  
1701.000000     	0.845709  
1703.000000     	0.845861  
1704.000000     	0.845947  
1705.000000     	0.846038  
1706.000000     	0.846112  
1707.000000     	0.846206  
1709.000000     	0.846371  
1710.000000     	0.846453  
1711.000000     	0.846514  
1713.000000     	0.846664  
1714.000000     	0.846753  
1715.000000     	0.846835  
1716.000000     	0.846948  
1717.000000     	0.847021  
1718.000000     	0.847110  
1719.000000     	0.847223  
1721.000000     	0.847378  
1722.000000     	0.847482  
1723.000000     	0.847543  
1724.000000     	0.847638  
1725.000000     	0.847708  
1727.000000     	0.847867  
1728.000000     	0.847998  
1729.000000     	0.848086  
1730.000000     	0.848144  
1731.000000     	0.848257  
1732.000000     	0.848337  
1733.000000     	0.848401  
1735.000000     	0.848553  
1736.000000     	0.848654  
1737.000000     	0.848706  
1739.000000     	0.848865  
1740.000000     	0.848987  
1741.000000     	0.849097  
1742.000000     	0.849173  
1743.000000     	0.849237  
1744.000000     	0.849314  
1746.000000     	0.849484  
1747.000000     	0.849579  
1748.000000     	0.849652  
1749.000000     	0.849735  
1751.000000     	0.849851  
1752.000000     	0.849936  
1753.000000     	0.850013  
1755.000000     	0.850171  
1756.000000     	0.850244  
1758.000000     	0.850406  
1760.000000     	0.850589  
1761.000000     	0.850678  
1762.000000     	0.850760  
1763.000000     	0.850809  
1764.000000     	0.850904  
1766.000000     	0.851053  
1767.000000     	0.851136  
1769.000000     	0.851273  
1770.000000     	0.851374  
1771.000000     	0.851472  
1772.000000     	0.851542  
1774.000000     	0.851700  
1776.000000     	0.851868  
1777.000000     	0.851969  
1778.000000     	0.852076  
1779.000000     	0.852161  
1780.000000     	0.852229  
1781.000000     	0.852329  
1783.000000     	0.852436  
1784.000000     	0.852531  
1785.000000     	0.852622  
1787.000000     	0.852750  
1788.000000     	0.852836  
1789.000000     	0.852909  
1790.000000     	0.853007  
1792.000000     	0.853193  
1793.000000     	0.853276  
1794.000000     	0.853382  
1795.000000     	0.853437  
1796.000000     	0.853514  
1798.000000     	0.853636  
1800.000000     	0.853770  
1801.000000     	0.853855  
1802.000000     	0.853947  
1803.000000     	0.854029  
1805.000000     	0.854130  
1807.000000     	0.854261  
1808.000000     	0.854329  
1810.000000     	0.854442  
1811.000000     	0.854506  
1812.000000     	0.854615  
1814.000000     	0.854771  
1815.000000     	0.854835  
1816.000000     	0.854912  
1818.000000     	0.855034  
1819.000000     	0.855107  
1821.000000     	0.855229  
1823.000000     	0.855351  
1824.000000     	0.855446  
1825.000000     	0.855510  
1827.000000     	0.855650  
1828.000000     	0.855730  
1829.000000     	0.855818  
1831.000000     	0.855962  
1832.000000     	0.856010  
1834.000000     	0.856175  
1835.000000     	0.856233  
1837.000000     	0.856346  
1838.000000     	0.856407  
1840.000000     	0.856523  
1842.000000     	0.856645  
1843.000000     	0.856725  
1845.000000     	0.856828  
1847.000000     	0.856944  
1848.000000     	0.857024  
1849.000000     	0.857103  
1851.000000     	0.857262  
1852.000000     	0.857323  
1854.000000     	0.857451  
1856.000000     	0.857558  
1857.000000     	0.857607  
1859.000000     	0.857732  
1861.000000     	0.857872  
1862.000000     	0.857946  
1863.000000     	0.858010  
1865.000000     	0.858123  
1867.000000     	0.858233  
1869.000000     	0.858339  
1870.000000     	0.858403  
1872.000000     	0.858544  
1873.000000     	0.858608  
1875.000000     	0.858721  
1877.000000     	0.858837  
1879.000000     	0.858971  
1880.000000     	0.859029  
1882.000000     	0.859139  
1883.000000     	0.859209  
1885.000000     	0.859365  
1887.000000     	0.859460  
1888.000000     	0.859539  
1889.000000     	0.859606  
1891.000000     	0.859740  
1892.000000     	0.859820  
1894.000000     	0.859933  
1896.000000     	0.860055  
1897.000000     	0.860110  
1899.000000     	0.860247  
1901.000000     	0.860354  
1902.000000     	0.860427  
1904.000000     	0.860510  
1906.000000     	0.860678  
1907.000000     	0.860726  
1909.000000     	0.860830  
1911.000000     	0.860952  
1912.000000     	0.861016  
1914.000000     	0.861141  
1916.000000     	0.861251  
1917.000000     	0.861309  
1919.000000     	0.861416  
1921.000000     	0.861532  
1923.000000     	0.861654  
1924.000000     	0.861715  
1926.000000     	0.861834  
1928.000000     	0.861975  
1929.000000     	0.862033  
1931.000000     	0.862167  
1932.000000     	0.862222  
1934.000000     	0.862347  
1936.000000     	0.862472  
1937.000000     	0.862576  
1938.000000     	0.862643  
1939.000000     	0.862723  
1941.000000     	0.862817  
1943.000000     	0.862939  
1944.000000     	0.863006  
1946.000000     	0.863132  
1948.000000     	0.863260  
1949.000000     	0.863312  
1951.000000     	0.863434  
1953.000000     	0.863544  
1954.000000     	0.863620  
1956.000000     	0.863754  
1957.000000     	0.863812  
1959.000000     	0.863937  
1961.000000     	0.864038  
1963.000000     	0.864166  
1964.000000     	0.864234  
1966.000000     	0.864334  
1968.000000     	0.864472  
1969.000000     	0.864539  
1971.000000     	0.864621  
1973.000000     	0.864746  
1974.000000     	0.864801  
1976.000000     	0.864914  
1978.000000     	0.865012  
1980.000000     	0.865106  
1982.000000     	0.865268  
1983.000000     	0.865314  
1985.000000     	0.865403  
1987.000000     	0.865531  
1989.000000     	0.865616  
1991.000000     	0.865735  
1993.000000     	0.865854  
1995.000000     	0.865943  
1997.000000     	0.866056  
1998.000000     	0.866123  
1999.000000     	0.866202  
2002.000000     	0.866361  
2003.000000     	0.866413  
2006.000000     	0.866538  
2008.000000     	0.866651  
2010.000000     	0.866758  
2012.000000     	0.866831  
2014.000000     	0.866959  
2015.000000     	0.867005  
2017.000000     	0.867133  
2019.000000     	0.867246  
2020.000000     	0.867313  
2022.000000     	0.867442  
2024.000000     	0.867551  
2025.000000     	0.867606  
2027.000000     	0.867716  
2030.000000     	0.867829  
2032.000000     	0.867912  
2034.000000     	0.868022  
2036.000000     	0.868162  
2037.000000     	0.868229  
2039.000000     	0.868348  
2041.000000     	0.868431  
2043.000000     	0.868528  
2044.000000     	0.868601  
2046.000000     	0.868702  
2048.000000     	0.868824  
2050.000000     	0.868946  
2052.000000     	0.869023  
2054.000000     	0.869148  
2056.000000     	0.869230  
2058.000000     	0.869322  
2060.000000     	0.869429  
2062.000000     	0.869551  
2064.000000     	0.869633  
2066.000000     	0.869734  
2069.000000     	0.869841  
2070.000000     	0.869905  
2072.000000     	0.870006  
2074.000000     	0.870122  
2076.000000     	0.870228  
2078.000000     	0.870329  
2080.000000     	0.870430  
2082.000000     	0.870515  
2084.000000     	0.870610  
2086.000000     	0.870711  
2088.000000     	0.870805  
2090.000000     	0.870912  
2092.000000     	0.871022  
2094.000000     	0.871120  
2097.000000     	0.871239  
2099.000000     	0.871330  
2101.000000     	0.871449  
2102.000000     	0.871547  
2104.000000     	0.871639  
2105.000000     	0.871709  
2108.000000     	0.871825  
2110.000000     	0.871919  
2112.000000     	0.872020  
2114.000000     	0.872130  
2117.000000     	0.872258  
2118.000000     	0.872331  
2120.000000     	0.872438  
2122.000000     	0.872530  
2124.000000     	0.872631  
2126.000000     	0.872722  
2127.000000     	0.872805  
2130.000000     	0.872936  
2132.000000     	0.873037  
2134.000000     	0.873113  
2137.000000     	0.873217  
2139.000000     	0.873320  
2142.000000     	0.873424  
2144.000000     	0.873522  
2146.000000     	0.873617  
2148.000000     	0.873726  
2150.000000     	0.873824  
2152.000000     	0.873922  
2154.000000     	0.874041  
2156.000000     	0.874132  
2158.000000     	0.874233  
2160.000000     	0.874309  
2162.000000     	0.874425  
2164.000000     	0.874523  
2166.000000     	0.874621  
2168.000000     	0.874731  
2170.000000     	0.874816  
2172.000000     	0.874902  
2174.000000     	0.875005  
2177.000000     	0.875134  
2179.000000     	0.875216  
2181.000000     	0.875308  
2183.000000     	0.875405  
2185.000000     	0.875503  
2188.000000     	0.875619  
2191.000000     	0.875747  
2193.000000     	0.875808  
2196.000000     	0.875921  
2199.000000     	0.876022  
2201.000000     	0.876129  
2203.000000     	0.876205  
2206.000000     	0.876354  
2208.000000     	0.876443  
2210.000000     	0.876519  
2212.000000     	0.876638  
2214.000000     	0.876742  
2216.000000     	0.876818  
2219.000000     	0.876944  
2221.000000     	0.877023  
2223.000000     	0.877139  
2224.000000     	0.877206  
2227.000000     	0.877325  
2230.000000     	0.877441  
2232.000000     	0.877530  
2234.000000     	0.877636  
2236.000000     	0.877725  
2238.000000     	0.877832  
2240.000000     	0.877930  
2242.000000     	0.878018  
2246.000000     	0.878152  
2248.000000     	0.878241  
2251.000000     	0.878326  
2253.000000     	0.878421  
2255.000000     	0.878513  
2257.000000     	0.878610  
2259.000000     	0.878708  
2261.000000     	0.878815  
2264.000000     	0.878906  
2267.000000     	0.879007  
2269.000000     	0.879108  
2272.000000     	0.879221  
2274.000000     	0.879321  
2276.000000     	0.879410  
2278.000000     	0.879501  
2281.000000     	0.879602  
2284.000000     	0.879718  
2286.000000     	0.879816  
2289.000000     	0.879950  
2291.000000     	0.880057  
2293.000000     	0.880146  
2295.000000     	0.880237  
2297.000000     	0.880301  
2300.000000     	0.880436  
2302.000000     	0.880530  
2304.000000     	0.880628  
2306.000000     	0.880713  
2309.000000     	0.880823  
2312.000000     	0.880936  
2314.000000     	0.881003  
2317.000000     	0.881101  
2320.000000     	0.881229  
2323.000000     	0.881351  
2325.000000     	0.881421  
2327.000000     	0.881504  
2330.000000     	0.881638  
2332.000000     	0.881757  
2333.000000     	0.881803  
2336.000000     	0.881919  
2338.000000     	0.882026  
2341.000000     	0.882133  
2343.000000     	0.882218  
2345.000000     	0.882310  
2348.000000     	0.882432  
2350.000000     	0.882511  
2353.000000     	0.882603  
2356.000000     	0.882725  
2358.000000     	0.882829  
2360.000000     	0.882908  
2363.000000     	0.883015  
2365.000000     	0.883100  
2368.000000     	0.883204  
2371.000000     	0.883308  
2374.000000     	0.883436  
2376.000000     	0.883506  
2380.000000     	0.883637  
2382.000000     	0.883738  
2384.000000     	0.883824  
2387.000000     	0.883924  
2389.000000     	0.884004  
2391.000000     	0.884120  
2394.000000     	0.884230  
2396.000000     	0.884306  
2399.000000     	0.884419  
2402.000000     	0.884538  
2404.000000     	0.884636  
2406.000000     	0.884703  
2409.000000     	0.884800  
2413.000000     	0.884935  
2416.000000     	0.885035  
2419.000000     	0.885121  
2422.000000     	0.885228  
2424.000000     	0.885325  
2427.000000     	0.885432  
2429.000000     	0.885506  
2431.000000     	0.885600  
2434.000000     	0.885701  
2438.000000     	0.885826  
2440.000000     	0.885905  
2444.000000     	0.886027  
2447.000000     	0.886131  
2450.000000     	0.886211  
2453.000000     	0.886311  
2457.000000     	0.886415  
2460.000000     	0.886525  
2463.000000     	0.886617  
2466.000000     	0.886705  
2469.000000     	0.886806  
2472.000000     	0.886922  
2475.000000     	0.887041  
2477.000000     	0.887139  
2479.000000     	0.887230  
2482.000000     	0.887313  
2485.000000     	0.887404  
2488.000000     	0.887532  
2490.000000     	0.887609  
2494.000000     	0.887728  
2497.000000     	0.887828  
2500.000000     	0.887923  
2503.000000     	0.888030  
2505.000000     	0.888103  
2508.000000     	0.888204  
2511.000000     	0.888320  
2514.000000     	0.888417  
2516.000000     	0.888503  
2519.000000     	0.888607  
2523.000000     	0.888707  
2526.000000     	0.888820  
2529.000000     	0.888909  
2533.000000     	0.889016  
2537.000000     	0.889129  
2540.000000     	0.889226  
2543.000000     	0.889333  
2546.000000     	0.889403  
2550.000000     	0.889513  
2553.000000     	0.889620  
2556.000000     	0.889727  
2559.000000     	0.889809  
2562.000000     	0.889919  
2564.000000     	0.890008  
2568.000000     	0.890105  
2571.000000     	0.890234  
2574.000000     	0.890310  
2578.000000     	0.890417  
2582.000000     	0.890521  
2586.000000     	0.890621  
2590.000000     	0.890719  
2593.000000     	0.890801  
2597.000000     	0.890914  
2600.000000     	0.891003  
2604.000000     	0.891119  
2607.000000     	0.891204  
2610.000000     	0.891305  
2616.000000     	0.891418  
2620.000000     	0.891525  
2624.000000     	0.891619  
2627.000000     	0.891714  
2631.000000     	0.891809  
2635.000000     	0.891909  
2638.000000     	0.892013  
2642.000000     	0.892126  
2645.000000     	0.892224  
2648.000000     	0.892337  
2650.000000     	0.892404  
2654.000000     	0.892517  
2658.000000     	0.892602  
2663.000000     	0.892727  
2666.000000     	0.892810  
2670.000000     	0.892901  
2674.000000     	0.893002  
2678.000000     	0.893106  
2682.000000     	0.893222  
2685.000000     	0.893326  
2688.000000     	0.893408  
2693.000000     	0.893521  
2696.000000     	0.893600  
2699.000000     	0.893707  
2703.000000     	0.893820  
2707.000000     	0.893906  
2711.000000     	0.894025  
2715.000000     	0.894135  
2719.000000     	0.894214  
2722.000000     	0.894302  
2726.000000     	0.894400  
2731.000000     	0.894513  
2736.000000     	0.894617  
2740.000000     	0.894705  
2745.000000     	0.894809  
2749.000000     	0.894910  
2753.000000     	0.895020  
2756.000000     	0.895105  
2761.000000     	0.895203  
2765.000000     	0.895325  
2769.000000     	0.895407  
2773.000000     	0.895508  
2778.000000     	0.895612  
2783.000000     	0.895725  
2787.000000     	0.895826  
2790.000000     	0.895908  
2794.000000     	0.896006  
2799.000000     	0.896103  
2804.000000     	0.896216  
2808.000000     	0.896302  
2814.000000     	0.896427  
2817.000000     	0.896506  
2823.000000     	0.896610  
2828.000000     	0.896723  
2832.000000     	0.896818  
2835.000000     	0.896909  
2840.000000     	0.897010  
2845.000000     	0.897114  
2849.000000     	0.897227  
2853.000000     	0.897318  
2858.000000     	0.897425  
2865.000000     	0.897523  
2869.000000     	0.897614  
2873.000000     	0.897703  
2878.000000     	0.897825  
2882.000000     	0.897920  
2885.000000     	0.898014  
2889.000000     	0.898103  
2895.000000     	0.898219  
2899.000000     	0.898310  
2905.000000     	0.898411  
2912.000000     	0.898518  
2917.000000     	0.898622  
2922.000000     	0.898722  
2925.000000     	0.898805  
2931.000000     	0.898927  
2936.000000     	0.899018  
2941.000000     	0.899110  
2945.000000     	0.899201  
2951.000000     	0.899311  
2956.000000     	0.899418  
2962.000000     	0.899510  
2967.000000     	0.899623  
2972.000000     	0.899717  
2977.000000     	0.899824  
2982.000000     	0.899907  
2987.000000     	0.900007  
2993.000000     	0.900114  
2998.000000     	0.900203  
3004.000000     	0.900325  
3008.000000     	0.900410  
3013.000000     	0.900508  
3019.000000     	0.900615  
3024.000000     	0.900712  
3030.000000     	0.900804  
3033.000000     	0.900902  
3038.000000     	0.901005  
3043.000000     	0.901100  
3048.000000     	0.901201  
3054.000000     	0.901314  
3060.000000     	0.901408  
3068.000000     	0.901518  
3072.000000     	0.901604  
3079.000000     	0.901707  
3085.000000     	0.901805  
3093.000000     	0.901909  
3101.000000     	0.902001  
3107.000000     	0.902104  
3114.000000     	0.902202  
3123.000000     	0.902318  
3128.000000     	0.902406  
3134.000000     	0.902501  
3140.000000     	0.902632  
3146.000000     	0.902706  
3153.000000     	0.902803  
3159.000000     	0.902913  
3166.000000     	0.903011  
3170.000000     	0.903105  
3177.000000     	0.903203  
3183.000000     	0.903313  
3190.000000     	0.903417  
3197.000000     	0.903511  
3204.000000     	0.903612  
3212.000000     	0.903740  
3216.000000     	0.903804  
3221.000000     	0.903902  
3230.000000     	0.904009  
3236.000000     	0.904107  
3242.000000     	0.904213  
3247.000000     	0.904314  
3255.000000     	0.904409  
3260.000000     	0.904522  
3266.000000     	0.904604  
3275.000000     	0.904714  
3283.000000     	0.904812  
3290.000000     	0.904906  
3296.000000     	0.905001  
3304.000000     	0.905108  
3312.000000     	0.905218  
3317.000000     	0.905306  
3326.000000     	0.905407  
3334.000000     	0.905517  
3343.000000     	0.905618  
3349.000000     	0.905703  
3355.000000     	0.905810  
3361.000000     	0.905905  
3368.000000     	0.906002  
3375.000000     	0.906118  
3382.000000     	0.906204  
3390.000000     	0.906310  
3397.000000     	0.906408  
3404.000000     	0.906518  
3412.000000     	0.906604  
3423.000000     	0.906701  
3433.000000     	0.906817  
3443.000000     	0.906915  
3450.000000     	0.907003  
3462.000000     	0.907104  
3471.000000     	0.907214  
3479.000000     	0.907309  
3487.000000     	0.907406  
3498.000000     	0.907507  
3506.000000     	0.907602  
3515.000000     	0.907715  
3522.000000     	0.907803  
3530.000000     	0.907904  
3539.000000     	0.908005  
3549.000000     	0.908102  
3561.000000     	0.908218  
3568.000000     	0.908301  
3577.000000     	0.908414  
3587.000000     	0.908505  
3600.000000     	0.908612  
3610.000000     	0.908704  
3622.000000     	0.908801  
3633.000000     	0.908908  
3644.000000     	0.909012  
3657.000000     	0.909106  
3671.000000     	0.909204  
3680.000000     	0.909302  
3695.000000     	0.909406  
3704.000000     	0.909506  
3713.000000     	0.909601  
3731.000000     	0.909714  
3744.000000     	0.909802  
3758.000000     	0.909906  
3769.000000     	0.910001  
3784.000000     	0.910108  
3793.000000     	0.910208  
3803.000000     	0.910306  
3816.000000     	0.910407  
3830.000000     	0.910511  
3840.000000     	0.910602  
3853.000000     	0.910712  
3864.000000     	0.910804  
3877.000000     	0.910913  
3890.000000     	0.911005  
3905.000000     	0.911106  
3916.000000     	0.911200  
3931.000000     	0.911304  
3947.000000     	0.911408  
3955.000000     	0.911503  
3969.000000     	0.911606  
3979.000000     	0.911701  
3994.000000     	0.911811  
4004.000000     	0.911915  
4018.000000     	0.912003  
4034.000000     	0.912101  
4045.000000     	0.912205  
4061.000000     	0.912305  
4079.000000     	0.912418  
4094.000000     	0.912516  
4105.000000     	0.912611  
4116.000000     	0.912702  
4129.000000     	0.912809  
4153.000000     	0.912904  
4163.000000     	0.913004  
4185.000000     	0.913102  
4201.000000     	0.913209  
4216.000000     	0.913303  
4232.000000     	0.913401  
4248.000000     	0.913502  
4259.000000     	0.913603  
4279.000000     	0.913700  
4300.000000     	0.913807  
4312.000000     	0.913905  
4331.000000     	0.914006  
4346.000000     	0.914106  
4358.000000     	0.914213  
4374.000000     	0.914302  
4390.000000     	0.914405  
4408.000000     	0.914512  
4419.000000     	0.914601  
4437.000000     	0.914704  
4454.000000     	0.914808  
4468.000000     	0.914906  
4482.000000     	0.915001  
4504.000000     	0.915107  
4522.000000     	0.915205  
4543.000000     	0.915309  
4558.000000     	0.915403  
4576.000000     	0.915504  
4591.000000     	0.915602  
4615.000000     	0.915703  
4643.000000     	0.915800  
4666.000000     	0.915901  
4682.000000     	0.916002  
4699.000000     	0.916102  
4723.000000     	0.916200  
4739.000000     	0.916301  
4767.000000     	0.916402  
4788.000000     	0.916502  
4820.000000     	0.916603  
4845.000000     	0.916701  
4868.000000     	0.916801  
4886.000000     	0.916902  
4908.000000     	0.917012  
4931.000000     	0.917101  
4964.000000     	0.917204  
4989.000000     	0.917305  
5007.000000     	0.917406  
5028.000000     	0.917500  
5056.000000     	0.917604  
5090.000000     	0.917702  
5123.000000     	0.917809  
5144.000000     	0.917900  
5181.000000     	0.918001  
5218.000000     	0.918105  
5243.000000     	0.918209  
5270.000000     	0.918300  
5301.000000     	0.918401  
5329.000000     	0.918502  
5358.000000     	0.918602  
5390.000000     	0.918703  
5414.000000     	0.918807  
5435.000000     	0.918902  
5461.000000     	0.919005  
5506.000000     	0.919103  
5543.000000     	0.919201  
5580.000000     	0.919304  
5607.000000     	0.919405  
5639.000000     	0.919503  
5681.000000     	0.919601  
5715.000000     	0.919701  
5744.000000     	0.919805  
5780.000000     	0.919903  
5814.000000     	0.920000  
5858.000000     	0.920104  
5907.000000     	0.920205  
5947.000000     	0.920303  
5973.000000     	0.920403  
6014.000000     	0.920501  
6058.000000     	0.920602  
6105.000000     	0.920709  
6130.000000     	0.920800  
6169.000000     	0.920901  
6196.000000     	0.921002  
6245.000000     	0.921102  
6289.000000     	0.921203  
6327.000000     	0.921301  
6356.000000     	0.921408  
6400.000000     	0.921505  
6443.000000     	0.921609  
6487.000000     	0.921701  
6529.000000     	0.921801  
6573.000000     	0.921902  
6605.000000     	0.922003  
6646.000000     	0.922100  
6689.000000     	0.922201  
6726.000000     	0.922308  
6769.000000     	0.922403  
6807.000000     	0.922500  
6842.000000     	0.922607  
6879.000000     	0.922705  
6914.000000     	0.922802  
6964.000000     	0.922903  
7000.000000     	0.923001  
7045.000000     	0.923102  
7089.000000     	0.923205  
7143.000000     	0.923303  
7181.000000     	0.923404  
7216.000000     	0.923501  
7265.000000     	0.923605  
7308.000000     	0.923703  
7351.000000     	0.923801  
7389.000000     	0.923901  
7439.000000     	0.924002  
7479.000000     	0.924106  
7521.000000     	0.924203  
7551.000000     	0.924301  
7607.000000     	0.924408  
7655.000000     	0.924506  
7691.000000     	0.924603  
7743.000000     	0.924701  
7781.000000     	0.924805  
7811.000000     	0.924902  
7859.000000     	0.925000  
7896.000000     	0.925104  
7942.000000     	0.925202  
7984.000000     	0.925302  
8028.000000     	0.925403  
8065.000000     	0.925510  
8118.000000     	0.925608  
8159.000000     	0.925702  
8209.000000     	0.925803  
8271.000000     	0.925904  
8318.000000     	0.926001  
8372.000000     	0.926105  
8423.000000     	0.926206  
8464.000000     	0.926300  
8514.000000     	0.926401  
8563.000000     	0.926502  
8613.000000     	0.926609  
8650.000000     	0.926700  
8716.000000     	0.926804  
8764.000000     	0.926902  
8828.000000     	0.927003  
8873.000000     	0.927103  
8928.000000     	0.927201  
8976.000000     	0.927302  
9011.000000     	0.927405  
9040.000000     	0.927500  
9080.000000     	0.927601  
9115.000000     	0.927702  
9170.000000     	0.927808  
9204.000000     	0.927906  
9241.000000     	0.928001  
9298.000000     	0.928104  
9334.000000     	0.928202  
9388.000000     	0.928303  
9427.000000     	0.928400  
9474.000000     	0.928501  
9534.000000     	0.928605  
9581.000000     	0.928706  
9629.000000     	0.928800  
9677.000000     	0.928901  
9732.000000     	0.929002  
9766.000000     	0.929103  
9822.000000     	0.929200  
9855.000000     	0.929301  
9904.000000     	0.929402  
9959.000000     	0.929509  
10005.000000    	0.929600  
10048.000000    	0.929701  
10098.000000    	0.929802  
10136.000000    	0.929902  
10186.000000    	0.930006  
10232.000000    	0.930104  
10286.000000    	0.930201  
10334.000000    	0.930302  
10390.000000    	0.930403  
10436.000000    	0.930504  
10487.000000    	0.930601  
10534.000000    	0.930705  
10582.000000    	0.930803  
10619.000000    	0.930900  
10647.000000    	0.931001  
10707.000000    	0.931102  
10738.000000    	0.931203  
10777.000000    	0.931300  
10827.000000    	0.931401  
10879.000000    	0.931502  
10937.000000    	0.931602  
10977.000000    	0.931703  
11030.000000    	0.931807  
11066.000000    	0.931902  
11109.000000    	0.932002  
11158.000000    	0.932103  
11228.000000    	0.932201  
11269.000000    	0.932301  
11313.000000    	0.932402  
11365.000000    	0.932503  
11419.000000    	0.932601  
11463.000000    	0.932704  
11509.000000    	0.932805  
11561.000000    	0.932903  
11621.000000    	0.933000  
11674.000000    	0.933101  
11710.000000    	0.933202  
11779.000000    	0.933303  
11836.000000    	0.933400  
11887.000000    	0.933501  
11945.000000    	0.933602  
11987.000000    	0.933702  
12041.000000    	0.933803  
12101.000000    	0.933901  
12134.000000    	0.934005  
12173.000000    	0.934102  
12220.000000    	0.934200  
12270.000000    	0.934301  
12318.000000    	0.934401  
12353.000000    	0.934508  
12401.000000    	0.934603  
12446.000000    	0.934701  
12511.000000    	0.934801  
12547.000000    	0.934905  
12590.000000    	0.935003  
12650.000000    	0.935100  
12692.000000    	0.935204  
12733.000000    	0.935302  
12777.000000    	0.935403  
12813.000000    	0.935500  
12859.000000    	0.935601  
12916.000000    	0.935705  
12956.000000    	0.935806  
13022.000000    	0.935903  
13071.000000    	0.936001  
13120.000000    	0.936102  
13165.000000    	0.936205  
13197.000000    	0.936300  
13248.000000    	0.936401  
13297.000000    	0.936505  
13342.000000    	0.936602  
13403.000000    	0.936715  
13448.000000    	0.936801  
13505.000000    	0.936901  
13556.000000    	0.937002  
13597.000000    	0.937103  
13638.000000    	0.937200  
13692.000000    	0.937304  
13748.000000    	0.937405  
13796.000000    	0.937503  
13857.000000    	0.937600  
13907.000000    	0.937701  
13961.000000    	0.937808  
14024.000000    	0.937909  
14062.000000    	0.938000  
14101.000000    	0.938101  
14153.000000    	0.938202  
14192.000000    	0.938305  
14227.000000    	0.938400  
14271.000000    	0.938501  
14328.000000    	0.938602  
14368.000000    	0.938705  
14429.000000    	0.938806  
14485.000000    	0.938901  
14538.000000    	0.939001  
14568.000000    	0.939102  
14634.000000    	0.939203  
14714.000000    	0.939304  
14760.000000    	0.939401  
14798.000000    	0.939508  
14851.000000    	0.939603  
14915.000000    	0.939703  
14955.000000    	0.939801  
14996.000000    	0.939902  
15048.000000    	0.940006  
15091.000000    	0.940100  
15131.000000    	0.940201  
15180.000000    	0.940302  
15233.000000    	0.940402  
15287.000000    	0.940500  
15325.000000    	0.940604  
15373.000000    	0.940702  
15419.000000    	0.940802  
15474.000000    	0.940903  
15526.000000    	0.941001  
15582.000000    	0.941104  
15629.000000    	0.941202  
15678.000000    	0.941306  
15735.000000    	0.941404  
15780.000000    	0.941501  
15829.000000    	0.941605  
15874.000000    	0.941703  
15929.000000    	0.941800  
15977.000000    	0.941901  
16017.000000    	0.942002  
16070.000000    	0.942103  
16113.000000    	0.942203  
16164.000000    	0.942307  
16201.000000    	0.942405  
16257.000000    	0.942502  
16305.000000    	0.942606  
16351.000000    	0.942701  
16399.000000    	0.942802  
16449.000000    	0.942902  
16489.000000    	0.943003  
16532.000000    	0.943101  
16567.000000    	0.943201  
16620.000000    	0.943305  
16674.000000    	0.943403  
16723.000000    	0.943501  
16768.000000    	0.943601  
16824.000000    	0.943708  
16862.000000    	0.943803  
16910.000000    	0.943903  
16956.000000    	0.944004  
16997.000000    	0.944102  
17049.000000    	0.944206  
17091.000000    	0.944300  
17141.000000    	0.944401  
17178.000000    	0.944502  
17222.000000    	0.944602  
17271.000000    	0.944700  
17330.000000    	0.944801  
17385.000000    	0.944905  
17439.000000    	0.945005  
17475.000000    	0.945100  
17529.000000    	0.945204  
17590.000000    	0.945301  
17657.000000    	0.945402  
17696.000000    	0.945503  
17740.000000    	0.945604  
17781.000000    	0.945701  
17832.000000    	0.945802  
17878.000000    	0.945903  
17923.000000    	0.946000  
17952.000000    	0.946101  
17996.000000    	0.946202  
18049.000000    	0.946303  
18097.000000    	0.946406  
18161.000000    	0.946501  
18207.000000    	0.946605  
18247.000000    	0.946703  
18293.000000    	0.946800  
18343.000000    	0.946901  
18392.000000    	0.947002  
18438.000000    	0.947102  
18478.000000    	0.947200  
18519.000000    	0.947304  
18573.000000    	0.947405  
18622.000000    	0.947502  
18672.000000    	0.947603  
18734.000000    	0.947701  
18773.000000    	0.947804  
18804.000000    	0.947902  
18847.000000    	0.948003  
18891.000000    	0.948101  
18953.000000    	0.948201  
19001.000000    	0.948302  
19048.000000    	0.948403  
19085.000000    	0.948500  
19119.000000    	0.948601  
19168.000000    	0.948705  
19206.000000    	0.948809  
19260.000000    	0.948900  
19315.000000    	0.949001  
19355.000000    	0.949102  
19391.000000    	0.949202  
19439.000000    	0.949300  
19506.000000    	0.949401  
19556.000000    	0.949502  
19607.000000    	0.949602  
19657.000000    	0.949703  
19708.000000    	0.949804  
19762.000000    	0.949904  
19814.000000    	0.950002  
19870.000000    	0.950103  
19908.000000    	0.950201  
19962.000000    	0.950301  
20009.000000    	0.950405  
20049.000000    	0.950503  
20103.000000    	0.950600  
20150.000000    	0.950707  
20196.000000    	0.950805  
20242.000000    	0.950903  
20296.000000    	0.951000  
20353.000000    	0.951104  
20401.000000    	0.951202  
20454.000000    	0.951302  
20499.000000    	0.951400  
20541.000000    	0.951501  
20594.000000    	0.951602  
20636.000000    	0.951702  
20679.000000    	0.951803  
20726.000000    	0.951901  
20774.000000    	0.952001  
20833.000000    	0.952102  
20877.000000    	0.952203  
20921.000000    	0.952304  
20963.000000    	0.952410  
21007.000000    	0.952502  
21060.000000    	0.952603  
21112.000000    	0.952700  
21155.000000    	0.952804  
21197.000000    	0.952908  
21227.000000    	0.953003  
21266.000000    	0.953100  
21323.000000    	0.953201  
21381.000000    	0.953302  
21432.000000    	0.953402  
21480.000000    	0.953500  
21539.000000    	0.953601  
21597.000000    	0.953702  
21641.000000    	0.953802  
21690.000000    	0.953906  
21746.000000    	0.954001  
21806.000000    	0.954105  
21841.000000    	0.954202  
21883.000000    	0.954303  
21944.000000    	0.954401  
21990.000000    	0.954501  
22042.000000    	0.954605  
22102.000000    	0.954703  
22156.000000    	0.954800  
22216.000000    	0.954901  
22273.000000    	0.955005  
22311.000000    	0.955103  
22348.000000    	0.955200  
22409.000000    	0.955301  
22458.000000    	0.955405  
22499.000000    	0.955503  
22538.000000    	0.955600  
22573.000000    	0.955701  
22625.000000    	0.955802  
22672.000000    	0.955905  
22710.000000    	0.956003  
22748.000000    	0.956101  
22787.000000    	0.956202  
22843.000000    	0.956302  
22881.000000    	0.956403  
22927.000000    	0.956504  
22965.000000    	0.956601  
23018.000000    	0.956702  
23064.000000    	0.956803  
23112.000000    	0.956900  
23164.000000    	0.957001  
23203.000000    	0.957105  
23259.000000    	0.957206  
23311.000000    	0.957300  
23366.000000    	0.957401  
23427.000000    	0.957502  
23489.000000    	0.957606  
23525.000000    	0.957700  
23572.000000    	0.957804  
23605.000000    	0.957905  
23662.000000    	0.958002  
23716.000000    	0.958100  
23780.000000    	0.958204  
23813.000000    	0.958302  
23872.000000    	0.958402  
23926.000000    	0.958503  
23990.000000    	0.958604  
24021.000000    	0.958701  
24063.000000    	0.958802  
24120.000000    	0.958906  
24144.000000    	0.959001  
24186.000000    	0.959107  
24235.000000    	0.959202  
24282.000000    	0.959303  
24322.000000    	0.959403  
24357.000000    	0.959501  
24405.000000    	0.959602  
24449.000000    	0.959706  
24492.000000    	0.959800  
24538.000000    	0.959901  
24580.000000    	0.960008  
24621.000000    	0.960102  
24674.000000    	0.960203  
24703.000000    	0.960301  
24750.000000    	0.960402  
24790.000000    	0.960502  
24843.000000    	0.960603  
24878.000000    	0.960701  
24926.000000    	0.960801  
24980.000000    	0.960905  
25023.000000    	0.961003  
25080.000000    	0.961101  
25121.000000    	0.961201  
25163.000000    	0.961302  
25201.000000    	0.961403  
25240.000000    	0.961507  
25303.000000    	0.961601  
25351.000000    	0.961708  
25395.000000    	0.961803  
25452.000000    	0.961903  
25498.000000    	0.962004  
25541.000000    	0.962102  
25594.000000    	0.962206  
25647.000000    	0.962300  
25704.000000    	0.962401  
25756.000000    	0.962502  
25801.000000    	0.962602  
25854.000000    	0.962700  
25901.000000    	0.962801  
25951.000000    	0.962901  
25997.000000    	0.963005  
26050.000000    	0.963103  
26097.000000    	0.963207  
26139.000000    	0.963301  
26188.000000    	0.963405  
26230.000000    	0.963503  
26271.000000    	0.963600  
26333.000000    	0.963701  
26402.000000    	0.963802  
26453.000000    	0.963903  
26496.000000    	0.964000  
26540.000000    	0.964101  
26594.000000    	0.964202  
26637.000000    	0.964306  
26671.000000    	0.964403  
26723.000000    	0.964501  
26788.000000    	0.964605  
26837.000000    	0.964702  
26887.000000    	0.964800  
26923.000000    	0.964904  
26977.000000    	0.965001  
27033.000000    	0.965105  
27082.000000    	0.965206  
27120.000000    	0.965304  
27179.000000    	0.965401  
27216.000000    	0.965502  
27266.000000    	0.965603  
27308.000000    	0.965700  
27365.000000    	0.965801  
27409.000000    	0.965902  
27454.000000    	0.966003  
27507.000000    	0.966100  
27561.000000    	0.966201  
27604.000000    	0.966302  
27657.000000    	0.966403  
27713.000000    	0.966500  
27753.000000    	0.966601  
27808.000000    	0.966702  
27869.000000    	0.966802  
27920.000000    	0.966900  
27973.000000    	0.967001  
28011.000000    	0.967102  
28069.000000    	0.967202  
28112.000000    	0.967303  
28157.000000    	0.967404  
28204.000000    	0.967504  
28260.000000    	0.967602  
28308.000000    	0.967703  
28352.000000    	0.967807  
28403.000000    	0.967901  
28444.000000    	0.968002  
28486.000000    	0.968103  
28537.000000    	0.968203  
28576.000000    	0.968301  
28633.000000    	0.968402  
28669.000000    	0.968503  
28704.000000    	0.968600  
28761.000000    	0.968701  
28806.000000    	0.968808  
28845.000000    	0.968905  
28875.000000    	0.969006  
28917.000000    	0.969104  
28974.000000    	0.969202  
29037.000000    	0.969302  
29088.000000    	0.969406  
29112.000000    	0.969504  
29160.000000    	0.969601  
29202.000000    	0.969705  
29258.000000    	0.969806  
29318.000000    	0.969904  
29361.000000    	0.970004  
29410.000000    	0.970105  
29463.000000    	0.970203  
29509.000000    	0.970300  
29552.000000    	0.970401  
29624.000000    	0.970505  
29667.000000    	0.970603  
29711.000000    	0.970700  
29762.000000    	0.970804  
29806.000000    	0.970902  
29856.000000    	0.971006  
29884.000000    	0.971100  
29932.000000    	0.971207  
29978.000000    	0.971302  
30033.000000    	0.971402  
30077.000000    	0.971503  
30117.000000    	0.971601  
30177.000000    	0.971705  
30224.000000    	0.971802  
30270.000000    	0.971903  
30306.000000    	0.972004  
30373.000000    	0.972101  
30427.000000    	0.972202  
30483.000000    	0.972303  
30529.000000    	0.972400  
30587.000000    	0.972501  
30659.000000    	0.972602  
30709.000000    	0.972703  
30754.000000    	0.972800  
30803.000000    	0.972904  
30852.000000    	0.973005  
30902.000000    	0.973106  
30939.000000    	0.973200  
30984.000000    	0.973301  
31037.000000    	0.973402  
31084.000000    	0.973502  
31125.000000    	0.973600  
31160.000000    	0.973701  
31214.000000    	0.973805  
31277.000000    	0.973902  
31320.000000    	0.974006  
31368.000000    	0.974101  
31422.000000    	0.974201  
31466.000000    	0.974302  
31510.000000    	0.974403  
31554.000000    	0.974500  
31605.000000    	0.974607  
31643.000000    	0.974702  
31690.000000    	0.974803  
31738.000000    	0.974900  
31799.000000    	0.975001  
31847.000000    	0.975111  
31884.000000    	0.975206  
31928.000000    	0.975303  
31974.000000    	0.975401  
32018.000000    	0.975502  
32072.000000    	0.975605  
32122.000000    	0.975700  
32175.000000    	0.975801  
32231.000000    	0.975902  
32282.000000    	0.976002  
32326.000000    	0.976103  
32386.000000    	0.976204  
32424.000000    	0.976301  
32470.000000    	0.976402  
32521.000000    	0.976503  
32574.000000    	0.976601  
32612.000000    	0.976701  
32665.000000    	0.976802  
32717.000000    	0.976903  
32763.000000    	0.977000  
32821.000000    	0.977104  
32860.000000    	0.977202  
32911.000000    	0.977303  
32957.000000    	0.977400  
33018.000000    	0.977501  
33064.000000    	0.977602  
33102.000000    	0.977702  
33139.000000    	0.977800  
33199.000000    	0.977901  
33254.000000    	0.978008  
33298.000000    	0.978105  
33337.000000    	0.978203  
33387.000000    	0.978307  
33444.000000    	0.978401  
33505.000000    	0.978502  
33541.000000    	0.978603  
33580.000000    	0.978701  
33631.000000    	0.978801  
33684.000000    	0.978902  
33736.000000    	0.979006  
33791.000000    	0.979100  
33850.000000    	0.979201  
33901.000000    	0.979302  
33944.000000    	0.979412  
33987.000000    	0.979500  
34038.000000    	0.979604  
34084.000000    	0.979702  
34127.000000    	0.979806  
34169.000000    	0.979900  
34213.000000    	0.980001  
34256.000000    	0.980105  
34296.000000    	0.980202  
34338.000000    	0.980303  
34387.000000    	0.980401  
34431.000000    	0.980501  
34487.000000    	0.980605  
34550.000000    	0.980703  
34590.000000    	0.980801  
34638.000000    	0.980901  
34673.000000    	0.981005  
34729.000000    	0.981103  
34775.000000    	0.981200  
34819.000000    	0.981301  
34866.000000    	0.981402  
34915.000000    	0.981503  
34960.000000    	0.981600  
35012.000000    	0.981701  
35059.000000    	0.981802  
35102.000000    	0.981906  
35152.000000    	0.982000  
35193.000000    	0.982101  
35243.000000    	0.982202  
35297.000000    	0.982302  
35340.000000    	0.982403  
35385.000000    	0.982501  
35448.000000    	0.982601  
35486.000000    	0.982705  
35533.000000    	0.982803  
35580.000000    	0.982904  
35625.000000    	0.983004  
35676.000000    	0.983102  
35712.000000    	0.983203  
35756.000000    	0.983304  
35804.000000    	0.983407  
35851.000000    	0.983502  
35903.000000    	0.983609  
35947.000000    	0.983703  
35990.000000    	0.983801  
36040.000000    	0.983905  
36096.000000    	0.984003  
36161.000000    	0.984103  
36198.000000    	0.984204  
36249.000000    	0.984302  
36298.000000    	0.984402  
36349.000000    	0.984500  
36404.000000    	0.984601  
36444.000000    	0.984702  
36490.000000    	0.984802  
36555.000000    	0.984903  
36613.000000    	0.985001  
36666.000000    	0.985101  
36713.000000    	0.985202  
36762.000000    	0.985303  
36818.000000    	0.985401  
36860.000000    	0.985507  
36896.000000    	0.985605  
36948.000000    	0.985703  
36992.000000    	0.985800  
37031.000000    	0.985904  
37072.000000    	0.986002  
37121.000000    	0.986103  
37172.000000    	0.986200  
37221.000000    	0.986304  
37283.000000    	0.986408  
37332.000000    	0.986502  
37374.000000    	0.986600  
37418.000000    	0.986701  
37458.000000    	0.986802  
37499.000000    	0.986902  
37561.000000    	0.987003  
37601.000000    	0.987104  
37675.000000    	0.987201  
37723.000000    	0.987302  
37774.000000    	0.987403  
37807.000000    	0.987501  
37855.000000    	0.987601  
37912.000000    	0.987702  
37958.000000    	0.987803  
38010.000000    	0.987900  
38060.000000    	0.988001  
38110.000000    	0.988102  
38161.000000    	0.988203  
38199.000000    	0.988300  
38262.000000    	0.988401  
38304.000000    	0.988502  
38351.000000    	0.988609  
38393.000000    	0.988700  
38449.000000    	0.988801  
38500.000000    	0.988902  
38548.000000    	0.989002  
38593.000000    	0.989103  
38652.000000    	0.989201  
38697.000000    	0.989301  
38751.000000    	0.989402  
38798.000000    	0.989503  
38839.000000    	0.989604  
38887.000000    	0.989701  
38949.000000    	0.989802  
38988.000000    	0.989903  
39029.000000    	0.990003  
39094.000000    	0.990101  
39135.000000    	0.990202  
39182.000000    	0.990306  
39231.000000    	0.990400  
39282.000000    	0.990504  
39348.000000    	0.990602  
39388.000000    	0.990702  
39442.000000    	0.990800  
39492.000000    	0.990901  
39536.000000    	0.991005  
39589.000000    	0.991102  
39663.000000    	0.991200  
39707.000000    	0.991301  
39754.000000    	0.991401  
39806.000000    	0.991502  
39861.000000    	0.991606  
39916.000000    	0.991701  
39971.000000    	0.991804  
40034.000000    	0.991902  
40097.000000    	0.992003  
40132.000000    	0.992100  
40203.000000    	0.992201  
40259.000000    	0.992305  
40310.000000    	0.992403  
40376.000000    	0.992500  
40421.000000    	0.992601  
40465.000000    	0.992702  
40522.000000    	0.992803  
40577.000000    	0.992903  
40638.000000    	0.993001  
40712.000000    	0.993102  
40768.000000    	0.993205  
40806.000000    	0.993300  
40859.000000    	0.993401  
40915.000000    	0.993505  
40968.000000    	0.993602  
41021.000000    	0.993709  
41086.000000    	0.993804  
41142.000000    	0.993901  
41211.000000    	0.994002  
41257.000000    	0.994103  
41300.000000    	0.994200  
41357.000000    	0.994307  
41405.000000    	0.994402  
41460.000000    	0.994506  
41503.000000    	0.994600  
41569.000000    	0.994701  
41614.000000    	0.994802  
41677.000000    	0.994903  
41737.000000    	0.995000  
41800.000000    	0.995101  
41851.000000    	0.995202  
41918.000000    	0.995305  
41983.000000    	0.995403  
42050.000000    	0.995507  
42096.000000    	0.995608  
42142.000000    	0.995702  
42218.000000    	0.995806  
42265.000000    	0.995904  
42326.000000    	0.996001  
42410.000000    	0.996102  
42468.000000    	0.996203  
42534.000000    	0.996301  
42597.000000    	0.996407  
42665.000000    	0.996502  
42772.000000    	0.996606  
42847.000000    	0.996703  
42909.000000    	0.996801  
42973.000000    	0.996905  
43046.000000    	0.997003  
43127.000000    	0.997103  
43185.000000    	0.997204  
43234.000000    	0.997302  
43299.000000    	0.997405  
43351.000000    	0.997503  
43447.000000    	0.997601  
43521.000000    	0.997702  
43593.000000    	0.997802  
43666.000000    	0.997903  
43738.000000    	0.998001  
43819.000000    	0.998101  
43881.000000    	0.998202  
43951.000000    	0.998303  
44021.000000    	0.998404  
44108.000000    	0.998504  
44181.000000    	0.998602  
44255.000000    	0.998706  
44347.000000    	0.998800  
44424.000000    	0.998904  
44541.000000    	0.999002  
44645.000000    	0.999103  
44775.000000    	0.999200  
44862.000000    	0.999301  
44960.000000    	0.999402  
45123.000000    	0.999502  
45279.000000    	0.999600  
45468.000000    	0.999701  
45713.000000    	0.999802  
46163.000000    	0.999902  
49792.000000    	1.000000  
49792.000000    	1.000000  
