21.000000       	0.000006
65.000000       	0.000107
80.000000       	0.000208
85.000000       	0.000339
87.000000       	0.000467
88.000000       	0.000525
90.000000       	0.000675
91.000000       	0.000788
92.000000       	0.000934
93.000000       	0.001065
94.000000       	0.001187
95.000000       	0.001322
96.000000       	0.001532
97.000000       	0.001685
98.000000       	0.001892
99.000000       	0.002152
100.000000      	0.002347
101.000000      	0.002598
102.000000      	0.002842
103.000000      	0.003168
104.000000      	0.003492
105.000000      	0.003873
106.000000      	0.004353
107.000000      	0.004804
108.000000      	0.005320
109.000000      	0.005882
110.000000      	0.006529
111.000000      	0.007143
112.000000      	0.007893
113.000000      	0.008653
114.000000      	0.009496
115.000000      	0.010283
116.000000      	0.011303
117.000000      	0.012390
118.000000      	0.013556
119.000000      	0.014670
120.000000      	0.015878
121.000000      	0.017102
122.000000      	0.018452
123.000000      	0.019905
124.000000      	0.021412
125.000000      	0.023106
126.000000      	0.024776
127.000000      	0.026424
128.000000      	0.028344
129.000000      	0.030261
130.000000      	0.032383
131.000000      	0.034608
132.000000      	0.036851
133.000000      	0.039229
134.000000      	0.041668
135.000000      	0.044046
136.000000      	0.046799
137.000000      	0.049674
138.000000      	0.052605
139.000000      	0.055590
140.000000      	0.058773
141.000000      	0.061859
142.000000      	0.065080
143.000000      	0.068425
144.000000      	0.071523
145.000000      	0.074856
146.000000      	0.078245
147.000000      	0.081483
148.000000      	0.084880
149.000000      	0.088244
150.000000      	0.091641
151.000000      	0.095225
152.000000      	0.098760
153.000000      	0.102245
154.000000      	0.105746
155.000000      	0.109464
156.000000      	0.113365
157.000000      	0.117098
158.000000      	0.121045
159.000000      	0.124644
160.000000      	0.128435
161.000000      	0.132250
162.000000      	0.136114
163.000000      	0.139945
164.000000      	0.143697
165.000000      	0.147329
166.000000      	0.150955
167.000000      	0.154258
168.000000      	0.157683
169.000000      	0.161177
170.000000      	0.164630
171.000000      	0.167920
172.000000      	0.171354
173.000000      	0.174629
174.000000      	0.177743
175.000000      	0.180920
176.000000      	0.183899
177.000000      	0.187107
178.000000      	0.190291
179.000000      	0.193331
180.000000      	0.196368
181.000000      	0.199430
182.000000      	0.202421
183.000000      	0.205373
184.000000      	0.208303
185.000000      	0.211404
186.000000      	0.214683
187.000000      	0.217689
188.000000      	0.220754
189.000000      	0.223699
190.000000      	0.226547
191.000000      	0.229654
192.000000      	0.232612
193.000000      	0.235552
194.000000      	0.238403
195.000000      	0.241275
196.000000      	0.244345
197.000000      	0.247135
198.000000      	0.250020
199.000000      	0.252846
200.000000      	0.255917
201.000000      	0.258908
202.000000      	0.261646
203.000000      	0.264525
204.000000      	0.267492
205.000000      	0.270495
206.000000      	0.273432
207.000000      	0.276279
208.000000      	0.279280
209.000000      	0.282210
210.000000      	0.285278
211.000000      	0.288190
212.000000      	0.291086
213.000000      	0.294005
214.000000      	0.296926
215.000000      	0.300018
216.000000      	0.303067
217.000000      	0.306190
218.000000      	0.309233
219.000000      	0.312322
220.000000      	0.315551
221.000000      	0.318710
222.000000      	0.321809
223.000000      	0.324879
224.000000      	0.328274
225.000000      	0.331591
226.000000      	0.334790
227.000000      	0.337940
228.000000      	0.341155
229.000000      	0.344506
230.000000      	0.347616
231.000000      	0.350776
232.000000      	0.354185
233.000000      	0.357198
234.000000      	0.360363
235.000000      	0.363715
236.000000      	0.366871
237.000000      	0.370183
238.000000      	0.373555
239.000000      	0.376748
240.000000      	0.379975
241.000000      	0.383286
242.000000      	0.386577
243.000000      	0.389852
244.000000      	0.392929
245.000000      	0.396012
246.000000      	0.399128
247.000000      	0.402165
248.000000      	0.405343
249.000000      	0.408517
250.000000      	0.411738
251.000000      	0.414967
252.000000      	0.418065
253.000000      	0.421227
254.000000      	0.424347
255.000000      	0.427546
256.000000      	0.430568
257.000000      	0.433437
258.000000      	0.436270
259.000000      	0.438959
260.000000      	0.441718
261.000000      	0.444340
262.000000      	0.447212
263.000000      	0.449889
264.000000      	0.452624
265.000000      	0.455301
266.000000      	0.457719
267.000000      	0.460267
268.000000      	0.462889
269.000000      	0.465569
270.000000      	0.468283
271.000000      	0.470767
272.000000      	0.473283
273.000000      	0.475676
274.000000      	0.478084
275.000000      	0.480425
276.000000      	0.482754
277.000000      	0.484879
278.000000      	0.487052
279.000000      	0.488984
280.000000      	0.490919
281.000000      	0.492839
282.000000      	0.494704
283.000000      	0.496603
284.000000      	0.498428
285.000000      	0.500342
286.000000      	0.502085
287.000000      	0.503721
288.000000      	0.505427
289.000000      	0.507262
290.000000      	0.508977
291.000000      	0.510671
292.000000      	0.512344
293.000000      	0.514026
294.000000      	0.515588
295.000000      	0.517313
296.000000      	0.518790
297.000000      	0.520350
298.000000      	0.521840
299.000000      	0.523232
300.000000      	0.524538
301.000000      	0.525872
302.000000      	0.527142
303.000000      	0.528326
304.000000      	0.529620
305.000000      	0.530914
306.000000      	0.532126
307.000000      	0.533317
308.000000      	0.534330
309.000000      	0.535420
310.000000      	0.536418
311.000000      	0.537501
312.000000      	0.538487
313.000000      	0.539553
314.000000      	0.540493
315.000000      	0.541329
316.000000      	0.542281
317.000000      	0.543161
318.000000      	0.544024
319.000000      	0.544894
320.000000      	0.545697
321.000000      	0.546445
322.000000      	0.547281
323.000000      	0.548078
324.000000      	0.548942
325.000000      	0.549827
326.000000      	0.550663
327.000000      	0.551573
328.000000      	0.552363
329.000000      	0.553008
330.000000      	0.553697
331.000000      	0.554381
332.000000      	0.555065
333.000000      	0.555837
334.000000      	0.556591
335.000000      	0.557217
336.000000      	0.557946
337.000000      	0.558712
338.000000      	0.559454
339.000000      	0.560116
340.000000      	0.560767
341.000000      	0.561435
342.000000      	0.562140
343.000000      	0.562851
344.000000      	0.563535
345.000000      	0.564313
346.000000      	0.565083
347.000000      	0.565736
348.000000      	0.566398
349.000000      	0.567073
350.000000      	0.567607
351.000000      	0.568129
352.000000      	0.568651
353.000000      	0.569121
354.000000      	0.569576
355.000000      	0.570046
356.000000      	0.570580
357.000000      	0.571047
358.000000      	0.571450
359.000000      	0.571911
360.000000      	0.572387
361.000000      	0.572885
362.000000      	0.573327
363.000000      	0.573782
364.000000      	0.574243
365.000000      	0.574719
366.000000      	0.575110
367.000000      	0.575494
368.000000      	0.575922
369.000000      	0.576322
370.000000      	0.576697
371.000000      	0.577118
372.000000      	0.577503
373.000000      	0.577924
374.000000      	0.578324
375.000000      	0.578794
376.000000      	0.579243
377.000000      	0.579734
378.000000      	0.580189
379.000000      	0.580647
380.000000      	0.581092
381.000000      	0.581532
382.000000      	0.581962
383.000000      	0.582402
384.000000      	0.582875
385.000000      	0.583308
386.000000      	0.583830
387.000000      	0.584380
388.000000      	0.584926
389.000000      	0.585494
390.000000      	0.586089
391.000000      	0.586623
392.000000      	0.587154
393.000000      	0.587661
394.000000      	0.588262
395.000000      	0.588812
396.000000      	0.589364
397.000000      	0.589831
398.000000      	0.590463
399.000000      	0.591086
400.000000      	0.591690
401.000000      	0.592292
402.000000      	0.592936
403.000000      	0.593500
404.000000      	0.594111
405.000000      	0.594633
406.000000      	0.595155
407.000000      	0.595661
408.000000      	0.596141
409.000000      	0.596629
410.000000      	0.597136
411.000000      	0.597615
412.000000      	0.598091
413.000000      	0.598586
414.000000      	0.599104
415.000000      	0.599523
416.000000      	0.600008
417.000000      	0.600484
418.000000      	0.600948
419.000000      	0.601439
420.000000      	0.601858
421.000000      	0.602300
422.000000      	0.602718
423.000000      	0.603173
424.000000      	0.603643
425.000000      	0.604107
426.000000      	0.604614
427.000000      	0.605090
428.000000      	0.605536
429.000000      	0.605951
430.000000      	0.606351
431.000000      	0.606769
432.000000      	0.607224
433.000000      	0.607587
434.000000      	0.608005
435.000000      	0.608396
436.000000      	0.608771
437.000000      	0.609254
438.000000      	0.609705
439.000000      	0.610023
440.000000      	0.610462
441.000000      	0.610829
442.000000      	0.611216
443.000000      	0.611641
444.000000      	0.612043
445.000000      	0.612486
446.000000      	0.612883
447.000000      	0.613280
448.000000      	0.613683
449.000000      	0.614082
450.000000      	0.614494
451.000000      	0.614815
452.000000      	0.615175
453.000000      	0.615575
454.000000      	0.615914
455.000000      	0.616240
456.000000      	0.616601
457.000000      	0.616985
458.000000      	0.617321
459.000000      	0.617703
460.000000      	0.618041
461.000000      	0.618414
462.000000      	0.618740
463.000000      	0.619070
464.000000      	0.619476
465.000000      	0.619830
466.000000      	0.620178
467.000000      	0.620563
468.000000      	0.620938
469.000000      	0.621323
470.000000      	0.621713
471.000000      	0.622080
472.000000      	0.622406
473.000000      	0.622773
474.000000      	0.623114
475.000000      	0.623429
476.000000      	0.623823
477.000000      	0.624198
478.000000      	0.624555
479.000000      	0.624931
480.000000      	0.625227
481.000000      	0.625529
482.000000      	0.625904
483.000000      	0.626240
484.000000      	0.626573
485.000000      	0.626930
486.000000      	0.627296
487.000000      	0.627577
488.000000      	0.627904
489.000000      	0.628267
490.000000      	0.628603
491.000000      	0.628920
492.000000      	0.629289
493.000000      	0.629616
494.000000      	0.629973
495.000000      	0.630345
496.000000      	0.630651
497.000000      	0.630974
498.000000      	0.631325
499.000000      	0.631676
500.000000      	0.632049
501.000000      	0.632375
502.000000      	0.632711
503.000000      	0.633010
504.000000      	0.633325
505.000000      	0.633654
506.000000      	0.634036
507.000000      	0.634350
508.000000      	0.634686
509.000000      	0.635058
510.000000      	0.635357
511.000000      	0.635666
512.000000      	0.636011
513.000000      	0.636365
514.000000      	0.636710
515.000000      	0.637042
516.000000      	0.637372
517.000000      	0.637653
518.000000      	0.637970
519.000000      	0.638315
520.000000      	0.638611
521.000000      	0.638932
522.000000      	0.639319
523.000000      	0.639670
524.000000      	0.639976
525.000000      	0.640321
526.000000      	0.640598
527.000000      	0.640888
528.000000      	0.641203
529.000000      	0.641484
530.000000      	0.641819
531.000000      	0.642149
532.000000      	0.642436
533.000000      	0.642769
534.000000      	0.643080
535.000000      	0.643358
536.000000      	0.643611
537.000000      	0.643932
538.000000      	0.644258
539.000000      	0.644606
540.000000      	0.644921
541.000000      	0.645253
542.000000      	0.645580
543.000000      	0.645925
544.000000      	0.646261
545.000000      	0.646538
546.000000      	0.646880
547.000000      	0.647222
548.000000      	0.647533
549.000000      	0.647891
550.000000      	0.648260
551.000000      	0.648586
552.000000      	0.648919
553.000000      	0.649246
554.000000      	0.649569
555.000000      	0.649939
556.000000      	0.650268
557.000000      	0.650552
558.000000      	0.650799
559.000000      	0.651150
560.000000      	0.651450
561.000000      	0.651770
562.000000      	0.652103
563.000000      	0.652457
564.000000      	0.652741
565.000000      	0.653018
566.000000      	0.653333
567.000000      	0.653656
568.000000      	0.653956
569.000000      	0.654267
570.000000      	0.654569
571.000000      	0.654859
572.000000      	0.655125
573.000000      	0.655476
574.000000      	0.655769
575.000000      	0.656104
576.000000      	0.656422
577.000000      	0.656718
578.000000      	0.657026
579.000000      	0.657331
580.000000      	0.657618
581.000000      	0.657908
582.000000      	0.658214
583.000000      	0.658473
584.000000      	0.658797
585.000000      	0.659117
586.000000      	0.659447
587.000000      	0.659743
588.000000      	0.660048
589.000000      	0.660320
590.000000      	0.660613
591.000000      	0.660869
592.000000      	0.661162
593.000000      	0.661535
594.000000      	0.661837
595.000000      	0.662145
596.000000      	0.662487
597.000000      	0.662798
598.000000      	0.663085
599.000000      	0.663448
600.000000      	0.663702
601.000000      	0.663967
602.000000      	0.664297
603.000000      	0.664587
604.000000      	0.664877
605.000000      	0.665240
606.000000      	0.665570
607.000000      	0.665851
608.000000      	0.666147
609.000000      	0.666425
610.000000      	0.666730
611.000000      	0.667032
612.000000      	0.667346
613.000000      	0.667621
614.000000      	0.667887
615.000000      	0.668222
616.000000      	0.668552
617.000000      	0.668854
618.000000      	0.669184
619.000000      	0.669474
620.000000      	0.669770
621.000000      	0.670136
622.000000      	0.670438
623.000000      	0.670762
624.000000      	0.671085
625.000000      	0.671400
626.000000      	0.671699
627.000000      	0.672053
628.000000      	0.672380
629.000000      	0.672691
630.000000      	0.673030
631.000000      	0.673308
632.000000      	0.673604
633.000000      	0.673958
634.000000      	0.674269
635.000000      	0.674547
636.000000      	0.674901
637.000000      	0.675215
638.000000      	0.675508
639.000000      	0.675765
640.000000      	0.676043
641.000000      	0.676323
642.000000      	0.676656
643.000000      	0.676967
644.000000      	0.677288
645.000000      	0.677581
646.000000      	0.677834
647.000000      	0.678167
648.000000      	0.678484
649.000000      	0.678808
650.000000      	0.679202
651.000000      	0.679553
652.000000      	0.679861
653.000000      	0.680188
654.000000      	0.680508
655.000000      	0.680829
656.000000      	0.681164
657.000000      	0.681522
658.000000      	0.681839
659.000000      	0.682205
660.000000      	0.682544
661.000000      	0.682877
662.000000      	0.683188
663.000000      	0.683478
664.000000      	0.683799
665.000000      	0.684180
666.000000      	0.684488
667.000000      	0.684809
668.000000      	0.685148
669.000000      	0.685499
670.000000      	0.685816
671.000000      	0.686103
672.000000      	0.686445
673.000000      	0.686720
674.000000      	0.687043
675.000000      	0.687349
676.000000      	0.687690
677.000000      	0.688017
678.000000      	0.688395
679.000000      	0.688701
680.000000      	0.688997
681.000000      	0.689323
682.000000      	0.689656
683.000000      	0.689913
684.000000      	0.690178
685.000000      	0.690480
686.000000      	0.690755
687.000000      	0.691094
688.000000      	0.691445
689.000000      	0.691726
690.000000      	0.692055
691.000000      	0.692437
692.000000      	0.692745
693.000000      	0.693127
694.000000      	0.693459
695.000000      	0.693832
696.000000      	0.694280
697.000000      	0.694631
698.000000      	0.694934
699.000000      	0.695254
700.000000      	0.695581
701.000000      	0.695874
702.000000      	0.696094
703.000000      	0.696374
704.000000      	0.696710
705.000000      	0.697034
706.000000      	0.697281
707.000000      	0.697632
708.000000      	0.697943
709.000000      	0.698273
710.000000      	0.698609
711.000000      	0.698914
712.000000      	0.699231
713.000000      	0.699555
714.000000      	0.699903
715.000000      	0.700242
716.000000      	0.700608
717.000000      	0.700892
718.000000      	0.701222
719.000000      	0.701539
720.000000      	0.701908
721.000000      	0.702284
722.000000      	0.702568
723.000000      	0.702946
724.000000      	0.703276
725.000000      	0.703639
726.000000      	0.703953
727.000000      	0.704295
728.000000      	0.704604
729.000000      	0.704900
730.000000      	0.705211
731.000000      	0.705553
732.000000      	0.705919
733.000000      	0.706215
734.000000      	0.706548
735.000000      	0.706908
736.000000      	0.707229
737.000000      	0.707583
738.000000      	0.707909
739.000000      	0.708263
740.000000      	0.708593
741.000000      	0.708910
742.000000      	0.709249
743.000000      	0.709536
744.000000      	0.709903
745.000000      	0.710220
746.000000      	0.710550
747.000000      	0.710891
748.000000      	0.711215
749.000000      	0.711529
750.000000      	0.711883
751.000000      	0.712198
752.000000      	0.712524
753.000000      	0.712909
754.000000      	0.713278
755.000000      	0.713605
756.000000      	0.713993
757.000000      	0.714270
758.000000      	0.714618
759.000000      	0.714948
760.000000      	0.715336
761.000000      	0.715696
762.000000      	0.716038
763.000000      	0.716383
764.000000      	0.716807
765.000000      	0.717143
766.000000      	0.717485
767.000000      	0.717744
768.000000      	0.718089
769.000000      	0.718443
770.000000      	0.718794
771.000000      	0.719124
772.000000      	0.719447
773.000000      	0.719814
774.000000      	0.720180
775.000000      	0.720546
776.000000      	0.720851
777.000000      	0.721218
778.000000      	0.721596
779.000000      	0.721956
780.000000      	0.722243
781.000000      	0.722536
782.000000      	0.722903
783.000000      	0.723272
784.000000      	0.723653
785.000000      	0.724035
786.000000      	0.724371
787.000000      	0.724734
788.000000      	0.725088
789.000000      	0.725412
790.000000      	0.725808
791.000000      	0.726129
792.000000      	0.726468
793.000000      	0.726868
794.000000      	0.727197
795.000000      	0.727509
796.000000      	0.727847
797.000000      	0.728183
798.000000      	0.728565
799.000000      	0.728931
800.000000      	0.729285
801.000000      	0.729633
802.000000      	0.729990
803.000000      	0.730399
804.000000      	0.730723
805.000000      	0.731055
806.000000      	0.731413
807.000000      	0.731782
808.000000      	0.732148
809.000000      	0.732508
810.000000      	0.732875
811.000000      	0.733201
812.000000      	0.733531
813.000000      	0.733906
814.000000      	0.734209
815.000000      	0.734544
816.000000      	0.734932
817.000000      	0.735295
818.000000      	0.735622
819.000000      	0.735927
820.000000      	0.736278
821.000000      	0.736669
822.000000      	0.737020
823.000000      	0.737319
824.000000      	0.737664
825.000000      	0.738039
826.000000      	0.738375
827.000000      	0.738726
828.000000      	0.739044
829.000000      	0.739343
830.000000      	0.739709
831.000000      	0.740039
832.000000      	0.740408
833.000000      	0.740722
834.000000      	0.741101
835.000000      	0.741360
836.000000      	0.741739
837.000000      	0.742032
838.000000      	0.742352
839.000000      	0.742667
840.000000      	0.743021
841.000000      	0.743338
842.000000      	0.743665
843.000000      	0.744004
844.000000      	0.744358
845.000000      	0.744660
846.000000      	0.745054
847.000000      	0.745392
848.000000      	0.745716
849.000000      	0.746061
850.000000      	0.746381
851.000000      	0.746705
852.000000      	0.747038
853.000000      	0.747386
854.000000      	0.747734
855.000000      	0.748005
856.000000      	0.748304
857.000000      	0.748634
858.000000      	0.749013
859.000000      	0.749351
860.000000      	0.749672
861.000000      	0.750050
862.000000      	0.750368
863.000000      	0.750701
864.000000      	0.751039
865.000000      	0.751326
866.000000      	0.751659
867.000000      	0.751928
868.000000      	0.752224
869.000000      	0.752599
870.000000      	0.752935
871.000000      	0.753210
872.000000      	0.753545
873.000000      	0.753869
874.000000      	0.754168
875.000000      	0.754550
876.000000      	0.754904
877.000000      	0.755300
878.000000      	0.755584
879.000000      	0.755926
880.000000      	0.756247
881.000000      	0.756527
882.000000      	0.756872
883.000000      	0.757184
884.000000      	0.757471
885.000000      	0.757785
886.000000      	0.758115
887.000000      	0.758460
888.000000      	0.758792
889.000000      	0.759088
890.000000      	0.759412
891.000000      	0.759754
892.000000      	0.760053
893.000000      	0.760395
894.000000      	0.760706
895.000000      	0.761027
896.000000      	0.761323
897.000000      	0.761625
898.000000      	0.761906
899.000000      	0.762223
900.000000      	0.762535
901.000000      	0.762873
902.000000      	0.763139
903.000000      	0.763469
904.000000      	0.763844
905.000000      	0.764140
906.000000      	0.764473
907.000000      	0.764711
908.000000      	0.765013
909.000000      	0.765321
910.000000      	0.765617
911.000000      	0.765898
912.000000      	0.766200
913.000000      	0.766527
914.000000      	0.766872
915.000000      	0.767189
916.000000      	0.767510
917.000000      	0.767800
918.000000      	0.768069
919.000000      	0.768362
920.000000      	0.768645
921.000000      	0.768960
922.000000      	0.769283
923.000000      	0.769610
924.000000      	0.769924
925.000000      	0.770260
926.000000      	0.770547
927.000000      	0.770886
928.000000      	0.771176
929.000000      	0.771441
930.000000      	0.771707
931.000000      	0.772006
932.000000      	0.772330
933.000000      	0.772623
934.000000      	0.772897
935.000000      	0.773200
936.000000      	0.773496
937.000000      	0.773731
938.000000      	0.774036
939.000000      	0.774308
940.000000      	0.774585
941.000000      	0.774823
942.000000      	0.775104
943.000000      	0.775419
944.000000      	0.775672
945.000000      	0.775989
946.000000      	0.776270
947.000000      	0.776588
948.000000      	0.776893
949.000000      	0.777195
950.000000      	0.777461
951.000000      	0.777766
952.000000      	0.778035
953.000000      	0.778334
954.000000      	0.778630
955.000000      	0.778926
956.000000      	0.779216
957.000000      	0.779518
958.000000      	0.779787
959.000000      	0.780070
960.000000      	0.780336
961.000000      	0.780611
962.000000      	0.780879
963.000000      	0.781169
964.000000      	0.781423
965.000000      	0.781694
966.000000      	0.781939
967.000000      	0.782155
968.000000      	0.782476
969.000000      	0.782699
970.000000      	0.782989
971.000000      	0.783272
972.000000      	0.783541
973.000000      	0.783828
974.000000      	0.784148
975.000000      	0.784377
976.000000      	0.784634
977.000000      	0.784854
978.000000      	0.785128
979.000000      	0.785379
980.000000      	0.785632
981.000000      	0.785907
982.000000      	0.786190
983.000000      	0.786422
984.000000      	0.786673
985.000000      	0.786938
986.000000      	0.787219
987.000000      	0.787445
988.000000      	0.787698
989.000000      	0.787967
990.000000      	0.788220
991.000000      	0.788471
992.000000      	0.788751
993.000000      	0.789029
994.000000      	0.789270
995.000000      	0.789548
996.000000      	0.789847
997.000000      	0.790073
998.000000      	0.790372
999.000000      	0.790638
1000.000000     	0.790940
1001.000000     	0.791233
1002.000000     	0.791434
1003.000000     	0.791679
1004.000000     	0.791938
1005.000000     	0.792191
1006.000000     	0.792466
1007.000000     	0.792689
1008.000000     	0.792924
1009.000000     	0.793141
1010.000000     	0.793385
1011.000000     	0.793620
1012.000000     	0.793873
1013.000000     	0.794102
1014.000000     	0.794307
1015.000000     	0.794511
1016.000000     	0.794752
1017.000000     	0.794936
1018.000000     	0.795155
1019.000000     	0.795387
1020.000000     	0.795638
1021.000000     	0.795839
1022.000000     	0.796123
1023.000000     	0.796346
1024.000000     	0.796550
1025.000000     	0.796736
1026.000000     	0.796959
1027.000000     	0.797158
1028.000000     	0.797359
1029.000000     	0.797564
1030.000000     	0.797762
1031.000000     	0.798037
1032.000000     	0.798247
1033.000000     	0.798492
1034.000000     	0.798699
1035.000000     	0.798955
1036.000000     	0.799166
1037.000000     	0.799380
1038.000000     	0.799615
1039.000000     	0.799810
1040.000000     	0.799990
1041.000000     	0.800237
1042.000000     	0.800421
1043.000000     	0.800640
1044.000000     	0.800888
1045.000000     	0.801083
1046.000000     	0.801303
1047.000000     	0.801535
1048.000000     	0.801755
1049.000000     	0.801993
1050.000000     	0.802252
1051.000000     	0.802444
1052.000000     	0.802710
1053.000000     	0.802957
1054.000000     	0.803201
1055.000000     	0.803388
1056.000000     	0.803580
1057.000000     	0.803787
1058.000000     	0.803974
1059.000000     	0.804151
1060.000000     	0.804410
1061.000000     	0.804596
1062.000000     	0.804840
1063.000000     	0.805036
1064.000000     	0.805262
1065.000000     	0.805448
1066.000000     	0.805604
1067.000000     	0.805796
1068.000000     	0.806031
1069.000000     	0.806220
1070.000000     	0.806434
1071.000000     	0.806626
1072.000000     	0.806846
1073.000000     	0.807044
1074.000000     	0.807264
1075.000000     	0.807450
1076.000000     	0.807704
1077.000000     	0.807951
1078.000000     	0.808100
1079.000000     	0.808247
1080.000000     	0.808430
1081.000000     	0.808619
1082.000000     	0.808854
1083.000000     	0.809053
1084.000000     	0.809239
1085.000000     	0.809471
1086.000000     	0.809660
1087.000000     	0.809825
1088.000000     	0.809999
1089.000000     	0.810179
1090.000000     	0.810414
1091.000000     	0.810594
1092.000000     	0.810793
1093.000000     	0.810967
1094.000000     	0.811171
1095.000000     	0.811400
1096.000000     	0.811586
1097.000000     	0.811806
1098.000000     	0.812047
1099.000000     	0.812273
1100.000000     	0.812477
1101.000000     	0.812667
1102.000000     	0.812893
1103.000000     	0.813094
1104.000000     	0.813277
1105.000000     	0.813460
1106.000000     	0.813653
1107.000000     	0.813811
1108.000000     	0.814025
1109.000000     	0.814205
1110.000000     	0.814410
1111.000000     	0.814590
1112.000000     	0.814785
1113.000000     	0.814965
1114.000000     	0.815157
1115.000000     	0.815304
1116.000000     	0.815493
1117.000000     	0.815649
1118.000000     	0.815875
1119.000000     	0.816067
1120.000000     	0.816253
1121.000000     	0.816424
1122.000000     	0.816620
1123.000000     	0.816809
1124.000000     	0.816986
1125.000000     	0.817163
1126.000000     	0.817325
1127.000000     	0.817502
1128.000000     	0.817679
1129.000000     	0.817850
1130.000000     	0.818024
1131.000000     	0.818204
1132.000000     	0.818366
1133.000000     	0.818570
1134.000000     	0.818781
1135.000000     	0.818964
1136.000000     	0.819119
1137.000000     	0.819327
1138.000000     	0.819538
1139.000000     	0.819699
1140.000000     	0.819883
1141.000000     	0.820053
1142.000000     	0.820237
1143.000000     	0.820475
1144.000000     	0.820630
1145.000000     	0.820801
1146.000000     	0.820969
1147.000000     	0.821189
1148.000000     	0.821409
1149.000000     	0.821558
1150.000000     	0.821732
1151.000000     	0.821925
1152.000000     	0.822099
1153.000000     	0.822282
1154.000000     	0.822520
1155.000000     	0.822682
1156.000000     	0.822892
1157.000000     	0.823088
1158.000000     	0.823280
1159.000000     	0.823490
1160.000000     	0.823613
1161.000000     	0.823747
1162.000000     	0.823903
1163.000000     	0.824092
1164.000000     	0.824275
1165.000000     	0.824482
1166.000000     	0.824678
1167.000000     	0.824830
1168.000000     	0.825050
1169.000000     	0.825194
1170.000000     	0.825349
1171.000000     	0.825526
1172.000000     	0.825694
1173.000000     	0.825853
1174.000000     	0.826070
1175.000000     	0.826241
1176.000000     	0.826405
1177.000000     	0.826525
1178.000000     	0.826689
1179.000000     	0.826869
1180.000000     	0.827043
1181.000000     	0.827233
1182.000000     	0.827394
1183.000000     	0.827590
1184.000000     	0.827797
1185.000000     	0.827977
1186.000000     	0.828154
1187.000000     	0.828341
1188.000000     	0.828521
1189.000000     	0.828679
1190.000000     	0.828860
1191.000000     	0.829046
1192.000000     	0.829198
1193.000000     	0.829388
1194.000000     	0.829574
1195.000000     	0.829745
1196.000000     	0.829937
1197.000000     	0.830093
1198.000000     	0.830273
1199.000000     	0.830486
1200.000000     	0.830722
1201.000000     	0.830896
1202.000000     	0.831091
1203.000000     	0.831240
1204.000000     	0.831430
1205.000000     	0.831564
1206.000000     	0.831729
1207.000000     	0.831915
1208.000000     	0.832062
1209.000000     	0.832223
1210.000000     	0.832394
1211.000000     	0.832568
1212.000000     	0.832733
1213.000000     	0.832941
1214.000000     	0.833108
1215.000000     	0.833316
1216.000000     	0.833453
1217.000000     	0.833661
1218.000000     	0.833829
1219.000000     	0.833963
1220.000000     	0.834128
1221.000000     	0.834329
1222.000000     	0.834488
1223.000000     	0.834687
1224.000000     	0.834857
1225.000000     	0.835038
1226.000000     	0.835230
1227.000000     	0.835382
1228.000000     	0.835566
1229.000000     	0.835734
1230.000000     	0.835917
1231.000000     	0.836078
1232.000000     	0.836262
1233.000000     	0.836445
1234.000000     	0.836640
1235.000000     	0.836808
1236.000000     	0.836948
1237.000000     	0.837141
1238.000000     	0.837260
1239.000000     	0.837452
1240.000000     	0.837660
1241.000000     	0.837800
1242.000000     	0.837986
1243.000000     	0.838157
1244.000000     	0.838407
1245.000000     	0.838545
1246.000000     	0.838734
1247.000000     	0.838865
1248.000000     	0.839030
1249.000000     	0.839238
1250.000000     	0.839433
1251.000000     	0.839631
1252.000000     	0.839787
1253.000000     	0.839958
1254.000000     	0.840120
1255.000000     	0.840303
1256.000000     	0.840489
1257.000000     	0.840654
1258.000000     	0.840819
1259.000000     	0.841002
1260.000000     	0.841170
1261.000000     	0.841322
1262.000000     	0.841524
1263.000000     	0.841689
1264.000000     	0.841832
1265.000000     	0.842003
1266.000000     	0.842192
1267.000000     	0.842385
1268.000000     	0.842568
1269.000000     	0.842736
1270.000000     	0.842962
1271.000000     	0.843148
1272.000000     	0.843334
1273.000000     	0.843520
1274.000000     	0.843712
1275.000000     	0.843862
1276.000000     	0.844039
1277.000000     	0.844186
1278.000000     	0.844356
1279.000000     	0.844503
1280.000000     	0.844677
1281.000000     	0.844839
1282.000000     	0.845037
1283.000000     	0.845196
1284.000000     	0.845410
1285.000000     	0.845602
1286.000000     	0.845806
1287.000000     	0.845956
1288.000000     	0.846118
1289.000000     	0.846283
1290.000000     	0.846472
1291.000000     	0.846615
1292.000000     	0.846795
1293.000000     	0.846963
1294.000000     	0.847180
1295.000000     	0.847369
1296.000000     	0.847531
1297.000000     	0.847711
1298.000000     	0.847894
1299.000000     	0.848080
1300.000000     	0.848233
1301.000000     	0.848422
1302.000000     	0.848569
1303.000000     	0.848752
1304.000000     	0.848932
1305.000000     	0.849112
1306.000000     	0.849289
1307.000000     	0.849442
1308.000000     	0.849646
1309.000000     	0.849811
1310.000000     	0.850000
1311.000000     	0.850199
1312.000000     	0.850382
1313.000000     	0.850574
1314.000000     	0.850724
1315.000000     	0.850931
1316.000000     	0.851127
1317.000000     	0.851325
1318.000000     	0.851508
1319.000000     	0.851661
1320.000000     	0.851847
1321.000000     	0.852015
1322.000000     	0.852164
1323.000000     	0.852326
1324.000000     	0.852482
1325.000000     	0.852644
1326.000000     	0.852818
1327.000000     	0.852992
1328.000000     	0.853160
1329.000000     	0.853330
1330.000000     	0.853483
1331.000000     	0.853633
1332.000000     	0.853764
1333.000000     	0.853971
1334.000000     	0.854142
1335.000000     	0.854283
1336.000000     	0.854451
1337.000000     	0.854637
1338.000000     	0.854844
1339.000000     	0.855015
1340.000000     	0.855180
1341.000000     	0.855351
1342.000000     	0.855513
1343.000000     	0.855675
1344.000000     	0.855821
1345.000000     	0.855983
1346.000000     	0.856142
1347.000000     	0.856297
1348.000000     	0.856447
1349.000000     	0.856606
1350.000000     	0.856798
1351.000000     	0.856969
1352.000000     	0.857155
1353.000000     	0.857289
1354.000000     	0.857479
1355.000000     	0.857634
1356.000000     	0.857827
1357.000000     	0.857973
1358.000000     	0.858150
1359.000000     	0.858303
1360.000000     	0.858471
1361.000000     	0.858611
1362.000000     	0.858748
1363.000000     	0.858901
1364.000000     	0.859048
1365.000000     	0.859200
1366.000000     	0.859368
1367.000000     	0.859560
1368.000000     	0.859704
1369.000000     	0.859899
1370.000000     	0.860040
1371.000000     	0.860214
1372.000000     	0.860418
1373.000000     	0.860586
1374.000000     	0.860739
1375.000000     	0.860928
1376.000000     	0.861071
1377.000000     	0.861254
1378.000000     	0.861404
1379.000000     	0.861596
1380.000000     	0.861752
1381.000000     	0.861950
1382.000000     	0.862170
1383.000000     	0.862332
1384.000000     	0.862488
1385.000000     	0.862668
1386.000000     	0.862845
1387.000000     	0.863013
1388.000000     	0.863165
1389.000000     	0.863345
1390.000000     	0.863528
1391.000000     	0.863675
1392.000000     	0.863858
1393.000000     	0.864017
1394.000000     	0.864169
1395.000000     	0.864331
1396.000000     	0.864523
1397.000000     	0.864676
1398.000000     	0.864835
1399.000000     	0.865000
1400.000000     	0.865161
1401.000000     	0.865332
1402.000000     	0.865467
1403.000000     	0.865653
1404.000000     	0.865833
1405.000000     	0.866001
1406.000000     	0.866193
1407.000000     	0.866370
1408.000000     	0.866562
1409.000000     	0.866709
1410.000000     	0.866889
1411.000000     	0.867081
1412.000000     	0.867283
1413.000000     	0.867469
1414.000000     	0.867612
1415.000000     	0.867805
1416.000000     	0.867967
1417.000000     	0.868144
1418.000000     	0.868333
1419.000000     	0.868467
1420.000000     	0.868653
1421.000000     	0.868824
1422.000000     	0.868965
1423.000000     	0.869145
1424.000000     	0.869300
1425.000000     	0.869432
1426.000000     	0.869575
1427.000000     	0.869725
1428.000000     	0.869899
1429.000000     	0.870048
1430.000000     	0.870189
1431.000000     	0.870341
1432.000000     	0.870485
1433.000000     	0.870656
1434.000000     	0.870830
1435.000000     	0.870998
1436.000000     	0.871178
1437.000000     	0.871333
1438.000000     	0.871495
1439.000000     	0.871681
1440.000000     	0.871855
1441.000000     	0.872020
1442.000000     	0.872203
1443.000000     	0.872319
1444.000000     	0.872469
1445.000000     	0.872646
1446.000000     	0.872820
1447.000000     	0.872954
1448.000000     	0.873079
1449.000000     	0.873235
1450.000000     	0.873446
1451.000000     	0.873610
1452.000000     	0.873763
1453.000000     	0.873894
1454.000000     	0.874047
1455.000000     	0.874209
1456.000000     	0.874410
1457.000000     	0.874575
1458.000000     	0.874721
1459.000000     	0.874883
1460.000000     	0.875024
1461.000000     	0.875152
1462.000000     	0.875311
1463.000000     	0.875475
1464.000000     	0.875634
1465.000000     	0.875778
1466.000000     	0.875909
1467.000000     	0.876046
1468.000000     	0.876275
1469.000000     	0.876394
1470.000000     	0.876559
1471.000000     	0.876715
1472.000000     	0.876883
1473.000000     	0.877029
1474.000000     	0.877185
1475.000000     	0.877319
1476.000000     	0.877493
1477.000000     	0.877615
1478.000000     	0.877810
1479.000000     	0.877981
1480.000000     	0.878155
1481.000000     	0.878296
1482.000000     	0.878439
1483.000000     	0.878564
1484.000000     	0.878693
1485.000000     	0.878839
1486.000000     	0.878980
1487.000000     	0.879138
1488.000000     	0.879270
1489.000000     	0.879443
1490.000000     	0.879624
1491.000000     	0.879761
1492.000000     	0.879904
1493.000000     	0.880042
1494.000000     	0.880173
1495.000000     	0.880387
1496.000000     	0.880484
1497.000000     	0.880628
1498.000000     	0.880744
1499.000000     	0.880854
1500.000000     	0.880976
1501.000000     	0.881122
1502.000000     	0.881284
1503.000000     	0.881424
1504.000000     	0.881571
1505.000000     	0.881672
1506.000000     	0.881843
1507.000000     	0.881995
1508.000000     	0.882130
1509.000000     	0.882276
1510.000000     	0.882450
1511.000000     	0.882590
1512.000000     	0.882694
1513.000000     	0.882813
1514.000000     	0.882945
1515.000000     	0.883106
1516.000000     	0.883241
1517.000000     	0.883378
1518.000000     	0.883534
1519.000000     	0.883720
1520.000000     	0.883845
1521.000000     	0.883982
1522.000000     	0.884153
1523.000000     	0.884303
1524.000000     	0.884443
1525.000000     	0.884550
1526.000000     	0.884700
1527.000000     	0.884846
1528.000000     	0.884980
1529.000000     	0.885087
1530.000000     	0.885228
1531.000000     	0.885359
1532.000000     	0.885490
1533.000000     	0.885631
1534.000000     	0.885783
1535.000000     	0.885939
1536.000000     	0.886089
1537.000000     	0.886250
1538.000000     	0.886403
1539.000000     	0.886522
1540.000000     	0.886668
1541.000000     	0.886830
1542.000000     	0.886965
1543.000000     	0.887126
1544.000000     	0.887270
1545.000000     	0.887444
1546.000000     	0.887581
1547.000000     	0.887703
1548.000000     	0.887838
1549.000000     	0.887947
1550.000000     	0.888094
1551.000000     	0.888207
1552.000000     	0.888350
1553.000000     	0.888472
1554.000000     	0.888613
1555.000000     	0.888765
1556.000000     	0.888863
1557.000000     	0.888973
1558.000000     	0.889086
1559.000000     	0.889187
1560.000000     	0.889303
1561.000000     	0.889419
1562.000000     	0.889516
1563.000000     	0.889657
1564.000000     	0.889770
1565.000000     	0.889925
1566.000000     	0.890032
1567.000000     	0.890182
1568.000000     	0.890304
1570.000000     	0.890502
1571.000000     	0.890630
1572.000000     	0.890753
1573.000000     	0.890905
1574.000000     	0.891030
1575.000000     	0.891177
1576.000000     	0.891323
1577.000000     	0.891458
1578.000000     	0.891568
1579.000000     	0.891687
1580.000000     	0.891821
1581.000000     	0.891958
1582.000000     	0.892105
1583.000000     	0.892209
1584.000000     	0.892306
1585.000000     	0.892480
1586.000000     	0.892581
1587.000000     	0.892706
1588.000000     	0.892837
1589.000000     	0.892966
1590.000000     	0.893088
1591.000000     	0.893237
1592.000000     	0.893399
1593.000000     	0.893524
1594.000000     	0.893668
1595.000000     	0.893796
1596.000000     	0.893915
1597.000000     	0.894046
1598.000000     	0.894235
1599.000000     	0.894397
1600.000000     	0.894507
1601.000000     	0.894632
1602.000000     	0.894766
1603.000000     	0.894904
1604.000000     	0.895062
1605.000000     	0.895197
1606.000000     	0.895337
1607.000000     	0.895465
1608.000000     	0.895606
1609.000000     	0.895740
1610.000000     	0.895899
1611.000000     	0.895993
1612.000000     	0.896146
1613.000000     	0.896311
1614.000000     	0.896436
1615.000000     	0.896586
1616.000000     	0.896714
1617.000000     	0.896821
1618.000000     	0.896949
1619.000000     	0.897056
1620.000000     	0.897181
1621.000000     	0.897327
1622.000000     	0.897459
1623.000000     	0.897593
1624.000000     	0.897703
1625.000000     	0.897810
1626.000000     	0.897938
1627.000000     	0.898072
1628.000000     	0.898234
1629.000000     	0.898359
1630.000000     	0.898496
1631.000000     	0.898609
1632.000000     	0.898725
1633.000000     	0.898884
1634.000000     	0.898994
1635.000000     	0.899113
1636.000000     	0.899223
1637.000000     	0.899348
1638.000000     	0.899467
1639.000000     	0.899607
1640.000000     	0.899702
1641.000000     	0.899830
1642.000000     	0.899931
1643.000000     	0.900065
1644.000000     	0.900224
1645.000000     	0.900349
1646.000000     	0.900453
1647.000000     	0.900572
1648.000000     	0.900688
1649.000000     	0.900810
1650.000000     	0.900944
1651.000000     	0.901045
1652.000000     	0.901170
1653.000000     	0.901265
1654.000000     	0.901387
1655.000000     	0.901491
1656.000000     	0.901637
1657.000000     	0.901802
1658.000000     	0.901912
1659.000000     	0.902052
1660.000000     	0.902168
1661.000000     	0.902309
1662.000000     	0.902425
1663.000000     	0.902562
1664.000000     	0.902681
1665.000000     	0.902834
1666.000000     	0.902947
1667.000000     	0.903090
1668.000000     	0.903255
1669.000000     	0.903368
1670.000000     	0.903478
1671.000000     	0.903579
1672.000000     	0.903698
1673.000000     	0.903783
1674.000000     	0.903896
1675.000000     	0.904009
1676.000000     	0.904149
1677.000000     	0.904250
1678.000000     	0.904357
1679.000000     	0.904479
1680.000000     	0.904592
1681.000000     	0.904693
1682.000000     	0.904796
1683.000000     	0.904894
1684.000000     	0.905010
1685.000000     	0.905157
1686.000000     	0.905264
1687.000000     	0.905370
1688.000000     	0.905468
1689.000000     	0.905593
1690.000000     	0.905712
1691.000000     	0.905819
1692.000000     	0.905908
1693.000000     	0.906011
1694.000000     	0.906161
1695.000000     	0.906252
1696.000000     	0.906341
1697.000000     	0.906478
1698.000000     	0.906585
1699.000000     	0.906686
1700.000000     	0.906799
1701.000000     	0.906921
1702.000000     	0.907016
1704.000000     	0.907208
1706.000000     	0.907428
1707.000000     	0.907528
1708.000000     	0.907647
1709.000000     	0.907788
1710.000000     	0.907892
1711.000000     	0.907986
1712.000000     	0.908099
1713.000000     	0.908200
1714.000000     	0.908313
1715.000000     	0.908423
1716.000000     	0.908520
1717.000000     	0.908642
1718.000000     	0.908737
1719.000000     	0.908838
1720.000000     	0.908963
1721.000000     	0.909097
1722.000000     	0.909195
1723.000000     	0.909308
1724.000000     	0.909415
1725.000000     	0.909512
1726.000000     	0.909647
1727.000000     	0.909744
1728.000000     	0.909839
1729.000000     	0.909931
1730.000000     	0.910050
1731.000000     	0.910187
1732.000000     	0.910260
1733.000000     	0.910324
1734.000000     	0.910410
1735.000000     	0.910523
1736.000000     	0.910614
1737.000000     	0.910715
1738.000000     	0.910825
1739.000000     	0.910917
1740.000000     	0.911029
1741.000000     	0.911158
1742.000000     	0.911289
1743.000000     	0.911384
1744.000000     	0.911472
1745.000000     	0.911570
1746.000000     	0.911646
1747.000000     	0.911759
1748.000000     	0.911857
1749.000000     	0.911954
1750.000000     	0.912089
1751.000000     	0.912211
1752.000000     	0.912305
1753.000000     	0.912409
1755.000000     	0.912586
1756.000000     	0.912678
1757.000000     	0.912769
1758.000000     	0.912907
1759.000000     	0.913020
1761.000000     	0.913206
1762.000000     	0.913322
1763.000000     	0.913404
1765.000000     	0.913587
1766.000000     	0.913682
1767.000000     	0.913764
1768.000000     	0.913871
1769.000000     	0.913963
1770.000000     	0.914048
1771.000000     	0.914173
1772.000000     	0.914259
1773.000000     	0.914360
1774.000000     	0.914485
1775.000000     	0.914582
1776.000000     	0.914701
1777.000000     	0.914808
1778.000000     	0.914918
1779.000000     	0.915016
1781.000000     	0.915147
1782.000000     	0.915230
1783.000000     	0.915318
1784.000000     	0.915416
1785.000000     	0.915523
1786.000000     	0.915620
1787.000000     	0.915733
1788.000000     	0.915858
1789.000000     	0.915965
1790.000000     	0.916087
1791.000000     	0.916179
1792.000000     	0.916255
1793.000000     	0.916325
1794.000000     	0.916402
1795.000000     	0.916527
1796.000000     	0.916621
1798.000000     	0.916789
1799.000000     	0.916887
1800.000000     	0.916972
1801.000000     	0.917079
1802.000000     	0.917149
1803.000000     	0.917250
1804.000000     	0.917333
1805.000000     	0.917421
1806.000000     	0.917504
1807.000000     	0.917623
1808.000000     	0.917708
1810.000000     	0.917867
1811.000000     	0.917961
1812.000000     	0.918068
1813.000000     	0.918172
1814.000000     	0.918245
1815.000000     	0.918312
1817.000000     	0.918486
1818.000000     	0.918587
1819.000000     	0.918703
1821.000000     	0.918865
1822.000000     	0.918938
1823.000000     	0.919018
1825.000000     	0.919179
1826.000000     	0.919292
1827.000000     	0.919405
1829.000000     	0.919594
1830.000000     	0.919695
1831.000000     	0.919811
1833.000000     	0.919973
1834.000000     	0.920058
1835.000000     	0.920171
1836.000000     	0.920238
1837.000000     	0.920327
1838.000000     	0.920412
1840.000000     	0.920568
1841.000000     	0.920666
1842.000000     	0.920748
1843.000000     	0.920818
1845.000000     	0.920971
1846.000000     	0.921041
1847.000000     	0.921127
1848.000000     	0.921218
1849.000000     	0.921316
1851.000000     	0.921456
1852.000000     	0.921557
1853.000000     	0.921646
1854.000000     	0.921731
1855.000000     	0.921801
1857.000000     	0.921957
1858.000000     	0.922045
1859.000000     	0.922168
1860.000000     	0.922287
1861.000000     	0.922378
1862.000000     	0.922464
1863.000000     	0.922549
1864.000000     	0.922628
1865.000000     	0.922708
1867.000000     	0.922842
1868.000000     	0.922952
1869.000000     	0.923047
1870.000000     	0.923117
1871.000000     	0.923215
1872.000000     	0.923303
1874.000000     	0.923453
1875.000000     	0.923526
1876.000000     	0.923614
1878.000000     	0.923773
1879.000000     	0.923837
1880.000000     	0.923926
1881.000000     	0.924036
1882.000000     	0.924145
1883.000000     	0.924200
1885.000000     	0.924356
1886.000000     	0.924435
1887.000000     	0.924512
1889.000000     	0.924670
1890.000000     	0.924759
1891.000000     	0.924817
1893.000000     	0.924976
1894.000000     	0.925055
1895.000000     	0.925125
1896.000000     	0.925241
1897.000000     	0.925342
1898.000000     	0.925421
1899.000000     	0.925507
1901.000000     	0.925687
1902.000000     	0.925766
1903.000000     	0.925833
1904.000000     	0.925925
1905.000000     	0.926001
1907.000000     	0.926178
1908.000000     	0.926258
1909.000000     	0.926307
1911.000000     	0.926450
1912.000000     	0.926526
1913.000000     	0.926612
1915.000000     	0.926780
1916.000000     	0.926887
1917.000000     	0.926948
1918.000000     	0.927021
1920.000000     	0.927161
1921.000000     	0.927225
1923.000000     	0.927341
1924.000000     	0.927415
1925.000000     	0.927503
1927.000000     	0.927625
1928.000000     	0.927711
1930.000000     	0.927854
1931.000000     	0.927927
1932.000000     	0.928022
1933.000000     	0.928107
1935.000000     	0.928266
1936.000000     	0.928361
1937.000000     	0.928422
1939.000000     	0.928529
1941.000000     	0.928678
1942.000000     	0.928752
1943.000000     	0.928837
1944.000000     	0.928913
1946.000000     	0.929072
1947.000000     	0.929148
1948.000000     	0.929209
1950.000000     	0.929347
1951.000000     	0.929411
1953.000000     	0.929573
1954.000000     	0.929658
1955.000000     	0.929750
1956.000000     	0.929811
1958.000000     	0.929939
1959.000000     	0.930030
1960.000000     	0.930122
1962.000000     	0.930256
1963.000000     	0.930327
1965.000000     	0.930470
1966.000000     	0.930531
1967.000000     	0.930623
1969.000000     	0.930745
1970.000000     	0.930845
1971.000000     	0.930903
1973.000000     	0.931065
1974.000000     	0.931126
1976.000000     	0.931254
1977.000000     	0.931325
1978.000000     	0.931401
1980.000000     	0.931535
1981.000000     	0.931618
1983.000000     	0.931755
1984.000000     	0.931807
1986.000000     	0.931938
1987.000000     	0.932005
1989.000000     	0.932124
1991.000000     	0.932253
1992.000000     	0.932338
1994.000000     	0.932454
1995.000000     	0.932515
1997.000000     	0.932640
1998.000000     	0.932704
2000.000000     	0.932808
2002.000000     	0.932918
2004.000000     	0.933034
2005.000000     	0.933123
2007.000000     	0.933254
2008.000000     	0.933330
2010.000000     	0.933467
2011.000000     	0.933532
2013.000000     	0.933632
2015.000000     	0.933751
2016.000000     	0.933815
2018.000000     	0.933968
2019.000000     	0.934035
2020.000000     	0.934105
2022.000000     	0.934243
2023.000000     	0.934301
2025.000000     	0.934426
2027.000000     	0.934572
2028.000000     	0.934633
2029.000000     	0.934713
2031.000000     	0.934865
2032.000000     	0.934930
2033.000000     	0.935009
2035.000000     	0.935122
2036.000000     	0.935232
2037.000000     	0.935305
2039.000000     	0.935424
2041.000000     	0.935537
2043.000000     	0.935622
2045.000000     	0.935760
2046.000000     	0.935833
2048.000000     	0.935952
2049.000000     	0.936001
2051.000000     	0.936105
2053.000000     	0.936221
2055.000000     	0.936349
2057.000000     	0.936465
2058.000000     	0.936541
2059.000000     	0.936608
2061.000000     	0.936755
2062.000000     	0.936804
2064.000000     	0.936938
2066.000000     	0.937057
2067.000000     	0.937112
2070.000000     	0.937262
2071.000000     	0.937316
2073.000000     	0.937487
2074.000000     	0.937545
2075.000000     	0.937600
2077.000000     	0.937713
2079.000000     	0.937838
2081.000000     	0.937933
2083.000000     	0.938083
2084.000000     	0.938162
2086.000000     	0.938235
2088.000000     	0.938327
2090.000000     	0.938428
2091.000000     	0.938501
2093.000000     	0.938611
2095.000000     	0.938714
2097.000000     	0.938888
2098.000000     	0.938943
2100.000000     	0.939044
2101.000000     	0.939114
2103.000000     	0.939236
2105.000000     	0.939331
2106.000000     	0.939404
2108.000000     	0.939526
2110.000000     	0.939661
2111.000000     	0.939758
2112.000000     	0.939804
2114.000000     	0.939923
2116.000000     	0.940027
2117.000000     	0.940103
2119.000000     	0.940204
2121.000000     	0.940332
2123.000000     	0.940436
2125.000000     	0.940567
2126.000000     	0.940634
2128.000000     	0.940772
2129.000000     	0.940836
2131.000000     	0.940930
2133.000000     	0.941037
2134.000000     	0.941108
2136.000000     	0.941224
2138.000000     	0.941315
2140.000000     	0.941413
2142.000000     	0.941523
2144.000000     	0.941623
2146.000000     	0.941721
2148.000000     	0.941825
2150.000000     	0.941953
2152.000000     	0.942042
2154.000000     	0.942151
2155.000000     	0.942203
2157.000000     	0.942319
2159.000000     	0.942432
2160.000000     	0.942512
2162.000000     	0.942646
2163.000000     	0.942704
2165.000000     	0.942817
2167.000000     	0.942936
2168.000000     	0.943009
2170.000000     	0.943122
2172.000000     	0.943232
2174.000000     	0.943311
2176.000000     	0.943409
2178.000000     	0.943549
2179.000000     	0.943607
2182.000000     	0.943745
2183.000000     	0.943812
2185.000000     	0.943916
2187.000000     	0.944047
2188.000000     	0.944102
2190.000000     	0.944221
2192.000000     	0.944355
2193.000000     	0.944435
2194.000000     	0.944526
2197.000000     	0.944660
2198.000000     	0.944712
2200.000000     	0.944822
2202.000000     	0.944944
2204.000000     	0.945060
2205.000000     	0.945109
2207.000000     	0.945259
2209.000000     	0.945329
2210.000000     	0.945408
2212.000000     	0.945555
2213.000000     	0.945604
2215.000000     	0.945717
2217.000000     	0.945848
2219.000000     	0.945952
2221.000000     	0.946043
2222.000000     	0.946107
2225.000000     	0.946248
2226.000000     	0.946309
2229.000000     	0.946428
2231.000000     	0.946507
2234.000000     	0.946651
2235.000000     	0.946712
2237.000000     	0.946840
2238.000000     	0.946904
2241.000000     	0.947035
2243.000000     	0.947133
2245.000000     	0.947206
2247.000000     	0.947325
2249.000000     	0.947444
2250.000000     	0.947514
2252.000000     	0.947643
2253.000000     	0.947716
2255.000000     	0.947811
2258.000000     	0.947933
2260.000000     	0.948009
2262.000000     	0.948110
2264.000000     	0.948207
2266.000000     	0.948320
2268.000000     	0.948430
2270.000000     	0.948528
2272.000000     	0.948622
2274.000000     	0.948705
2276.000000     	0.948809
2278.000000     	0.948943
2279.000000     	0.949022
2281.000000     	0.949129
2283.000000     	0.949254
2284.000000     	0.949312
2287.000000     	0.949437
2289.000000     	0.949544
2291.000000     	0.949618
2293.000000     	0.949727
2295.000000     	0.949825
2297.000000     	0.949941
2299.000000     	0.950057
2300.000000     	0.950121
2302.000000     	0.950219
2304.000000     	0.950338
2306.000000     	0.950429
2308.000000     	0.950573
2309.000000     	0.950607
2311.000000     	0.950719
2314.000000     	0.950829
2316.000000     	0.950948
2317.000000     	0.951000
2319.000000     	0.951107
2322.000000     	0.951235
2324.000000     	0.951321
2326.000000     	0.951406
2328.000000     	0.951519
2330.000000     	0.951617
2332.000000     	0.951702
2335.000000     	0.951849
2336.000000     	0.951913
2339.000000     	0.952023
2341.000000     	0.952130
2343.000000     	0.952218
2346.000000     	0.952316
2348.000000     	0.952432
2350.000000     	0.952533
2352.000000     	0.952618
2354.000000     	0.952707
2356.000000     	0.952835
2358.000000     	0.952945
2360.000000     	0.953036
2362.000000     	0.953122
2365.000000     	0.953271
2366.000000     	0.953308
2368.000000     	0.953402
2370.000000     	0.953509
2372.000000     	0.953604
2374.000000     	0.953705
2377.000000     	0.953848
2378.000000     	0.953912
2380.000000     	0.954013
2382.000000     	0.954150
2384.000000     	0.954217
2386.000000     	0.954315
2389.000000     	0.954431
2391.000000     	0.954507
2394.000000     	0.954633
2396.000000     	0.954742
2398.000000     	0.954843
2400.000000     	0.954929
2402.000000     	0.955026
2404.000000     	0.955118
2406.000000     	0.955240
2408.000000     	0.955316
2410.000000     	0.955420
2412.000000     	0.955527
2414.000000     	0.955612
2416.000000     	0.955710
2419.000000     	0.955823
2421.000000     	0.955918
2424.000000     	0.956055
2425.000000     	0.956107
2428.000000     	0.956250
2430.000000     	0.956324
2433.000000     	0.956446
2435.000000     	0.956537
2437.000000     	0.956632
2439.000000     	0.956705
2441.000000     	0.956803
2444.000000     	0.956919
2447.000000     	0.957047
2448.000000     	0.957117
2451.000000     	0.957233
2453.000000     	0.957319
2455.000000     	0.957404
2458.000000     	0.957529
2460.000000     	0.957670
2461.000000     	0.957706
2464.000000     	0.957838
2466.000000     	0.957905
2469.000000     	0.958042
2472.000000     	0.958118
2474.000000     	0.958204
2477.000000     	0.958317
2479.000000     	0.958439
2481.000000     	0.958518
2483.000000     	0.958616
2485.000000     	0.958711
2488.000000     	0.958817
2490.000000     	0.958939
2492.000000     	0.959025
2493.000000     	0.959104
2495.000000     	0.959208
2498.000000     	0.959345
2500.000000     	0.959422
2503.000000     	0.959513
2505.000000     	0.959611
2508.000000     	0.959736
2510.000000     	0.959809
2513.000000     	0.959932
2515.000000     	0.960008
2517.000000     	0.960109
2520.000000     	0.960221
2522.000000     	0.960310
2525.000000     	0.960423
2528.000000     	0.960533
2530.000000     	0.960609
2533.000000     	0.960719
2536.000000     	0.960832
2538.000000     	0.960920
2541.000000     	0.961003
2543.000000     	0.961104
2546.000000     	0.961241
2548.000000     	0.961323
2551.000000     	0.961436
2553.000000     	0.961546
2555.000000     	0.961653
2557.000000     	0.961745
2559.000000     	0.961815
2562.000000     	0.961922
2566.000000     	0.962041
2568.000000     	0.962120
2571.000000     	0.962227
2573.000000     	0.962303
2576.000000     	0.962401
2579.000000     	0.962502
2582.000000     	0.962645
2584.000000     	0.962712
2588.000000     	0.962822
2590.000000     	0.962905
2593.000000     	0.963008
2597.000000     	0.963103
2601.000000     	0.963219
2604.000000     	0.963320
2607.000000     	0.963430
2609.000000     	0.963506
2612.000000     	0.963640
2614.000000     	0.963723
2617.000000     	0.963823
2620.000000     	0.963915
2623.000000     	0.964013
2626.000000     	0.964138
2629.000000     	0.964211
2632.000000     	0.964315
2635.000000     	0.964400
2638.000000     	0.964507
2641.000000     	0.964629
2644.000000     	0.964730
2646.000000     	0.964803
2650.000000     	0.964928
2652.000000     	0.965001
2656.000000     	0.965133
2658.000000     	0.965206
2661.000000     	0.965313
2664.000000     	0.965407
2668.000000     	0.965533
2671.000000     	0.965618
2675.000000     	0.965707
2678.000000     	0.965813
2682.000000     	0.965932
2685.000000     	0.966024
2688.000000     	0.966113
2691.000000     	0.966201
2695.000000     	0.966332
2697.000000     	0.966421
2701.000000     	0.966531
2704.000000     	0.966604
2708.000000     	0.966702
2712.000000     	0.966824
2715.000000     	0.966912
2718.000000     	0.967013
2721.000000     	0.967102
2724.000000     	0.967218
2727.000000     	0.967327
2730.000000     	0.967419
2733.000000     	0.967504
2736.000000     	0.967602
2740.000000     	0.967724
2743.000000     	0.967822
2747.000000     	0.967926
2750.000000     	0.968020
2752.000000     	0.968115
2755.000000     	0.968203
2759.000000     	0.968344
2761.000000     	0.968408
2765.000000     	0.968518
2769.000000     	0.968616
2772.000000     	0.968701
2776.000000     	0.968805
2779.000000     	0.968902
2783.000000     	0.969028
2787.000000     	0.969128
2789.000000     	0.969205
2793.000000     	0.969318
2796.000000     	0.969415
2799.000000     	0.969507
2803.000000     	0.969620
2807.000000     	0.969727
2810.000000     	0.969827
2813.000000     	0.969919
2816.000000     	0.970029
2820.000000     	0.970133
2824.000000     	0.970218
2827.000000     	0.970313
2831.000000     	0.970404
2835.000000     	0.970514
2838.000000     	0.970603
2842.000000     	0.970706
2846.000000     	0.970807
2849.000000     	0.970911
2852.000000     	0.971002
2855.000000     	0.971100
2860.000000     	0.971231
2864.000000     	0.971329
2867.000000     	0.971402
2873.000000     	0.971515
2877.000000     	0.971622
2881.000000     	0.971714
2884.000000     	0.971817
2888.000000     	0.971918
2892.000000     	0.972022
2896.000000     	0.972120
2899.000000     	0.972202
2904.000000     	0.972321
2909.000000     	0.972434
2913.000000     	0.972513
2916.000000     	0.972614
2919.000000     	0.972703
2922.000000     	0.972803
2926.000000     	0.972904
2929.000000     	0.973011
2934.000000     	0.973121
2938.000000     	0.973231
2940.000000     	0.973304
2944.000000     	0.973411
2947.000000     	0.973521
2951.000000     	0.973618
2954.000000     	0.973701
2957.000000     	0.973808
2961.000000     	0.973921
2966.000000     	0.974030
2970.000000     	0.974131
2973.000000     	0.974214
2979.000000     	0.974326
2984.000000     	0.974446
2988.000000     	0.974504
2992.000000     	0.974601
2997.000000     	0.974711
3001.000000     	0.974806
3005.000000     	0.974928
3008.000000     	0.975001
3013.000000     	0.975102
3018.000000     	0.975212
3022.000000     	0.975328
3025.000000     	0.975413
3030.000000     	0.975541
3033.000000     	0.975618
3038.000000     	0.975700
3042.000000     	0.975801
3048.000000     	0.975914
3052.000000     	0.976024
3055.000000     	0.976121
3060.000000     	0.976210
3065.000000     	0.976301
3069.000000     	0.976423
3073.000000     	0.976521
3078.000000     	0.976613
3082.000000     	0.976720
3085.000000     	0.976808
3090.000000     	0.976921
3094.000000     	0.977006
3098.000000     	0.977104
3102.000000     	0.977211
3107.000000     	0.977306
3113.000000     	0.977409
3120.000000     	0.977504
3125.000000     	0.977617
3129.000000     	0.977718
3134.000000     	0.977815
3138.000000     	0.977907
3143.000000     	0.978047
3146.000000     	0.978108
3152.000000     	0.978230
3158.000000     	0.978304
3164.000000     	0.978429
3167.000000     	0.978514
3173.000000     	0.978618
3177.000000     	0.978704
3183.000000     	0.978813
3186.000000     	0.978905
3192.000000     	0.979003
3197.000000     	0.979116
3202.000000     	0.979219
3205.000000     	0.979302
3209.000000     	0.979409
3214.000000     	0.979503
3219.000000     	0.979607
3224.000000     	0.979708
3229.000000     	0.979818
3233.000000     	0.979900
3239.000000     	0.980013
3244.000000     	0.980102
3253.000000     	0.980205
3260.000000     	0.980306
3265.000000     	0.980416
3270.000000     	0.980517
3275.000000     	0.980605
3280.000000     	0.980724
3284.000000     	0.980822
3287.000000     	0.980910
3291.000000     	0.981020
3298.000000     	0.981109
3304.000000     	0.981207
3310.000000     	0.981316
3316.000000     	0.981420
3321.000000     	0.981506
3327.000000     	0.981600
3332.000000     	0.981704
3340.000000     	0.981811
3345.000000     	0.981902
3350.000000     	0.982012
3357.000000     	0.982107
3364.000000     	0.982208
3370.000000     	0.982302
3376.000000     	0.982403
3384.000000     	0.982501
3391.000000     	0.982635
3395.000000     	0.982717
3403.000000     	0.982818
3410.000000     	0.982919
3415.000000     	0.983004
3423.000000     	0.983114
3428.000000     	0.983209
3432.000000     	0.983304
3437.000000     	0.983404
3445.000000     	0.983511
3452.000000     	0.983606
3458.000000     	0.983713
3466.000000     	0.983801
3471.000000     	0.983908
3477.000000     	0.984003
3483.000000     	0.984115
3491.000000     	0.984213
3497.000000     	0.984305
3502.000000     	0.984402
3509.000000     	0.984500
3517.000000     	0.984619
3525.000000     	0.984702
3532.000000     	0.984808
3537.000000     	0.984906
3543.000000     	0.985013
3551.000000     	0.985101
3557.000000     	0.985202
3566.000000     	0.985309
3571.000000     	0.985404
3581.000000     	0.985516
3587.000000     	0.985602
3595.000000     	0.985709
3604.000000     	0.985800
3612.000000     	0.985901
3623.000000     	0.986014
3630.000000     	0.986124
3637.000000     	0.986209
3644.000000     	0.986325
3653.000000     	0.986405
3661.000000     	0.986505
3667.000000     	0.986609
3674.000000     	0.986701
3684.000000     	0.986820
3691.000000     	0.986902
3702.000000     	0.987009
3711.000000     	0.987110
3719.000000     	0.987201
3730.000000     	0.987305
3742.000000     	0.987403
3751.000000     	0.987504
3762.000000     	0.987610
3770.000000     	0.987705
3778.000000     	0.987806
3790.000000     	0.987903
3801.000000     	0.988007
3813.000000     	0.988105
3823.000000     	0.988221
3835.000000     	0.988300
3848.000000     	0.988404
3857.000000     	0.988517
3864.000000     	0.988605
3874.000000     	0.988700
3887.000000     	0.988807
3898.000000     	0.988905
3908.000000     	0.989008
3919.000000     	0.989106
3929.000000     	0.989213
3942.000000     	0.989304
3959.000000     	0.989414
3970.000000     	0.989506
3985.000000     	0.989607
4002.000000     	0.989707
4011.000000     	0.989802
4027.000000     	0.989906
4039.000000     	0.990000
4054.000000     	0.990104
4063.000000     	0.990202
4075.000000     	0.990306
4086.000000     	0.990403
4100.000000     	0.990501
4117.000000     	0.990611
4128.000000     	0.990702
4145.000000     	0.990800
4157.000000     	0.990901
4172.000000     	0.991014
4184.000000     	0.991108
4194.000000     	0.991200
4207.000000     	0.991301
4219.000000     	0.991405
4231.000000     	0.991517
4240.000000     	0.991603
4256.000000     	0.991704
4270.000000     	0.991804
4283.000000     	0.991902
4299.000000     	0.992009
4312.000000     	0.992104
4328.000000     	0.992201
4345.000000     	0.992305
4361.000000     	0.992409
4373.000000     	0.992513
4386.000000     	0.992610
4399.000000     	0.992702
4414.000000     	0.992803
4431.000000     	0.992900
4446.000000     	0.993004
4463.000000     	0.993108
4477.000000     	0.993202
4496.000000     	0.993300
4516.000000     	0.993401
4530.000000     	0.993501
4548.000000     	0.993605
4562.000000     	0.993703
4579.000000     	0.993804
4602.000000     	0.993901
4619.000000     	0.994005
4646.000000     	0.994103
4671.000000     	0.994200
4687.000000     	0.994304
4705.000000     	0.994402
4727.000000     	0.994503
4749.000000     	0.994603
4775.000000     	0.994701
4800.000000     	0.994808
4823.000000     	0.994912
4846.000000     	0.995000
4876.000000     	0.995101
4904.000000     	0.995202
4945.000000     	0.995312
4974.000000     	0.995400
5002.000000     	0.995501
5029.000000     	0.995605
5053.000000     	0.995702
5079.000000     	0.995803
5112.000000     	0.995901
5133.000000     	0.996001
5162.000000     	0.996102
5203.000000     	0.996203
5238.000000     	0.996304
5276.000000     	0.996407
5316.000000     	0.996502
5363.000000     	0.996603
5395.000000     	0.996700
5423.000000     	0.996801
5471.000000     	0.996908
5507.000000     	0.997006
5549.000000     	0.997103
5602.000000     	0.997207
5652.000000     	0.997302
5694.000000     	0.997402
5736.000000     	0.997500
5793.000000     	0.997604
5851.000000     	0.997702
5911.000000     	0.997802
5990.000000     	0.997903
6083.000000     	0.998001
6155.000000     	0.998101
6245.000000     	0.998202
6330.000000     	0.998303
6407.000000     	0.998401
6500.000000     	0.998501
6625.000000     	0.998602
6757.000000     	0.998703
6904.000000     	0.998800
7123.000000     	0.998901
7282.000000     	0.999002
7456.000000     	0.999103
7804.000000     	0.999200
8095.000000     	0.999301
8431.000000     	0.999402
9023.000000     	0.999502
9734.000000     	0.999600
11523.000000    	0.999701
15309.000000    	0.999802
27909.000000    	0.999902
49906.000000    	1.000000
49906.000000    	1.000000
