0.000000        	0.000058  
1.000000        	0.000579  
2.000000        	0.001216  
3.000000        	0.002433  
4.000000        	0.009789  
5.000000        	0.010137  
6.000000        	0.010368  
7.000000        	0.010426  
9.000000        	0.010600  
10.000000       	0.011237  
11.000000       	0.011353  
12.000000       	0.011874  
13.000000       	0.012164  
14.000000       	0.012570  
15.000000       	0.012975  
16.000000       	0.013380  
17.000000       	0.013844  
18.000000       	0.014191  
19.000000       	0.014481  
20.000000       	0.014771  
21.000000       	0.015176  
22.000000       	0.015408  
23.000000       	0.015871  
24.000000       	0.016277  
25.000000       	0.017030  
26.000000       	0.017377  
27.000000       	0.017956  
28.000000       	0.018420  
29.000000       	0.019926  
30.000000       	0.020911  
31.000000       	0.022996  
32.000000       	0.024560  
33.000000       	0.026008  
34.000000       	0.027572  
35.000000       	0.028904  
36.000000       	0.030236  
37.000000       	0.031627  
38.000000       	0.033306  
39.000000       	0.034581  
40.000000       	0.035739  
41.000000       	0.037419  
42.000000       	0.038867  
43.000000       	0.040663  
44.000000       	0.041763  
45.000000       	0.043211  
46.000000       	0.044659  
47.000000       	0.046339  
48.000000       	0.047787  
49.000000       	0.049409  
50.000000       	0.050857  
51.000000       	0.052421  
52.000000       	0.053869  
53.000000       	0.055549  
54.000000       	0.056650  
55.000000       	0.057924  
56.000000       	0.059314  
57.000000       	0.060183  
58.000000       	0.061515  
59.000000       	0.062905  
60.000000       	0.064354  
61.000000       	0.065049  
62.000000       	0.066497  
63.000000       	0.067713  
64.000000       	0.069103  
65.000000       	0.070841  
66.000000       	0.072000  
67.000000       	0.073448  
68.000000       	0.075012  
69.000000       	0.076576  
70.000000       	0.077966  
71.000000       	0.079356  
72.000000       	0.080630  
73.000000       	0.082136  
74.000000       	0.083179  
75.000000       	0.084569  
76.000000       	0.085901  
77.000000       	0.087581  
78.000000       	0.089203  
79.000000       	0.090361  
80.000000       	0.091578  
81.000000       	0.092678  
82.000000       	0.093779  
83.000000       	0.094880  
84.000000       	0.095922  
85.000000       	0.097370  
86.000000       	0.098760  
87.000000       	0.099977  
88.000000       	0.101367  
89.000000       	0.102525  
90.000000       	0.103742  
91.000000       	0.104553  
92.000000       	0.105364  
93.000000       	0.106754  
94.000000       	0.107912  
95.000000       	0.108955  
96.000000       	0.110635  
97.000000       	0.112141  
98.000000       	0.113010  
99.000000       	0.114168  
100.000000      	0.115964  
101.000000      	0.117528  
102.000000      	0.119208  
103.000000      	0.120250  
104.000000      	0.121872  
105.000000      	0.123204  
106.000000      	0.124884  
107.000000      	0.126448  
108.000000      	0.127838  
109.000000      	0.129576  
110.000000      	0.131082  
111.000000      	0.133167  
112.000000      	0.134557  
113.000000      	0.135426  
114.000000      	0.137164  
115.000000      	0.139771  
116.000000      	0.142667  
117.000000      	0.144752  
118.000000      	0.147069  
119.000000      	0.149212  
120.000000      	0.151529  
121.000000      	0.153441  
122.000000      	0.156047  
123.000000      	0.158886  
124.000000      	0.161318  
125.000000      	0.164504  
126.000000      	0.168211  
127.000000      	0.172498  
128.000000      	0.176668  
129.000000      	0.180665  
130.000000      	0.184893  
131.000000      	0.189064  
132.000000      	0.192771  
133.000000      	0.196015  
134.000000      	0.198158  
135.000000      	0.201576  
136.000000      	0.204703  
137.000000      	0.207889  
138.000000      	0.211249  
139.000000      	0.214435  
140.000000      	0.217215  
141.000000      	0.219590  
142.000000      	0.221965  
143.000000      	0.224166  
144.000000      	0.226309  
145.000000      	0.229263  
146.000000      	0.232101  
147.000000      	0.235287  
148.000000      	0.238126  
149.000000      	0.241022  
150.000000      	0.243223  
151.000000      	0.246061  
152.000000      	0.248494  
153.000000      	0.251274  
154.000000      	0.253997  
155.000000      	0.256314  
156.000000      	0.258747  
157.000000      	0.261932  
158.000000      	0.264597  
159.000000      	0.267956  
160.000000      	0.269578  
161.000000      	0.272243  
162.000000      	0.274618  
163.000000      	0.277630  
164.000000      	0.280526  
165.000000      	0.283190  
166.000000      	0.285392  
167.000000      	0.287882  
168.000000      	0.290663  
169.000000      	0.293327  
170.000000      	0.296281  
171.000000      	0.299120  
172.000000      	0.301842  
173.000000      	0.304275  
174.000000      	0.306881  
175.000000      	0.309256  
176.000000      	0.311921  
177.000000      	0.314933  
178.000000      	0.318061  
179.000000      	0.320841  
180.000000      	0.323563  
181.000000      	0.326170  
182.000000      	0.328429  
183.000000      	0.331209  
184.000000      	0.333990  
185.000000      	0.336828  
186.000000      	0.339551  
187.000000      	0.341810  
188.000000      	0.344880  
189.000000      	0.347544  
190.000000      	0.349919  
191.000000      	0.352873  
192.000000      	0.355769  
193.000000      	0.359013  
194.000000      	0.361562  
195.000000      	0.365500  
196.000000      	0.369555  
197.000000      	0.372799  
198.000000      	0.375058  
199.000000      	0.377607  
200.000000      	0.380213  
201.000000      	0.382646  
202.000000      	0.385079  
203.000000      	0.387975  
204.000000      	0.390582  
205.000000      	0.393420  
206.000000      	0.396490  
207.000000      	0.398865  
208.000000      	0.401819  
209.000000      	0.405294  
210.000000      	0.407553  
211.000000      	0.409870  
212.000000      	0.412129  
213.000000      	0.414157  
214.000000      	0.416532  
215.000000      	0.419196  
216.000000      	0.421861  
217.000000      	0.424177  
218.000000      	0.426610  
219.000000      	0.428927  
220.000000      	0.432171  
221.000000      	0.435994  
222.000000      	0.438485  
223.000000      	0.441555  
224.000000      	0.444393  
225.000000      	0.446884  
226.000000      	0.448853  
227.000000      	0.451576  
228.000000      	0.454008  
229.000000      	0.456673  
230.000000      	0.459975  
231.000000      	0.463334  
232.000000      	0.466462  
233.000000      	0.469358  
234.000000      	0.473065  
235.000000      	0.476657  
236.000000      	0.479321  
237.000000      	0.482623  
238.000000      	0.485461  
239.000000      	0.488357  
240.000000      	0.491022  
241.000000      	0.494903  
242.000000      	0.498957  
243.000000      	0.502607  
244.000000      	0.507646  
245.000000      	0.511816  
246.000000      	0.515582  
247.000000      	0.519752  
248.000000      	0.524734  
249.000000      	0.528788  
250.000000      	0.533364  
251.000000      	0.536782  
252.000000      	0.541184  
253.000000      	0.545239  
254.000000      	0.549583  
255.000000      	0.552711  
256.000000      	0.556418  
257.000000      	0.560589  
258.000000      	0.565802  
259.000000      	0.570667  
260.000000      	0.575649  
261.000000      	0.579356  
262.000000      	0.583758  
263.000000      	0.587118  
264.000000      	0.592389  
265.000000      	0.597892  
266.000000      	0.602989  
267.000000      	0.609303  
268.000000      	0.614284  
269.000000      	0.619439  
270.000000      	0.623784  
271.000000      	0.629228  
272.000000      	0.633631  
273.000000      	0.639713  
274.000000      	0.644173  
275.000000      	0.649791  
276.000000      	0.654252  
277.000000      	0.659291  
278.000000      	0.663404  
279.000000      	0.667864  
280.000000      	0.671513  
281.000000      	0.674641  
282.000000      	0.679564  
283.000000      	0.684140  
284.000000      	0.686805  
285.000000      	0.690280  
286.000000      	0.694103  
287.000000      	0.697810  
288.000000      	0.701807  
289.000000      	0.705051  
290.000000      	0.708353  
291.000000      	0.710959  
292.000000      	0.713334  
293.000000      	0.716462  
294.000000      	0.719358  
295.000000      	0.721733  
296.000000      	0.724571  
297.000000      	0.727468  
298.000000      	0.730306  
299.000000      	0.732275  
300.000000      	0.734534  
301.000000      	0.736967  
302.000000      	0.740037  
303.000000      	0.742006  
304.000000      	0.744497  
305.000000      	0.746988  
306.000000      	0.748784  
307.000000      	0.750811  
308.000000      	0.752896  
309.000000      	0.754808  
310.000000      	0.756661  
311.000000      	0.758051  
312.000000      	0.759905  
313.000000      	0.762570  
314.000000      	0.764829  
315.000000      	0.766219  
316.000000      	0.767319  
317.000000      	0.768767  
318.000000      	0.770042  
319.000000      	0.771084  
320.000000      	0.772764  
321.000000      	0.774270  
322.000000      	0.775197  
323.000000      	0.776529  
324.000000      	0.777861  
325.000000      	0.779252  
326.000000      	0.780063  
327.000000      	0.781337  
328.000000      	0.783190  
329.000000      	0.784117  
330.000000      	0.785044  
331.000000      	0.785913  
332.000000      	0.786782  
333.000000      	0.788404  
334.000000      	0.789157  
335.000000      	0.790605  
336.000000      	0.791937  
337.000000      	0.793211  
338.000000      	0.794370  
339.000000      	0.795412  
340.000000      	0.796281  
341.000000      	0.796918  
342.000000      	0.797729  
343.000000      	0.798946  
344.000000      	0.799988  
345.000000      	0.800915  
346.000000      	0.801842  
347.000000      	0.802479  
348.000000      	0.802885  
349.000000      	0.803869  
350.000000      	0.805086  
351.000000      	0.805723  
352.000000      	0.806708  
353.000000      	0.807461  
354.000000      	0.808387  
355.000000      	0.809082  
356.000000      	0.810357  
357.000000      	0.811805  
358.000000      	0.813253  
359.000000      	0.814180  
360.000000      	0.814817  
361.000000      	0.815338  
362.000000      	0.816091  
363.000000      	0.816381  
364.000000      	0.817366  
365.000000      	0.818003  
366.000000      	0.818524  
367.000000      	0.818987  
368.000000      	0.819625  
369.000000      	0.820030  
370.000000      	0.820436  
371.000000      	0.821362  
372.000000      	0.821884  
373.000000      	0.822521  
374.000000      	0.823332  
375.000000      	0.824201  
376.000000      	0.824722  
377.000000      	0.825127  
378.000000      	0.825649  
379.000000      	0.825938  
380.000000      	0.826981  
381.000000      	0.827444  
382.000000      	0.828024  
383.000000      	0.828429  
384.000000      	0.829008  
385.000000      	0.829414  
386.000000      	0.829877  
387.000000      	0.830399  
388.000000      	0.830746  
389.000000      	0.831036  
390.000000      	0.831557  
391.000000      	0.831789  
392.000000      	0.832310  
393.000000      	0.832600  
394.000000      	0.833411  
395.000000      	0.833642  
396.000000      	0.834048  
397.000000      	0.834627  
398.000000      	0.835206  
399.000000      	0.836075  
400.000000      	0.836654  
401.000000      	0.837118  
402.000000      	0.837929  
403.000000      	0.838624  
404.000000      	0.839261  
405.000000      	0.840246  
406.000000      	0.840941  
407.000000      	0.841636  
408.000000      	0.841983  
409.000000      	0.842910  
410.000000      	0.843605  
411.000000      	0.844995  
412.000000      	0.845690  
413.000000      	0.846501  
414.000000      	0.847370  
415.000000      	0.848123  
416.000000      	0.848760  
417.000000      	0.849861  
418.000000      	0.850672  
419.000000      	0.851077  
420.000000      	0.851715  
421.000000      	0.852583  
422.000000      	0.853278  
423.000000      	0.853974  
424.000000      	0.855074  
425.000000      	0.855653  
426.000000      	0.856117  
427.000000      	0.856638  
428.000000      	0.857565  
429.000000      	0.858723  
430.000000      	0.859187  
431.000000      	0.859998  
432.000000      	0.860751  
433.000000      	0.861504  
434.000000      	0.862373  
435.000000      	0.863241  
436.000000      	0.864052  
437.000000      	0.864805  
438.000000      	0.865500  
439.000000      	0.866138  
440.000000      	0.866659  
441.000000      	0.867238  
442.000000      	0.868049  
443.000000      	0.868570  
444.000000      	0.869150  
445.000000      	0.869787  
446.000000      	0.870250  
447.000000      	0.870714  
448.000000      	0.871293  
449.000000      	0.872104  
450.000000      	0.872683  
451.000000      	0.873552  
452.000000      	0.874421  
453.000000      	0.874826  
454.000000      	0.875463  
455.000000      	0.876043  
456.000000      	0.876622  
457.000000      	0.877259  
458.000000      	0.877896  
459.000000      	0.878475  
460.000000      	0.879171  
461.000000      	0.879634  
462.000000      	0.880213  
463.000000      	0.880619  
464.000000      	0.881082  
465.000000      	0.881603  
466.000000      	0.882298  
467.000000      	0.882704  
468.000000      	0.883051  
469.000000      	0.883515  
470.000000      	0.884557  
471.000000      	0.885079  
472.000000      	0.885890  
473.000000      	0.886469  
474.000000      	0.886990  
475.000000      	0.887164  
476.000000      	0.887685  
477.000000      	0.888149  
478.000000      	0.888496  
479.000000      	0.888902  
480.000000      	0.889481  
481.000000      	0.889829  
482.000000      	0.890118  
483.000000      	0.890466  
484.000000      	0.891277  
485.000000      	0.891798  
486.000000      	0.892261  
487.000000      	0.892493  
488.000000      	0.892841  
489.000000      	0.893304  
490.000000      	0.893767  
491.000000      	0.893941  
492.000000      	0.894578  
493.000000      	0.894868  
494.000000      	0.895158  
495.000000      	0.895447  
496.000000      	0.895737  
497.000000      	0.895968  
498.000000      	0.896490  
499.000000      	0.896895  
500.000000      	0.897069  
501.000000      	0.897475  
502.000000      	0.897764  
503.000000      	0.898285  
504.000000      	0.898865  
505.000000      	0.899212  
506.000000      	0.899791  
507.000000      	0.900371  
508.000000      	0.900834  
509.000000      	0.901008  
510.000000      	0.901471  
511.000000      	0.902166  
512.000000      	0.902282  
513.000000      	0.902572  
514.000000      	0.902804  
515.000000      	0.903209  
516.000000      	0.903614  
517.000000      	0.903962  
518.000000      	0.904657  
519.000000      	0.905294  
520.000000      	0.905584  
521.000000      	0.905758  
522.000000      	0.905931  
523.000000      	0.906511  
524.000000      	0.906800  
525.000000      	0.907090  
526.000000      	0.907669  
527.000000      	0.908364  
528.000000      	0.908943  
529.000000      	0.909175  
530.000000      	0.909754  
531.000000      	0.909986  
532.000000      	0.910334  
533.000000      	0.910739  
534.000000      	0.910855  
535.000000      	0.911087  
536.000000      	0.911434  
537.000000      	0.911782  
538.000000      	0.912071  
539.000000      	0.912477  
540.000000      	0.912882  
541.000000      	0.913404  
542.000000      	0.913519  
543.000000      	0.913867  
544.000000      	0.914272  
545.000000      	0.914736  
546.000000      	0.915199  
547.000000      	0.915778  
548.000000      	0.916010  
549.000000      	0.916532  
550.000000      	0.916937  
551.000000      	0.917169  
552.000000      	0.917400  
553.000000      	0.917922  
554.000000      	0.918211  
555.000000      	0.918385  
556.000000      	0.918906  
557.000000      	0.919196  
558.000000      	0.919486  
559.000000      	0.919775  
560.000000      	0.920123  
561.000000      	0.920586  
562.000000      	0.920934  
563.000000      	0.921339  
564.000000      	0.921745  
565.000000      	0.921803  
566.000000      	0.921976  
567.000000      	0.922614  
568.000000      	0.922961  
569.000000      	0.923309  
571.000000      	0.923830  
572.000000      	0.924120  
573.000000      	0.924525  
574.000000      	0.925046  
575.000000      	0.925510  
576.000000      	0.925857  
577.000000      	0.926031  
578.000000      	0.926437  
579.000000      	0.926842  
581.000000      	0.927074  
582.000000      	0.927363  
583.000000      	0.927479  
584.000000      	0.927711  
585.000000      	0.927885  
586.000000      	0.928232  
587.000000      	0.928522  
588.000000      	0.928753  
589.000000      	0.928985  
590.000000      	0.929101  
591.000000      	0.929391  
592.000000      	0.929622  
593.000000      	0.929738  
594.000000      	0.929854  
595.000000      	0.930086  
596.000000      	0.930259  
597.000000      	0.930433  
599.000000      	0.930549  
600.000000      	0.930607  
602.000000      	0.930723  
603.000000      	0.931013  
604.000000      	0.931128  
606.000000      	0.931244  
607.000000      	0.931302  
609.000000      	0.931418  
610.000000      	0.931534  
611.000000      	0.931650  
612.000000      	0.931766  
613.000000      	0.931823  
615.000000      	0.931939  
617.000000      	0.932055  
618.000000      	0.932287  
619.000000      	0.932461  
620.000000      	0.932576  
621.000000      	0.932692  
622.000000      	0.932866  
623.000000      	0.932982  
624.000000      	0.933040  
625.000000      	0.933156  
626.000000      	0.933214  
628.000000      	0.933445  
629.000000      	0.933503  
630.000000      	0.933735  
632.000000      	0.933967  
635.000000      	0.934025  
636.000000      	0.934140  
637.000000      	0.934256  
639.000000      	0.934372  
643.000000      	0.934546  
644.000000      	0.934604  
646.000000      	0.934778  
647.000000      	0.935009  
651.000000      	0.935125  
652.000000      	0.935241  
655.000000      	0.935415  
657.000000      	0.935531  
659.000000      	0.935704  
660.000000      	0.935820  
662.000000      	0.935936  
664.000000      	0.936226  
665.000000      	0.936399  
666.000000      	0.936457  
667.000000      	0.936515  
673.000000      	0.936631  
676.000000      	0.936747  
677.000000      	0.936805  
679.000000      	0.936921  
685.000000      	0.937095  
686.000000      	0.937152  
691.000000      	0.937210  
693.000000      	0.937326  
695.000000      	0.937500  
698.000000      	0.937616  
699.000000      	0.937732  
701.000000      	0.937848  
702.000000      	0.937905  
706.000000      	0.938021  
709.000000      	0.938195  
713.000000      	0.938253  
714.000000      	0.938369  
715.000000      	0.938485  
718.000000      	0.938543  
719.000000      	0.938601  
726.000000      	0.938774  
727.000000      	0.938890  
730.000000      	0.939006  
737.000000      	0.939180  
739.000000      	0.939296  
740.000000      	0.939411  
741.000000      	0.939527  
748.000000      	0.939643  
751.000000      	0.939701  
753.000000      	0.939817  
755.000000      	0.939933  
757.000000      	0.940049  
761.000000      	0.940107  
766.000000      	0.940222  
771.000000      	0.940338  
785.000000      	0.940454  
787.000000      	0.940512  
789.000000      	0.940628  
793.000000      	0.940744  
794.000000      	0.940802  
804.000000      	0.941033  
807.000000      	0.941149  
808.000000      	0.941207  
809.000000      	0.941323  
818.000000      	0.941439  
826.000000      	0.941613  
829.000000      	0.941786  
833.000000      	0.941844  
837.000000      	0.941902  
845.000000      	0.942018  
849.000000      	0.942134  
858.000000      	0.942250  
861.000000      	0.942366  
864.000000      	0.942424  
873.000000      	0.942597  
880.000000      	0.942655  
884.000000      	0.942713  
887.000000      	0.942829  
895.000000      	0.943003  
900.000000      	0.943119  
933.000000      	0.943234  
941.000000      	0.943350  
948.000000      	0.943408  
964.000000      	0.943524  
972.000000      	0.943698  
980.000000      	0.943756  
982.000000      	0.943814  
987.000000      	0.943930  
991.000000      	0.944045  
994.000000      	0.944103  
1007.000000     	0.944219  
1035.000000     	0.944335  
1044.000000     	0.944451  
1047.000000     	0.944509  
1059.000000     	0.944625  
1069.000000     	0.944741  
1071.000000     	0.944914  
1085.000000     	0.945030  
1099.000000     	0.945146  
1106.000000     	0.945204  
1116.000000     	0.945320  
1125.000000     	0.945436  
1132.000000     	0.945551  
1133.000000     	0.945609  
1150.000000     	0.945725  
1153.000000     	0.945841  
1168.000000     	0.945957  
1171.000000     	0.946015  
1173.000000     	0.946131  
1201.000000     	0.946247  
1214.000000     	0.946304  
1229.000000     	0.946420  
1237.000000     	0.946536  
1254.000000     	0.946652  
1259.000000     	0.946710  
1266.000000     	0.946826  
1278.000000     	0.946942  
1305.000000     	0.947057  
1317.000000     	0.947115  
1337.000000     	0.947231  
1350.000000     	0.947347  
1352.000000     	0.947405  
1372.000000     	0.947521  
1399.000000     	0.947637  
1418.000000     	0.947753  
1423.000000     	0.947810  
1442.000000     	0.947926  
1449.000000     	0.948042  
1455.000000     	0.948158  
1457.000000     	0.948216  
1465.000000     	0.948332  
1475.000000     	0.948448  
1481.000000     	0.948506  
1492.000000     	0.948621  
1500.000000     	0.948737  
1524.000000     	0.948853  
1527.000000     	0.948911  
1540.000000     	0.949027  
1558.000000     	0.949143  
1560.000000     	0.949201  
1573.000000     	0.949316  
1579.000000     	0.949432  
1593.000000     	0.949548  
1606.000000     	0.949606  
1611.000000     	0.949722  
1625.000000     	0.949838  
1651.000000     	0.949954  
1653.000000     	0.950012  
1662.000000     	0.950127  
1665.000000     	0.950301  
1703.000000     	0.950417  
1746.000000     	0.950533  
1752.000000     	0.950649  
1754.000000     	0.950707  
1819.000000     	0.950823  
1829.000000     	0.950938  
1852.000000     	0.951170  
1862.000000     	0.951228  
1885.000000     	0.951344  
1909.000000     	0.951460  
1912.000000     	0.951518  
1918.000000     	0.951633  
1933.000000     	0.951749  
1934.000000     	0.951807  
1961.000000     	0.951923  
1986.000000     	0.952039  
1989.000000     	0.952155  
1993.000000     	0.952213  
2009.000000     	0.952329  
2045.000000     	0.952444  
2048.000000     	0.952502  
2082.000000     	0.952618  
2088.000000     	0.952734  
2116.000000     	0.952850  
2118.000000     	0.952908  
2134.000000     	0.953024  
2147.000000     	0.953139  
2168.000000     	0.953255  
2177.000000     	0.953313  
2208.000000     	0.953429  
2234.000000     	0.953545  
2237.000000     	0.953603  
2245.000000     	0.953719  
2254.000000     	0.953835  
2280.000000     	0.953950  
2295.000000     	0.954008  
2307.000000     	0.954124  
2316.000000     	0.954240  
2332.000000     	0.954356  
2335.000000     	0.954414  
2352.000000     	0.954530  
2373.000000     	0.954646  
2379.000000     	0.954703  
2385.000000     	0.954819  
2396.000000     	0.954935  
2404.000000     	0.955051  
2428.000000     	0.955109  
2442.000000     	0.955225  
2448.000000     	0.955341  
2492.000000     	0.955514  
2547.000000     	0.955630  
2571.000000     	0.955746  
2572.000000     	0.955804  
2575.000000     	0.955920  
2586.000000     	0.956036  
2619.000000     	0.956152  
2637.000000     	0.956209  
2645.000000     	0.956383  
2670.000000     	0.956441  
2684.000000     	0.956557  
2685.000000     	0.956615  
2695.000000     	0.956731  
2707.000000     	0.956847  
2723.000000     	0.956905  
2754.000000     	0.957020  
2771.000000     	0.957136  
2786.000000     	0.957252  
2790.000000     	0.957310  
2800.000000     	0.957426  
2817.000000     	0.957542  
2824.000000     	0.957658  
2840.000000     	0.957715  
2873.000000     	0.957831  
2899.000000     	0.957947  
2900.000000     	0.958005  
2905.000000     	0.958121  
2910.000000     	0.958237  
2927.000000     	0.958353  
2936.000000     	0.958411  
2950.000000     	0.958526  
2959.000000     	0.958642  
2968.000000     	0.958700  
2977.000000     	0.958816  
2987.000000     	0.958990  
3004.000000     	0.959048  
3015.000000     	0.959106  
3017.000000     	0.959222  
3030.000000     	0.959337  
3034.000000     	0.959453  
3036.000000     	0.959511  
3062.000000     	0.959627  
3073.000000     	0.959743  
3077.000000     	0.959801  
3081.000000     	0.959917  
3090.000000     	0.960032  
3106.000000     	0.960148  
3107.000000     	0.960206  
3131.000000     	0.960380  
3138.000000     	0.960438  
3174.000000     	0.960554  
3177.000000     	0.960612  
3196.000000     	0.960728  
3219.000000     	0.960843  
3224.000000     	0.960901  
3265.000000     	0.961017  
3284.000000     	0.961133  
3287.000000     	0.961249  
3306.000000     	0.961307  
3318.000000     	0.961423  
3329.000000     	0.961538  
3347.000000     	0.961654  
3370.000000     	0.961712  
3402.000000     	0.961828  
3443.000000     	0.961944  
3448.000000     	0.962060  
3462.000000     	0.962118  
3491.000000     	0.962234  
3502.000000     	0.962349  
3504.000000     	0.962407  
3531.000000     	0.962523  
3554.000000     	0.962639  
3579.000000     	0.962755  
3597.000000     	0.962813  
3686.000000     	0.962929  
3761.000000     	0.963044  
3769.000000     	0.963102  
3799.000000     	0.963218  
3837.000000     	0.963334  
3861.000000     	0.963450  
3873.000000     	0.963508  
3939.000000     	0.963624  
4011.000000     	0.963740  
4061.000000     	0.963855  
4064.000000     	0.963913  
4086.000000     	0.964029  
4134.000000     	0.964145  
4143.000000     	0.964203  
4148.000000     	0.964319  
4188.000000     	0.964435  
4222.000000     	0.964551  
4254.000000     	0.964666  
4257.000000     	0.964724  
4294.000000     	0.964840  
4356.000000     	0.965014  
4386.000000     	0.965130  
4398.000000     	0.965246  
4400.000000     	0.965304  
4444.000000     	0.965419  
4453.000000     	0.965535  
4491.000000     	0.965651  
4499.000000     	0.965709  
4545.000000     	0.965825  
4571.000000     	0.965941  
4583.000000     	0.966057  
4589.000000     	0.966114  
4624.000000     	0.966230  
4637.000000     	0.966346  
4640.000000     	0.966404  
4674.000000     	0.966520  
4691.000000     	0.966636  
4748.000000     	0.966752  
4755.000000     	0.966810  
4779.000000     	0.966925  
4786.000000     	0.967041  
4873.000000     	0.967157  
4889.000000     	0.967215  
4940.000000     	0.967331  
4943.000000     	0.967447  
4945.000000     	0.967505  
5030.000000     	0.967620  
5057.000000     	0.967736  
5077.000000     	0.967852  
5085.000000     	0.967910  
5134.000000     	0.968026  
5158.000000     	0.968142  
5175.000000     	0.968258  
5177.000000     	0.968316  
5218.000000     	0.968431  
5243.000000     	0.968547  
5286.000000     	0.968605  
5310.000000     	0.968721  
5324.000000     	0.968837  
5349.000000     	0.968953  
5397.000000     	0.969011  
5434.000000     	0.969127  
5475.000000     	0.969242  
5483.000000     	0.969300  
5499.000000     	0.969416  
5528.000000     	0.969532  
5559.000000     	0.969648  
5574.000000     	0.969706  
5579.000000     	0.969822  
5616.000000     	0.969937  
5645.000000     	0.970053  
5647.000000     	0.970111  
5663.000000     	0.970227  
5706.000000     	0.970343  
5711.000000     	0.970401  
5746.000000     	0.970517  
5753.000000     	0.970633  
5773.000000     	0.970748  
5790.000000     	0.970806  
5797.000000     	0.970922  
5816.000000     	0.971038  
5829.000000     	0.971154  
5835.000000     	0.971212  
5843.000000     	0.971328  
5858.000000     	0.971443  
5871.000000     	0.971501  
5894.000000     	0.971617  
5918.000000     	0.971733  
5930.000000     	0.971849  
5931.000000     	0.971965  
5932.000000     	0.972023  
5938.000000     	0.972139  
5945.000000     	0.972254  
5951.000000     	0.972312  
5976.000000     	0.972428  
5980.000000     	0.972544  
5982.000000     	0.972602  
6043.000000     	0.972718  
6066.000000     	0.972834  
6068.000000     	0.972949  
6076.000000     	0.973007  
6077.000000     	0.973123  
6117.000000     	0.973239  
6139.000000     	0.973355  
6171.000000     	0.973413  
6176.000000     	0.973529  
6187.000000     	0.973645  
6221.000000     	0.973703  
6239.000000     	0.973818  
6251.000000     	0.973934  
6263.000000     	0.974050  
6265.000000     	0.974108  
6316.000000     	0.974224  
6330.000000     	0.974340  
6333.000000     	0.974456  
6334.000000     	0.974513  
6356.000000     	0.974629  
6365.000000     	0.974745  
6377.000000     	0.974803  
6399.000000     	0.974919  
6420.000000     	0.975035  
6431.000000     	0.975151  
6440.000000     	0.975209  
6459.000000     	0.975324  
6505.000000     	0.975440  
6543.000000     	0.975556  
6550.000000     	0.975614  
6585.000000     	0.975730  
6592.000000     	0.975846  
6603.000000     	0.975904  
6671.000000     	0.976019  
6723.000000     	0.976135  
6742.000000     	0.976251  
6779.000000     	0.976309  
6817.000000     	0.976425  
6887.000000     	0.976541  
6894.000000     	0.976657  
6945.000000     	0.976715  
6946.000000     	0.976830  
7004.000000     	0.976946  
7077.000000     	0.977004  
7134.000000     	0.977120  
7358.000000     	0.977236  
7460.000000     	0.977352  
7502.000000     	0.977410  
7526.000000     	0.977525  
7608.000000     	0.977641  
7655.000000     	0.977757  
7672.000000     	0.977815  
7782.000000     	0.977931  
7881.000000     	0.978047  
7884.000000     	0.978105  
7988.000000     	0.978221  
8043.000000     	0.978336  
8104.000000     	0.978452  
8114.000000     	0.978510  
8307.000000     	0.978626  
8378.000000     	0.978742  
8434.000000     	0.978858  
8441.000000     	0.978916  
8598.000000     	0.979032  
8702.000000     	0.979147  
8712.000000     	0.979205  
8802.000000     	0.979321  
8893.000000     	0.979437  
8986.000000     	0.979553  
9089.000000     	0.979611  
9158.000000     	0.979727  
9201.000000     	0.979842  
9210.000000     	0.979900  
9354.000000     	0.980016  
9444.000000     	0.980132  
9448.000000     	0.980306  
9458.000000     	0.980422  
9529.000000     	0.980538  
9591.000000     	0.980653  
9717.000000     	0.980711  
9768.000000     	0.980827  
9799.000000     	0.980943  
9803.000000     	0.981001  
9864.000000     	0.981117  
9886.000000     	0.981233  
9918.000000     	0.981348  
9933.000000     	0.981406  
9979.000000     	0.981522  
10070.000000    	0.981638  
10230.000000    	0.981754  
10263.000000    	0.981812  
10320.000000    	0.981928  
10366.000000    	0.982044  
10448.000000    	0.982101  
10515.000000    	0.982217  
10546.000000    	0.982333  
10556.000000    	0.982449  
10562.000000    	0.982507  
10766.000000    	0.982623  
10808.000000    	0.982739  
10825.000000    	0.982854  
10830.000000    	0.982912  
10906.000000    	0.983028  
10926.000000    	0.983144  
10953.000000    	0.983202  
10965.000000    	0.983318  
10988.000000    	0.983434  
11007.000000    	0.983550  
11120.000000    	0.983608  
11151.000000    	0.983723  
11329.000000    	0.983839  
11417.000000    	0.983955  
11423.000000    	0.984013  
11481.000000    	0.984129  
11608.000000    	0.984245  
11610.000000    	0.984303  
11762.000000    	0.984418  
11824.000000    	0.984534  
11856.000000    	0.984650  
11881.000000    	0.984708  
11985.000000    	0.984824  
12003.000000    	0.984940  
12253.000000    	0.985056  
12254.000000    	0.985114  
12427.000000    	0.985229  
12678.000000    	0.985345  
12770.000000    	0.985403  
13032.000000    	0.985519  
13137.000000    	0.985635  
13369.000000    	0.985751  
13375.000000    	0.985809  
13400.000000    	0.985924  
13428.000000    	0.986040  
13716.000000    	0.986156  
13725.000000    	0.986214  
13780.000000    	0.986330  
14058.000000    	0.986446  
14162.000000    	0.986504  
14233.000000    	0.986620  
14329.000000    	0.986735  
14679.000000    	0.986851  
14751.000000    	0.986909  
15153.000000    	0.987025  
15272.000000    	0.987141  
15421.000000    	0.987257  
15583.000000    	0.987315  
15671.000000    	0.987430  
15841.000000    	0.987546  
15863.000000    	0.987604  
16133.000000    	0.987720  
16628.000000    	0.987836  
16733.000000    	0.987952  
16941.000000    	0.988010  
17304.000000    	0.988126  
17486.000000    	0.988241  
17599.000000    	0.988357  
17901.000000    	0.988415  
18172.000000    	0.988531  
18462.000000    	0.988647  
18558.000000    	0.988705  
18718.000000    	0.988821  
18902.000000    	0.988937  
19157.000000    	0.989052  
19444.000000    	0.989110  
19657.000000    	0.989226  
20098.000000    	0.989342  
20167.000000    	0.989458  
20217.000000    	0.989516  
20487.000000    	0.989632  
20564.000000    	0.989747  
20589.000000    	0.989805  
20683.000000    	0.989921  
20833.000000    	0.990037  
21400.000000    	0.990153  
21412.000000    	0.990211  
21467.000000    	0.990327  
21490.000000    	0.990443  
21551.000000    	0.990500  
21671.000000    	0.990616  
21866.000000    	0.990732  
21930.000000    	0.990848  
22049.000000    	0.990906  
22300.000000    	0.991022  
22611.000000    	0.991138  
22780.000000    	0.991253  
22941.000000    	0.991311  
23325.000000    	0.991427  
23421.000000    	0.991543  
23455.000000    	0.991601  
23568.000000    	0.991717  
23933.000000    	0.991833  
24179.000000    	0.991949  
24223.000000    	0.992006  
24427.000000    	0.992122  
25023.000000    	0.992238  
25328.000000    	0.992354  
25521.000000    	0.992412  
25816.000000    	0.992528  
25901.000000    	0.992644  
26481.000000    	0.992702  
26732.000000    	0.992875  
26758.000000    	0.992933  
27305.000000    	0.993049  
27393.000000    	0.993107  
27429.000000    	0.993223  
28029.000000    	0.993339  
28143.000000    	0.993455  
28622.000000    	0.993513  
28852.000000    	0.993628  
29168.000000    	0.993744  
29176.000000    	0.993802  
29270.000000    	0.993918  
29604.000000    	0.994034  
29660.000000    	0.994150  
29845.000000    	0.994208  
30132.000000    	0.994323  
30380.000000    	0.994439  
30496.000000    	0.994555  
30501.000000    	0.994613  
30642.000000    	0.994729  
30761.000000    	0.994845  
30772.000000    	0.994903  
31175.000000    	0.995019  
31548.000000    	0.995134  
31720.000000    	0.995250  
31759.000000    	0.995308  
32104.000000    	0.995424  
32908.000000    	0.995540  
33109.000000    	0.995656  
33354.000000    	0.995714  
34059.000000    	0.995829  
34256.000000    	0.995945  
35322.000000    	0.996003  
36142.000000    	0.996119  
36410.000000    	0.996235  
36734.000000    	0.996351  
36793.000000    	0.996409  
37079.000000    	0.996525  
37383.000000    	0.996640  
37445.000000    	0.996756  
37783.000000    	0.996814  
37915.000000    	0.996930  
39402.000000    	0.997046  
39407.000000    	0.997104  
39754.000000    	0.997220  
40114.000000    	0.997335  
40981.000000    	0.997451  
42042.000000    	0.997509  
43219.000000    	0.997625  
43346.000000    	0.997741  
43604.000000    	0.997857  
44027.000000    	0.997915  
45490.000000    	0.998031  
45949.000000    	0.998146  
46383.000000    	0.998204  
46539.000000    	0.998320  
47035.000000    	0.998436  
47587.000000    	0.998552  
47781.000000    	0.998610  
49267.000000    	0.998726  
51242.000000    	0.998842  
52827.000000    	0.998957  
53628.000000    	0.999015  
55755.000000    	0.999131  
56329.000000    	0.999247  
59095.000000    	0.999305  
71666.000000    	0.999421  
72306.000000    	0.999537  
75278.000000    	0.999652  
75570.000000    	0.999710  
77773.000000    	0.999826  
81560.000000    	0.999942  
86071.000000    	1.000000  
86071.000000    	1.000000  
