1.000000        	0.000116  
2.000000        	0.000348  
3.000000        	0.000464  
4.000000        	0.001044  
5.000000        	0.002030  
6.000000        	0.003364  
7.000000        	0.004350  
8.000000        	0.005335  
9.000000        	0.006843  
10.000000       	0.008699  
11.000000       	0.009859  
12.000000       	0.010729  
13.000000       	0.011251  
14.000000       	0.011367  
15.000000       	0.011715  
16.000000       	0.012121  
17.000000       	0.012585  
18.000000       	0.013223  
19.000000       	0.013571  
20.000000       	0.014267  
21.000000       	0.014731  
22.000000       	0.015195  
23.000000       	0.016064  
24.000000       	0.017108  
25.000000       	0.017804  
26.000000       	0.018790  
27.000000       	0.020008  
28.000000       	0.021342  
29.000000       	0.022328  
30.000000       	0.023662  
31.000000       	0.025054  
32.000000       	0.026156  
33.000000       	0.027431  
34.000000       	0.028475  
35.000000       	0.030215  
36.000000       	0.031607  
37.000000       	0.032767  
38.000000       	0.034391  
39.000000       	0.035609  
40.000000       	0.036943  
41.000000       	0.038276  
42.000000       	0.039552  
43.000000       	0.040712  
44.000000       	0.041988  
45.000000       	0.043264  
46.000000       	0.044366  
47.000000       	0.047034  
48.000000       	0.049295  
49.000000       	0.051325  
50.000000       	0.053065  
51.000000       	0.055095  
52.000000       	0.057937  
53.000000       	0.059850  
54.000000       	0.061648  
55.000000       	0.063504  
56.000000       	0.065244  
57.000000       	0.067796  
58.000000       	0.070057  
59.000000       	0.072261  
60.000000       	0.074117  
61.000000       	0.076379  
62.000000       	0.078583  
63.000000       	0.081308  
64.000000       	0.084382  
65.000000       	0.086354  
66.000000       	0.089022  
67.000000       	0.092617  
68.000000       	0.095053  
69.000000       	0.097547  
70.000000       	0.100795  
71.000000       	0.105202  
72.000000       	0.109204  
73.000000       	0.112509  
74.000000       	0.115757  
75.000000       	0.120513  
76.000000       	0.124804  
77.000000       	0.128864  
78.000000       	0.133155  
79.000000       	0.135649  
80.000000       	0.138839  
81.000000       	0.141855  
82.000000       	0.144812  
83.000000       	0.147480  
84.000000       	0.150960  
85.000000       	0.154555  
86.000000       	0.157455  
87.000000       	0.160703  
88.000000       	0.162559  
89.000000       	0.165226  
90.000000       	0.168358  
91.000000       	0.170910  
92.000000       	0.173346  
93.000000       	0.175434  
94.000000       	0.178275  
95.000000       	0.180479  
96.000000       	0.182567  
97.000000       	0.184539  
98.000000       	0.186452  
99.000000       	0.188482  
100.000000      	0.190280  
101.000000      	0.192484  
102.000000      	0.194398  
103.000000      	0.196370  
104.000000      	0.197819  
105.000000      	0.199095  
106.000000      	0.200951  
107.000000      	0.202749  
108.000000      	0.204663  
109.000000      	0.205765  
110.000000      	0.207099  
111.000000      	0.208490  
112.000000      	0.209650  
113.000000      	0.211216  
114.000000      	0.212608  
115.000000      	0.214464  
116.000000      	0.216262  
117.000000      	0.217886  
118.000000      	0.218871  
119.000000      	0.219857  
120.000000      	0.221481  
121.000000      	0.222525  
122.000000      	0.223917  
123.000000      	0.225309  
124.000000      	0.226759  
125.000000      	0.227629  
126.000000      	0.229426  
127.000000      	0.230412  
128.000000      	0.231456  
129.000000      	0.232848  
130.000000      	0.233718  
131.000000      	0.234588  
132.000000      	0.235458  
133.000000      	0.236560  
134.000000      	0.238300  
135.000000      	0.239170  
136.000000      	0.239981  
137.000000      	0.241199  
138.000000      	0.242243  
139.000000      	0.243055  
140.000000      	0.243809  
141.000000      	0.244737  
142.000000      	0.245723  
143.000000      	0.246593  
144.000000      	0.247405  
145.000000      	0.248043  
146.000000      	0.248623  
147.000000      	0.249261  
148.000000      	0.250478  
149.000000      	0.251174  
150.000000      	0.252102  
151.000000      	0.253030  
152.000000      	0.253958  
153.000000      	0.254770  
154.000000      	0.255640  
155.000000      	0.256162  
156.000000      	0.257322  
157.000000      	0.258134  
158.000000      	0.259352  
159.000000      	0.261033  
160.000000      	0.262715  
161.000000      	0.264049  
162.000000      	0.265267  
163.000000      	0.266833  
164.000000      	0.267587  
165.000000      	0.268457  
166.000000      	0.270313  
167.000000      	0.271298  
168.000000      	0.272574  
169.000000      	0.274082  
170.000000      	0.275822  
171.000000      	0.276924  
172.000000      	0.277968  
173.000000      	0.279708  
174.000000      	0.280926  
175.000000      	0.281969  
176.000000      	0.283593  
177.000000      	0.285333  
178.000000      	0.286609  
179.000000      	0.287769  
180.000000      	0.289277  
181.000000      	0.290263  
182.000000      	0.291887  
183.000000      	0.293626  
184.000000      	0.295018  
185.000000      	0.296468  
186.000000      	0.297686  
187.000000      	0.298904  
188.000000      	0.300412  
189.000000      	0.302268  
190.000000      	0.303485  
191.000000      	0.304645  
192.000000      	0.306385  
193.000000      	0.307893  
194.000000      	0.309169  
195.000000      	0.310561  
196.000000      	0.311779  
197.000000      	0.313113  
198.000000      	0.314504  
199.000000      	0.315548  
200.000000      	0.316940  
201.000000      	0.318448  
202.000000      	0.319782  
203.000000      	0.320826  
204.000000      	0.321754  
205.000000      	0.322682  
206.000000      	0.323784  
207.000000      	0.324943  
208.000000      	0.325581  
209.000000      	0.326741  
210.000000      	0.327959  
211.000000      	0.329351  
212.000000      	0.330569  
213.000000      	0.331729  
214.000000      	0.332947  
215.000000      	0.334339  
216.000000      	0.335208  
217.000000      	0.336020  
218.000000      	0.337006  
219.000000      	0.337992  
220.000000      	0.338862  
221.000000      	0.340022  
222.000000      	0.340834  
223.000000      	0.341762  
224.000000      	0.342690  
225.000000      	0.343560  
226.000000      	0.345126  
227.000000      	0.346053  
228.000000      	0.347329  
229.000000      	0.348083  
230.000000      	0.348779  
231.000000      	0.349823  
232.000000      	0.351157  
233.000000      	0.352549  
234.000000      	0.353245  
235.000000      	0.354057  
236.000000      	0.354811  
237.000000      	0.355971  
238.000000      	0.356956  
239.000000      	0.357884  
240.000000      	0.358986  
241.000000      	0.360320  
242.000000      	0.361422  
243.000000      	0.362292  
244.000000      	0.363452  
245.000000      	0.364264  
246.000000      	0.365424  
247.000000      	0.366526  
248.000000      	0.367627  
249.000000      	0.368497  
250.000000      	0.369599  
251.000000      	0.370933  
252.000000      	0.371629  
253.000000      	0.372615  
254.000000      	0.373195  
255.000000      	0.373949  
256.000000      	0.374703  
257.000000      	0.375863  
258.000000      	0.376559  
259.000000      	0.377603  
260.000000      	0.378530  
261.000000      	0.379632  
262.000000      	0.381488  
263.000000      	0.382532  
264.000000      	0.383576  
265.000000      	0.384620  
266.000000      	0.385722  
267.000000      	0.386418  
268.000000      	0.387984  
269.000000      	0.389143  
270.000000      	0.390651  
271.000000      	0.392159  
272.000000      	0.393203  
273.000000      	0.394073  
274.000000      	0.395349  
275.000000      	0.396277  
276.000000      	0.397031  
277.000000      	0.398423  
278.000000      	0.399234  
279.000000      	0.400626  
280.000000      	0.402482  
281.000000      	0.403642  
282.000000      	0.405034  
283.000000      	0.405904  
284.000000      	0.407122  
285.000000      	0.408630  
286.000000      	0.409673  
287.000000      	0.411065  
288.000000      	0.412109  
289.000000      	0.412689  
290.000000      	0.413907  
291.000000      	0.415125  
292.000000      	0.416343  
293.000000      	0.417445  
294.000000      	0.418663  
295.000000      	0.419881  
296.000000      	0.420924  
297.000000      	0.421504  
298.000000      	0.422838  
299.000000      	0.423882  
300.000000      	0.425158  
301.000000      	0.426608  
302.000000      	0.428174  
303.000000      	0.429798  
304.000000      	0.431421  
305.000000      	0.432697  
306.000000      	0.433915  
307.000000      	0.435249  
308.000000      	0.436931  
309.000000      	0.438207  
310.000000      	0.439251  
311.000000      	0.440527  
312.000000      	0.441397  
313.000000      	0.442382  
314.000000      	0.443600  
315.000000      	0.444702  
316.000000      	0.445456  
317.000000      	0.446674  
318.000000      	0.447370  
319.000000      	0.448182  
320.000000      	0.449168  
321.000000      	0.450270  
322.000000      	0.451488  
323.000000      	0.452589  
324.000000      	0.453865  
325.000000      	0.455431  
326.000000      	0.456475  
327.000000      	0.457693  
328.000000      	0.458795  
329.000000      	0.459955  
330.000000      	0.461405  
331.000000      	0.462217  
332.000000      	0.463144  
333.000000      	0.464884  
334.000000      	0.466624  
335.000000      	0.468074  
336.000000      	0.468654  
337.000000      	0.469582  
338.000000      	0.470626  
339.000000      	0.471554  
340.000000      	0.472308  
341.000000      	0.473525  
342.000000      	0.474511  
343.000000      	0.475729  
344.000000      	0.476889  
345.000000      	0.477933  
346.000000      	0.479325  
347.000000      	0.480195  
348.000000      	0.481761  
349.000000      	0.482863  
350.000000      	0.484254  
351.000000      	0.485356  
352.000000      	0.486806  
353.000000      	0.488024  
354.000000      	0.489590  
355.000000      	0.490750  
356.000000      	0.492026  
357.000000      	0.492838  
358.000000      	0.493998  
359.000000      	0.495215  
360.000000      	0.496201  
361.000000      	0.497071  
362.000000      	0.498579  
363.000000      	0.499855  
364.000000      	0.501247  
365.000000      	0.502465  
366.000000      	0.503335  
367.000000      	0.504379  
368.000000      	0.505770  
369.000000      	0.507046  
370.000000      	0.508090  
371.000000      	0.509482  
372.000000      	0.510700  
373.000000      	0.512150  
374.000000      	0.513426  
375.000000      	0.514122  
376.000000      	0.514760  
377.000000      	0.516035  
378.000000      	0.517659  
379.000000      	0.518819  
380.000000      	0.520037  
381.000000      	0.521487  
382.000000      	0.522995  
383.000000      	0.524039  
384.000000      	0.525199  
385.000000      	0.526301  
386.000000      	0.527344  
387.000000      	0.528620  
388.000000      	0.530012  
389.000000      	0.532158  
390.000000      	0.533550  
391.000000      	0.534536  
392.000000      	0.535754  
393.000000      	0.536682  
394.000000      	0.538247  
395.000000      	0.539639  
396.000000      	0.541089  
397.000000      	0.542365  
398.000000      	0.543815  
399.000000      	0.545381  
400.000000      	0.546947  
401.000000      	0.548048  
402.000000      	0.549208  
403.000000      	0.550194  
404.000000      	0.551296  
405.000000      	0.552050  
406.000000      	0.553326  
407.000000      	0.554602  
408.000000      	0.555936  
409.000000      	0.557328  
410.000000      	0.558314  
411.000000      	0.559879  
412.000000      	0.561445  
413.000000      	0.562837  
414.000000      	0.565041  
415.000000      	0.566549  
416.000000      	0.568405  
417.000000      	0.570086  
418.000000      	0.571246  
419.000000      	0.572754  
420.000000      	0.574146  
421.000000      	0.575306  
422.000000      	0.576466  
423.000000      	0.577916  
424.000000      	0.579308  
425.000000      	0.581105  
426.000000      	0.582555  
427.000000      	0.583889  
428.000000      	0.584991  
429.000000      	0.585977  
430.000000      	0.587253  
431.000000      	0.589109  
432.000000      	0.590153  
433.000000      	0.591602  
434.000000      	0.592820  
435.000000      	0.594502  
436.000000      	0.596126  
437.000000      	0.597750  
438.000000      	0.599084  
439.000000      	0.600882  
440.000000      	0.601693  
441.000000      	0.603839  
442.000000      	0.605115  
443.000000      	0.606623  
444.000000      	0.607899  
445.000000      	0.608885  
446.000000      	0.610683  
447.000000      	0.612538  
448.000000      	0.613930  
449.000000      	0.615728  
450.000000      	0.617004  
451.000000      	0.617816  
452.000000      	0.618918  
453.000000      	0.619904  
454.000000      	0.621354  
455.000000      	0.622803  
456.000000      	0.624195  
457.000000      	0.625471  
458.000000      	0.627095  
459.000000      	0.628429  
460.000000      	0.629531  
461.000000      	0.631097  
462.000000      	0.632257  
463.000000      	0.633358  
464.000000      	0.634750  
465.000000      	0.636258  
466.000000      	0.637650  
467.000000      	0.638694  
468.000000      	0.639970  
469.000000      	0.641594  
470.000000      	0.643450  
471.000000      	0.644261  
472.000000      	0.645885  
473.000000      	0.647103  
474.000000      	0.648205  
475.000000      	0.649365  
476.000000      	0.650873  
477.000000      	0.652381  
478.000000      	0.653135  
479.000000      	0.653831  
480.000000      	0.654526  
481.000000      	0.655338  
482.000000      	0.656498  
483.000000      	0.657716  
484.000000      	0.658644  
485.000000      	0.659456  
486.000000      	0.660384  
487.000000      	0.662182  
488.000000      	0.663458  
489.000000      	0.664328  
490.000000      	0.665371  
491.000000      	0.666415  
492.000000      	0.667517  
493.000000      	0.668677  
494.000000      	0.670185  
495.000000      	0.671055  
496.000000      	0.672215  
497.000000      	0.672853  
498.000000      	0.674071  
499.000000      	0.675231  
500.000000      	0.676738  
501.000000      	0.677724  
502.000000      	0.678594  
503.000000      	0.679522  
504.000000      	0.680450  
505.000000      	0.681494  
506.000000      	0.682422  
507.000000      	0.683350  
508.000000      	0.684568  
509.000000      	0.685380  
510.000000      	0.686423  
511.000000      	0.687467  
512.000000      	0.688453  
513.000000      	0.689265  
514.000000      	0.690019  
515.000000      	0.690657  
516.000000      	0.691411  
517.000000      	0.692165  
518.000000      	0.693093  
519.000000      	0.694369  
520.000000      	0.695819  
521.000000      	0.697210  
522.000000      	0.698254  
523.000000      	0.698892  
524.000000      	0.699820  
525.000000      	0.700632  
526.000000      	0.701154  
527.000000      	0.701734  
528.000000      	0.702778  
529.000000      	0.704228  
530.000000      	0.705156  
531.000000      	0.706026  
532.000000      	0.707128  
533.000000      	0.708113  
534.000000      	0.709041  
535.000000      	0.710549  
536.000000      	0.711419  
537.000000      	0.711941  
538.000000      	0.713101  
539.000000      	0.713739  
540.000000      	0.714609  
541.000000      	0.715711  
542.000000      	0.716871  
543.000000      	0.717393  
544.000000      	0.718320  
545.000000      	0.718900  
546.000000      	0.719654  
547.000000      	0.720582  
548.000000      	0.721394  
549.000000      	0.722438  
550.000000      	0.723192  
551.000000      	0.723946  
552.000000      	0.724700  
553.000000      	0.725512  
554.000000      	0.726092  
555.000000      	0.726962  
556.000000      	0.727774  
557.000000      	0.728528  
558.000000      	0.729339  
559.000000      	0.730441  
560.000000      	0.730847  
561.000000      	0.731253  
562.000000      	0.732123  
563.000000      	0.733051  
564.000000      	0.734095  
565.000000      	0.734907  
566.000000      	0.735893  
567.000000      	0.736705  
568.000000      	0.737459  
569.000000      	0.738097  
570.000000      	0.738851  
571.000000      	0.739894  
572.000000      	0.740648  
573.000000      	0.741460  
574.000000      	0.742040  
575.000000      	0.742910  
576.000000      	0.743896  
577.000000      	0.744940  
578.000000      	0.745636  
579.000000      	0.746216  
580.000000      	0.747028  
581.000000      	0.747608  
582.000000      	0.748420  
583.000000      	0.749754  
584.000000      	0.750159  
585.000000      	0.750971  
586.000000      	0.751957  
587.000000      	0.753001  
588.000000      	0.753871  
589.000000      	0.754335  
590.000000      	0.755437  
591.000000      	0.755843  
592.000000      	0.756423  
593.000000      	0.757003  
594.000000      	0.757467  
595.000000      	0.758453  
596.000000      	0.758743  
597.000000      	0.759265  
598.000000      	0.760251  
599.000000      	0.760830  
600.000000      	0.761584  
601.000000      	0.761874  
602.000000      	0.762512  
603.000000      	0.763324  
604.000000      	0.764136  
605.000000      	0.764716  
606.000000      	0.765528  
607.000000      	0.765934  
608.000000      	0.766804  
609.000000      	0.767500  
610.000000      	0.768254  
611.000000      	0.769066  
612.000000      	0.769646  
613.000000      	0.770400  
614.000000      	0.770980  
615.000000      	0.771501  
616.000000      	0.772197  
617.000000      	0.772835  
618.000000      	0.773647  
619.000000      	0.774401  
620.000000      	0.775039  
621.000000      	0.776025  
622.000000      	0.776779  
623.000000      	0.777533  
624.000000      	0.778229  
625.000000      	0.778519  
626.000000      	0.779215  
627.000000      	0.779447  
628.000000      	0.780027  
629.000000      	0.780549  
630.000000      	0.781071  
631.000000      	0.781593  
632.000000      	0.782172  
633.000000      	0.782926  
634.000000      	0.783332  
635.000000      	0.783622  
636.000000      	0.784318  
637.000000      	0.785014  
638.000000      	0.785594  
639.000000      	0.786058  
640.000000      	0.786696  
641.000000      	0.787334  
642.000000      	0.787972  
643.000000      	0.788726  
644.000000      	0.789248  
645.000000      	0.789770  
646.000000      	0.790292  
647.000000      	0.790756  
648.000000      	0.791278  
649.000000      	0.791510  
650.000000      	0.791858  
651.000000      	0.792380  
652.000000      	0.793133  
653.000000      	0.793771  
654.000000      	0.794409  
655.000000      	0.794873  
656.000000      	0.795105  
657.000000      	0.795511  
658.000000      	0.796091  
659.000000      	0.796555  
660.000000      	0.796961  
661.000000      	0.797483  
662.000000      	0.797889  
663.000000      	0.798469  
664.000000      	0.799049  
665.000000      	0.799165  
666.000000      	0.799571  
667.000000      	0.800325  
668.000000      	0.800963  
669.000000      	0.801601  
670.000000      	0.802413  
671.000000      	0.802703  
672.000000      	0.803746  
673.000000      	0.804906  
674.000000      	0.805312  
675.000000      	0.805950  
676.000000      	0.806240  
677.000000      	0.806762  
678.000000      	0.807168  
679.000000      	0.807400  
680.000000      	0.807980  
681.000000      	0.808676  
682.000000      	0.808966  
683.000000      	0.809430  
684.000000      	0.809836  
685.000000      	0.810242  
686.000000      	0.810938  
687.000000      	0.811518  
688.000000      	0.812214  
689.000000      	0.813084  
690.000000      	0.813432  
691.000000      	0.813837  
692.000000      	0.814417  
693.000000      	0.814649  
694.000000      	0.814823  
695.000000      	0.815229  
696.000000      	0.815693  
697.000000      	0.816041  
698.000000      	0.816331  
699.000000      	0.816853  
700.000000      	0.817259  
701.000000      	0.817607  
702.000000      	0.817897  
703.000000      	0.818187  
704.000000      	0.818709  
705.000000      	0.819405  
706.000000      	0.819753  
707.000000      	0.819811  
708.000000      	0.820217  
709.000000      	0.820797  
710.000000      	0.821319  
711.000000      	0.821899  
712.000000      	0.822015  
713.000000      	0.822189  
714.000000      	0.822711  
715.000000      	0.823117  
716.000000      	0.823407  
717.000000      	0.823929  
718.000000      	0.824393  
719.000000      	0.824740  
720.000000      	0.824972  
721.000000      	0.825436  
722.000000      	0.825552  
723.000000      	0.825900  
724.000000      	0.826190  
725.000000      	0.826480  
726.000000      	0.826886  
727.000000      	0.827060  
728.000000      	0.827350  
729.000000      	0.827640  
730.000000      	0.828220  
731.000000      	0.828684  
732.000000      	0.828916  
733.000000      	0.829380  
734.000000      	0.829960  
735.000000      	0.830192  
736.000000      	0.830772  
737.000000      	0.831352  
738.000000      	0.831932  
739.000000      	0.832338  
740.000000      	0.832686  
741.000000      	0.833208  
742.000000      	0.833498  
743.000000      	0.834020  
744.000000      	0.834426  
745.000000      	0.835006  
746.000000      	0.835353  
747.000000      	0.835643  
748.000000      	0.836223  
749.000000      	0.836571  
750.000000      	0.837035  
751.000000      	0.837615  
752.000000      	0.837963  
753.000000      	0.838195  
754.000000      	0.838891  
755.000000      	0.839587  
756.000000      	0.839877  
757.000000      	0.840225  
758.000000      	0.840573  
759.000000      	0.841617  
760.000000      	0.841907  
761.000000      	0.842487  
762.000000      	0.842661  
763.000000      	0.843067  
764.000000      	0.843357  
765.000000      	0.843589  
766.000000      	0.843705  
767.000000      	0.844053  
768.000000      	0.844517  
769.000000      	0.844691  
770.000000      	0.844749  
771.000000      	0.845097  
772.000000      	0.845445  
773.000000      	0.845908  
774.000000      	0.846198  
775.000000      	0.846604  
776.000000      	0.846952  
777.000000      	0.847242  
778.000000      	0.847532  
779.000000      	0.847764  
780.000000      	0.848228  
781.000000      	0.848576  
782.000000      	0.848924  
783.000000      	0.849272  
784.000000      	0.849504  
785.000000      	0.850084  
786.000000      	0.850316  
787.000000      	0.850954  
788.000000      	0.851128  
789.000000      	0.851360  
790.000000      	0.851534  
791.000000      	0.851708  
792.000000      	0.852056  
793.000000      	0.852346  
794.000000      	0.853042  
795.000000      	0.853506  
796.000000      	0.853970  
797.000000      	0.854318  
798.000000      	0.854492  
799.000000      	0.854898  
800.000000      	0.855130  
801.000000      	0.855362  
802.000000      	0.855652  
803.000000      	0.856174  
804.000000      	0.856521  
805.000000      	0.856869  
806.000000      	0.857101  
807.000000      	0.857739  
808.000000      	0.857913  
809.000000      	0.858435  
810.000000      	0.858609  
811.000000      	0.858957  
812.000000      	0.859247  
813.000000      	0.859537  
814.000000      	0.860001  
815.000000      	0.860581  
816.000000      	0.860929  
817.000000      	0.861277  
818.000000      	0.861857  
819.000000      	0.862321  
820.000000      	0.862611  
821.000000      	0.863075  
822.000000      	0.863249  
823.000000      	0.863423  
824.000000      	0.863771  
825.000000      	0.864177  
826.000000      	0.864351  
827.000000      	0.864815  
828.000000      	0.865163  
829.000000      	0.865511  
830.000000      	0.865743  
831.000000      	0.866207  
832.000000      	0.866381  
833.000000      	0.866671  
834.000000      	0.867019  
835.000000      	0.867308  
836.000000      	0.867540  
837.000000      	0.867946  
838.000000      	0.868236  
839.000000      	0.868526  
840.000000      	0.868758  
841.000000      	0.869106  
842.000000      	0.869454  
843.000000      	0.869628  
844.000000      	0.869918  
845.000000      	0.870092  
846.000000      	0.870150  
848.000000      	0.870440  
849.000000      	0.870730  
850.000000      	0.870904  
851.000000      	0.871078  
852.000000      	0.871484  
853.000000      	0.871774  
854.000000      	0.872122  
855.000000      	0.872528  
856.000000      	0.872760  
857.000000      	0.873166  
858.000000      	0.873340  
859.000000      	0.873688  
860.000000      	0.874036  
862.000000      	0.874326  
863.000000      	0.874500  
864.000000      	0.874790  
865.000000      	0.875138  
866.000000      	0.875544  
867.000000      	0.875776  
868.000000      	0.875950  
869.000000      	0.876704  
870.000000      	0.876936  
871.000000      	0.877110  
872.000000      	0.877632  
873.000000      	0.877921  
874.000000      	0.878153  
875.000000      	0.878501  
876.000000      	0.878965  
877.000000      	0.879313  
878.000000      	0.879835  
879.000000      	0.880125  
880.000000      	0.880241  
881.000000      	0.880763  
882.000000      	0.881053  
883.000000      	0.881343  
884.000000      	0.881517  
885.000000      	0.881807  
886.000000      	0.881923  
887.000000      	0.882329  
888.000000      	0.882561  
889.000000      	0.882851  
890.000000      	0.883141  
891.000000      	0.883431  
892.000000      	0.883663  
893.000000      	0.883721  
894.000000      	0.884011  
895.000000      	0.884243  
896.000000      	0.884533  
897.000000      	0.884765  
898.000000      	0.884939  
899.000000      	0.885113  
900.000000      	0.885229  
901.000000      	0.885519  
902.000000      	0.885693  
903.000000      	0.885809  
904.000000      	0.886099  
905.000000      	0.886331  
906.000000      	0.886563  
907.000000      	0.886795  
908.000000      	0.886853  
909.000000      	0.886969  
910.000000      	0.887085  
911.000000      	0.887607  
912.000000      	0.887839  
914.000000      	0.888013  
915.000000      	0.888360  
916.000000      	0.888418  
917.000000      	0.888824  
918.000000      	0.888998  
919.000000      	0.889172  
920.000000      	0.889288  
921.000000      	0.889404  
922.000000      	0.889578  
923.000000      	0.889694  
924.000000      	0.889810  
925.000000      	0.889926  
926.000000      	0.890216  
928.000000      	0.890390  
929.000000      	0.890564  
930.000000      	0.890912  
931.000000      	0.891260  
932.000000      	0.891434  
933.000000      	0.891550  
934.000000      	0.891608  
935.000000      	0.891782  
936.000000      	0.891956  
937.000000      	0.892072  
938.000000      	0.892362  
939.000000      	0.892536  
940.000000      	0.892710  
941.000000      	0.893000  
942.000000      	0.893116  
944.000000      	0.893290  
945.000000      	0.893348  
946.000000      	0.893522  
947.000000      	0.893696  
948.000000      	0.893870  
950.000000      	0.893928  
951.000000      	0.894218  
953.000000      	0.894508  
955.000000      	0.894798  
956.000000      	0.894972  
957.000000      	0.895146  
958.000000      	0.895204  
960.000000      	0.895436  
961.000000      	0.895610  
962.000000      	0.895784  
963.000000      	0.895900  
964.000000      	0.896016  
966.000000      	0.896132  
967.000000      	0.896364  
968.000000      	0.896654  
969.000000      	0.896712  
971.000000      	0.896828  
973.000000      	0.897002  
974.000000      	0.897234  
975.000000      	0.897350  
976.000000      	0.897466  
977.000000      	0.897524  
978.000000      	0.897814  
979.000000      	0.897930  
981.000000      	0.898046  
982.000000      	0.898278  
984.000000      	0.898336  
985.000000      	0.898452  
986.000000      	0.898800  
987.000000      	0.898973  
988.000000      	0.899031  
989.000000      	0.899321  
990.000000      	0.899437  
993.000000      	0.899611  
995.000000      	0.899727  
996.000000      	0.900017  
998.000000      	0.900249  
1000.000000     	0.900423  
1002.000000     	0.900597  
1003.000000     	0.900713  
1006.000000     	0.900829  
1008.000000     	0.900945  
1009.000000     	0.901061  
1010.000000     	0.901119  
1012.000000     	0.901293  
1014.000000     	0.901467  
1015.000000     	0.901699  
1016.000000     	0.901757  
1017.000000     	0.901815  
1018.000000     	0.902047  
1019.000000     	0.902105  
1021.000000     	0.902221  
1024.000000     	0.902453  
1025.000000     	0.902511  
1026.000000     	0.902743  
1027.000000     	0.902975  
1028.000000     	0.903033  
1029.000000     	0.903207  
1030.000000     	0.903381  
1031.000000     	0.903613  
1033.000000     	0.903729  
1034.000000     	0.903903  
1035.000000     	0.904019  
1039.000000     	0.904135  
1042.000000     	0.904251  
1043.000000     	0.904309  
1047.000000     	0.904425  
1049.000000     	0.904657  
1050.000000     	0.904831  
1054.000000     	0.904947  
1056.000000     	0.905005  
1058.000000     	0.905121  
1061.000000     	0.905237  
1063.000000     	0.905353  
1066.000000     	0.905411  
1068.000000     	0.905585  
1070.000000     	0.905759  
1073.000000     	0.905817  
1080.000000     	0.906049  
1082.000000     	0.906107  
1084.000000     	0.906223  
1086.000000     	0.906629  
1089.000000     	0.906745  
1090.000000     	0.906803  
1092.000000     	0.906977  
1093.000000     	0.907151  
1095.000000     	0.907267  
1096.000000     	0.907383  
1097.000000     	0.907441  
1100.000000     	0.907557  
1101.000000     	0.907615  
1103.000000     	0.907731  
1106.000000     	0.907905  
1107.000000     	0.908021  
1109.000000     	0.908137  
1111.000000     	0.908311  
1117.000000     	0.908485  
1118.000000     	0.908659  
1120.000000     	0.908717  
1124.000000     	0.908891  
1127.000000     	0.908949  
1131.000000     	0.909007  
1134.000000     	0.909123  
1137.000000     	0.909239  
1139.000000     	0.909413  
1143.000000     	0.909529  
1145.000000     	0.909702  
1147.000000     	0.909818  
1148.000000     	0.909934  
1150.000000     	0.910050  
1151.000000     	0.910166  
1153.000000     	0.910282  
1154.000000     	0.910340  
1157.000000     	0.910456  
1158.000000     	0.910572  
1159.000000     	0.910746  
1163.000000     	0.910920  
1167.000000     	0.911036  
1169.000000     	0.911152  
1170.000000     	0.911210  
1172.000000     	0.911326  
1174.000000     	0.911442  
1177.000000     	0.911500  
1183.000000     	0.911674  
1187.000000     	0.911790  
1188.000000     	0.911848  
1190.000000     	0.912022  
1192.000000     	0.912138  
1194.000000     	0.912254  
1200.000000     	0.912312  
1201.000000     	0.912486  
1212.000000     	0.912544  
1213.000000     	0.912602  
1219.000000     	0.912718  
1223.000000     	0.912834  
1225.000000     	0.912950  
1228.000000     	0.913066  
1229.000000     	0.913124  
1232.000000     	0.913240  
1236.000000     	0.913356  
1243.000000     	0.913414  
1247.000000     	0.913530  
1250.000000     	0.913646  
1251.000000     	0.913704  
1263.000000     	0.913820  
1265.000000     	0.913994  
1266.000000     	0.914052  
1268.000000     	0.914110  
1274.000000     	0.914226  
1283.000000     	0.914342  
1286.000000     	0.914400  
1288.000000     	0.914516  
1292.000000     	0.914632  
1298.000000     	0.914748  
1301.000000     	0.914806  
1308.000000     	0.914922  
1314.000000     	0.915038  
1318.000000     	0.915154  
1322.000000     	0.915212  
1324.000000     	0.915328  
1329.000000     	0.915444  
1335.000000     	0.915560  
1336.000000     	0.915618  
1343.000000     	0.915734  
1345.000000     	0.915850  
1351.000000     	0.915908  
1356.000000     	0.916024  
1369.000000     	0.916140  
1375.000000     	0.916256  
1377.000000     	0.916314  
1381.000000     	0.916430  
1387.000000     	0.916546  
1388.000000     	0.916604  
1392.000000     	0.916720  
1402.000000     	0.916836  
1407.000000     	0.917010  
1414.000000     	0.917126  
1419.000000     	0.917242  
1420.000000     	0.917416  
1424.000000     	0.917648  
1434.000000     	0.917706  
1437.000000     	0.917822  
1450.000000     	0.917938  
1460.000000     	0.918112  
1462.000000     	0.918228  
1464.000000     	0.918344  
1465.000000     	0.918402  
1470.000000     	0.918518  
1473.000000     	0.918634  
1478.000000     	0.918750  
1480.000000     	0.918808  
1485.000000     	0.918924  
1489.000000     	0.919040  
1493.000000     	0.919156  
1494.000000     	0.919272  
1495.000000     	0.919388  
1499.000000     	0.919504  
1500.000000     	0.919620  
1508.000000     	0.919736  
1513.000000     	0.919852  
1514.000000     	0.919910  
1522.000000     	0.920084  
1524.000000     	0.920142  
1529.000000     	0.920257  
1535.000000     	0.920315  
1545.000000     	0.920431  
1559.000000     	0.920547  
1563.000000     	0.920605  
1571.000000     	0.920721  
1581.000000     	0.921011  
1585.000000     	0.921127  
1592.000000     	0.921301  
1612.000000     	0.921417  
1614.000000     	0.921533  
1616.000000     	0.921707  
1627.000000     	0.921823  
1633.000000     	0.921939  
1637.000000     	0.922055  
1638.000000     	0.922113  
1641.000000     	0.922229  
1644.000000     	0.922345  
1645.000000     	0.922403  
1646.000000     	0.922519  
1652.000000     	0.922635  
1660.000000     	0.922751  
1662.000000     	0.922809  
1679.000000     	0.922925  
1681.000000     	0.923041  
1694.000000     	0.923157  
1701.000000     	0.923215  
1706.000000     	0.923331  
1714.000000     	0.923447  
1716.000000     	0.923563  
1717.000000     	0.923621  
1720.000000     	0.923795  
1721.000000     	0.923853  
1723.000000     	0.923911  
1730.000000     	0.924085  
1735.000000     	0.924143  
1738.000000     	0.924201  
1739.000000     	0.924317  
1755.000000     	0.924433  
1764.000000     	0.924549  
1767.000000     	0.924607  
1773.000000     	0.924723  
1779.000000     	0.924955  
1784.000000     	0.925013  
1796.000000     	0.925129  
1800.000000     	0.925245  
1801.000000     	0.925303  
1808.000000     	0.925419  
1818.000000     	0.925535  
1821.000000     	0.925651  
1825.000000     	0.925709  
1830.000000     	0.925825  
1836.000000     	0.925941  
1845.000000     	0.926057  
1850.000000     	0.926115  
1859.000000     	0.926231  
1868.000000     	0.926405  
1871.000000     	0.926521  
1880.000000     	0.926637  
1889.000000     	0.926753  
1893.000000     	0.926869  
1903.000000     	0.926985  
1907.000000     	0.927101  
1911.000000     	0.927217  
1940.000000     	0.927333  
1951.000000     	0.927449  
1953.000000     	0.927507  
1959.000000     	0.927681  
1964.000000     	0.927797  
1965.000000     	0.927913  
1980.000000     	0.928029  
1984.000000     	0.928145  
1985.000000     	0.928261  
1986.000000     	0.928319  
1991.000000     	0.928493  
1992.000000     	0.928551  
1997.000000     	0.928609  
1998.000000     	0.928725  
2007.000000     	0.928899  
2010.000000     	0.928957  
2015.000000     	0.929015  
2022.000000     	0.929131  
2024.000000     	0.929247  
2025.000000     	0.929305  
2032.000000     	0.929421  
2049.000000     	0.929537  
2051.000000     	0.929653  
2053.000000     	0.929711  
2061.000000     	0.929827  
2065.000000     	0.929943  
2072.000000     	0.930001  
2074.000000     	0.930117  
2088.000000     	0.930233  
2092.000000     	0.930349  
2095.000000     	0.930407  
2105.000000     	0.930523  
2111.000000     	0.930697  
2115.000000     	0.930755  
2117.000000     	0.930813  
2128.000000     	0.930928  
2140.000000     	0.931044  
2144.000000     	0.931160  
2152.000000     	0.931218  
2164.000000     	0.931334  
2166.000000     	0.931450  
2167.000000     	0.931508  
2180.000000     	0.931624  
2198.000000     	0.931740  
2201.000000     	0.931856  
2203.000000     	0.931914  
2211.000000     	0.932146  
2213.000000     	0.932204  
2223.000000     	0.932320  
2226.000000     	0.932436  
2234.000000     	0.932552  
2241.000000     	0.932610  
2255.000000     	0.932726  
2269.000000     	0.932842  
2270.000000     	0.932900  
2281.000000     	0.933074  
2284.000000     	0.933132  
2291.000000     	0.933248  
2293.000000     	0.933306  
2308.000000     	0.933422  
2311.000000     	0.933538  
2323.000000     	0.933654  
2327.000000     	0.933770  
2330.000000     	0.933828  
2341.000000     	0.933944  
2342.000000     	0.934002  
2351.000000     	0.934118  
2357.000000     	0.934234  
2360.000000     	0.934350  
2366.000000     	0.934408  
2375.000000     	0.934524  
2380.000000     	0.934640  
2383.000000     	0.934814  
2388.000000     	0.934930  
2396.000000     	0.935046  
2399.000000     	0.935104  
2408.000000     	0.935220  
2411.000000     	0.935336  
2418.000000     	0.935452  
2442.000000     	0.935510  
2459.000000     	0.935626  
2472.000000     	0.935742  
2479.000000     	0.935800  
2495.000000     	0.936090  
2496.000000     	0.936148  
2498.000000     	0.936206  
2506.000000     	0.936380  
2514.000000     	0.936438  
2523.000000     	0.936612  
2525.000000     	0.936728  
2531.000000     	0.936844  
2543.000000     	0.936902  
2547.000000     	0.937018  
2549.000000     	0.937134  
2566.000000     	0.937250  
2570.000000     	0.937308  
2584.000000     	0.937424  
2594.000000     	0.937540  
2598.000000     	0.937656  
2601.000000     	0.937714  
2620.000000     	0.937830  
2627.000000     	0.937946  
2628.000000     	0.938004  
2662.000000     	0.938120  
2689.000000     	0.938236  
2716.000000     	0.938352  
2722.000000     	0.938410  
2728.000000     	0.938526  
2730.000000     	0.938642  
2736.000000     	0.938758  
2738.000000     	0.938816  
2742.000000     	0.938990  
2745.000000     	0.939048  
2756.000000     	0.939106  
2768.000000     	0.939222  
2775.000000     	0.939338  
2785.000000     	0.939454  
2788.000000     	0.939512  
2803.000000     	0.939628  
2819.000000     	0.939744  
2820.000000     	0.939802  
2838.000000     	0.939918  
2855.000000     	0.940034  
2865.000000     	0.940150  
2872.000000     	0.940208  
2879.000000     	0.940324  
2893.000000     	0.940440  
2901.000000     	0.940556  
2906.000000     	0.940614  
2909.000000     	0.940730  
2926.000000     	0.940846  
2933.000000     	0.940904  
2955.000000     	0.941020  
2967.000000     	0.941136  
2983.000000     	0.941252  
2994.000000     	0.941368  
3007.000000     	0.941426  
3026.000000     	0.941541  
3030.000000     	0.941657  
3040.000000     	0.941715  
3072.000000     	0.941831  
3081.000000     	0.941947  
3084.000000     	0.942063  
3087.000000     	0.942121  
3111.000000     	0.942237  
3166.000000     	0.942353  
3175.000000     	0.942411  
3191.000000     	0.942527  
3202.000000     	0.942643  
3204.000000     	0.942701  
3228.000000     	0.942817  
3235.000000     	0.942933  
3274.000000     	0.943049  
3277.000000     	0.943165  
3287.000000     	0.943223  
3303.000000     	0.943339  
3318.000000     	0.943455  
3334.000000     	0.943513  
3345.000000     	0.943629  
3353.000000     	0.943745  
3363.000000     	0.943803  
3394.000000     	0.943919  
3397.000000     	0.944035  
3448.000000     	0.944151  
3457.000000     	0.944209  
3470.000000     	0.944325  
3487.000000     	0.944441  
3495.000000     	0.944557  
3496.000000     	0.944615  
3506.000000     	0.944731  
3525.000000     	0.944847  
3538.000000     	0.944905  
3543.000000     	0.945021  
3579.000000     	0.945137  
3588.000000     	0.945253  
3592.000000     	0.945311  
3608.000000     	0.945427  
3616.000000     	0.945543  
3621.000000     	0.945601  
3648.000000     	0.945717  
3677.000000     	0.945833  
3706.000000     	0.945949  
3732.000000     	0.946007  
3739.000000     	0.946123  
3743.000000     	0.946239  
3758.000000     	0.946355  
3769.000000     	0.946413  
3791.000000     	0.946529  
3807.000000     	0.946645  
3811.000000     	0.946703  
3827.000000     	0.946819  
3834.000000     	0.946935  
3851.000000     	0.947109  
3874.000000     	0.947225  
3886.000000     	0.947341  
3895.000000     	0.947457  
3907.000000     	0.947515  
3924.000000     	0.947631  
3929.000000     	0.947747  
3935.000000     	0.947805  
3946.000000     	0.947921  
3961.000000     	0.948037  
3992.000000     	0.948153  
3994.000000     	0.948211  
4016.000000     	0.948327  
4063.000000     	0.948443  
4076.000000     	0.948501  
4083.000000     	0.948617  
4100.000000     	0.948733  
4132.000000     	0.948849  
4135.000000     	0.948907  
4146.000000     	0.949023  
4157.000000     	0.949139  
4170.000000     	0.949313  
4188.000000     	0.949429  
4200.000000     	0.949545  
4213.000000     	0.949603  
4248.000000     	0.949777  
4257.000000     	0.949835  
4265.000000     	0.949951  
4281.000000     	0.950009  
4304.000000     	0.950125  
4321.000000     	0.950241  
4330.000000     	0.950357  
4341.000000     	0.950415  
4347.000000     	0.950531  
4364.000000     	0.950647  
4371.000000     	0.950705  
4391.000000     	0.950821  
4411.000000     	0.950937  
4488.000000     	0.951053  
4500.000000     	0.951111  
4504.000000     	0.951227  
4551.000000     	0.951343  
4566.000000     	0.951401  
4632.000000     	0.951517  
4661.000000     	0.951633  
4671.000000     	0.951749  
4674.000000     	0.951807  
4703.000000     	0.951923  
4706.000000     	0.952039  
4747.000000     	0.952154  
4762.000000     	0.952212  
4765.000000     	0.952328  
4778.000000     	0.952444  
4786.000000     	0.952502  
4796.000000     	0.952618  
4816.000000     	0.952734  
4826.000000     	0.952850  
4831.000000     	0.952908  
4846.000000     	0.953024  
4875.000000     	0.953140  
4883.000000     	0.953256  
4898.000000     	0.953314  
4931.000000     	0.953430  
4968.000000     	0.953546  
4983.000000     	0.953604  
5020.000000     	0.953720  
5034.000000     	0.953836  
5046.000000     	0.953952  
5069.000000     	0.954010  
5080.000000     	0.954126  
5113.000000     	0.954242  
5127.000000     	0.954300  
5150.000000     	0.954416  
5167.000000     	0.954532  
5184.000000     	0.954648  
5191.000000     	0.954706  
5227.000000     	0.954822  
5261.000000     	0.954938  
5286.000000     	0.955054  
5288.000000     	0.955112  
5300.000000     	0.955228  
5312.000000     	0.955344  
5314.000000     	0.955402  
5327.000000     	0.955518  
5378.000000     	0.955634  
5425.000000     	0.955750  
5449.000000     	0.955808  
5466.000000     	0.955924  
5501.000000     	0.956040  
5522.000000     	0.956156  
5541.000000     	0.956214  
5573.000000     	0.956330  
5594.000000     	0.956446  
5605.000000     	0.956504  
5624.000000     	0.956620  
5632.000000     	0.956736  
5636.000000     	0.956852  
5667.000000     	0.956910  
5704.000000     	0.957026  
5726.000000     	0.957142  
5738.000000     	0.957200  
5758.000000     	0.957316  
5811.000000     	0.957432  
5839.000000     	0.957548  
5865.000000     	0.957606  
5883.000000     	0.957722  
5929.000000     	0.957838  
5943.000000     	0.957954  
5949.000000     	0.958012  
5984.000000     	0.958128  
6014.000000     	0.958244  
6079.000000     	0.958302  
6112.000000     	0.958418  
6152.000000     	0.958534  
6159.000000     	0.958650  
6164.000000     	0.958708  
6203.000000     	0.958824  
6233.000000     	0.958940  
6277.000000     	0.959056  
6347.000000     	0.959114  
6374.000000     	0.959230  
6402.000000     	0.959346  
6430.000000     	0.959404  
6516.000000     	0.959520  
6556.000000     	0.959636  
6588.000000     	0.959752  
6596.000000     	0.959810  
6644.000000     	0.959926  
6657.000000     	0.960042  
6693.000000     	0.960158  
6696.000000     	0.960216  
6747.000000     	0.960332  
6797.000000     	0.960448  
6824.000000     	0.960506  
6877.000000     	0.960622  
6885.000000     	0.960738  
6926.000000     	0.960854  
6935.000000     	0.960912  
7067.000000     	0.961028  
7161.000000     	0.961144  
7176.000000     	0.961202  
7328.000000     	0.961318  
7382.000000     	0.961434  
7411.000000     	0.961550  
7428.000000     	0.961608  
7514.000000     	0.961724  
7529.000000     	0.961840  
7575.000000     	0.961956  
7600.000000     	0.962014  
7615.000000     	0.962130  
7620.000000     	0.962246  
7663.000000     	0.962304  
7690.000000     	0.962420  
7779.000000     	0.962536  
7851.000000     	0.962652  
7910.000000     	0.962710  
7932.000000     	0.962825  
7971.000000     	0.962941  
8046.000000     	0.963057  
8139.000000     	0.963115  
8233.000000     	0.963231  
8293.000000     	0.963347  
8326.000000     	0.963405  
8406.000000     	0.963521  
8450.000000     	0.963637  
8482.000000     	0.963753  
8513.000000     	0.963811  
8541.000000     	0.963927  
8562.000000     	0.964043  
8571.000000     	0.964101  
8594.000000     	0.964217  
8634.000000     	0.964333  
8669.000000     	0.964449  
8671.000000     	0.964507  
8708.000000     	0.964623  
8793.000000     	0.964739  
8823.000000     	0.964855  
8838.000000     	0.964913  
8866.000000     	0.965029  
8896.000000     	0.965145  
8903.000000     	0.965203  
9033.000000     	0.965319  
9069.000000     	0.965435  
9143.000000     	0.965551  
9145.000000     	0.965609  
9165.000000     	0.965725  
9183.000000     	0.965841  
9215.000000     	0.965957  
9219.000000     	0.966015  
9221.000000     	0.966131  
9255.000000     	0.966247  
9277.000000     	0.966305  
9281.000000     	0.966421  
9319.000000     	0.966537  
9436.000000     	0.966653  
9437.000000     	0.966711  
9466.000000     	0.966827  
9507.000000     	0.966943  
9527.000000     	0.967001  
9586.000000     	0.967117  
9634.000000     	0.967233  
9696.000000     	0.967349  
9697.000000     	0.967407  
9728.000000     	0.967523  
9747.000000     	0.967697  
9755.000000     	0.967755  
9787.000000     	0.967813  
9818.000000     	0.967929  
9890.000000     	0.968045  
9911.000000     	0.968103  
9977.000000     	0.968219  
9984.000000     	0.968335  
10026.000000    	0.968451  
10090.000000    	0.968509  
10124.000000    	0.968625  
10210.000000    	0.968741  
10214.000000    	0.968857  
10217.000000    	0.968915  
10448.000000    	0.969031  
10471.000000    	0.969147  
10585.000000    	0.969205  
10664.000000    	0.969321  
10698.000000    	0.969437  
10733.000000    	0.969553  
10748.000000    	0.969611  
10813.000000    	0.969727  
10849.000000    	0.969843  
10886.000000    	0.969901  
10916.000000    	0.970017  
10953.000000    	0.970133  
11052.000000    	0.970249  
11058.000000    	0.970307  
11114.000000    	0.970423  
11181.000000    	0.970539  
11234.000000    	0.970655  
11263.000000    	0.970713  
11355.000000    	0.970829  
11394.000000    	0.970945  
11412.000000    	0.971003  
11448.000000    	0.971119  
11502.000000    	0.971235  
11552.000000    	0.971351  
11588.000000    	0.971409  
11610.000000    	0.971525  
11663.000000    	0.971641  
11735.000000    	0.971757  
11743.000000    	0.971815  
11775.000000    	0.971931  
11802.000000    	0.972047  
11811.000000    	0.972105  
11831.000000    	0.972221  
11914.000000    	0.972337  
11933.000000    	0.972453  
12028.000000    	0.972511  
12038.000000    	0.972627  
12072.000000    	0.972743  
12077.000000    	0.972801  
12110.000000    	0.972917  
12177.000000    	0.973033  
12242.000000    	0.973149  
12244.000000    	0.973207  
12312.000000    	0.973381  
12318.000000    	0.973438  
12364.000000    	0.973612  
12404.000000    	0.973728  
12431.000000    	0.973844  
12467.000000    	0.973902  
12493.000000    	0.974018  
12517.000000    	0.974134  
12536.000000    	0.974250  
12542.000000    	0.974308  
12623.000000    	0.974424  
12637.000000    	0.974540  
12652.000000    	0.974656  
12665.000000    	0.974714  
12679.000000    	0.974830  
12706.000000    	0.974946  
12717.000000    	0.975062  
12718.000000    	0.975120  
12731.000000    	0.975236  
12774.000000    	0.975352  
12782.000000    	0.975410  
12812.000000    	0.975526  
12831.000000    	0.975642  
12832.000000    	0.975700  
12858.000000    	0.975816  
12863.000000    	0.975932  
12905.000000    	0.976048  
12909.000000    	0.976106  
12973.000000    	0.976280  
12975.000000    	0.976338  
12984.000000    	0.976454  
13002.000000    	0.976512  
13030.000000    	0.976628  
13057.000000    	0.976744  
13069.000000    	0.976802  
13088.000000    	0.976918  
13103.000000    	0.977034  
13111.000000    	0.977150  
13118.000000    	0.977208  
13130.000000    	0.977324  
13157.000000    	0.977440  
13241.000000    	0.977556  
13249.000000    	0.977614  
13272.000000    	0.977730  
13287.000000    	0.977846  
13291.000000    	0.977904  
13301.000000    	0.978020  
13369.000000    	0.978136  
13412.000000    	0.978252  
13413.000000    	0.978310  
13459.000000    	0.978426  
13470.000000    	0.978542  
13479.000000    	0.978600  
13506.000000    	0.978774  
13513.000000    	0.978832  
13535.000000    	0.978948  
13540.000000    	0.979006  
13554.000000    	0.979122  
13565.000000    	0.979238  
13590.000000    	0.979354  
13594.000000    	0.979412  
13668.000000    	0.979528  
13681.000000    	0.979644  
13688.000000    	0.979760  
13691.000000    	0.979818  
13711.000000    	0.979934  
13756.000000    	0.980050  
13768.000000    	0.980108  
13791.000000    	0.980224  
13812.000000    	0.980340  
13849.000000    	0.980456  
13850.000000    	0.980514  
13886.000000    	0.980630  
13904.000000    	0.980746  
13916.000000    	0.980804  
13934.000000    	0.980978  
13969.000000    	0.981036  
14062.000000    	0.981152  
14068.000000    	0.981210  
14075.000000    	0.981326  
14110.000000    	0.981442  
14116.000000    	0.981558  
14142.000000    	0.981616  
14157.000000    	0.981732  
14203.000000    	0.981848  
14207.000000    	0.981906  
14222.000000    	0.982022  
14277.000000    	0.982138  
14311.000000    	0.982254  
14345.000000    	0.982312  
14427.000000    	0.982428  
14439.000000    	0.982544  
14447.000000    	0.982602  
14462.000000    	0.982718  
14480.000000    	0.982834  
14489.000000    	0.982950  
14494.000000    	0.983008  
14528.000000    	0.983124  
14553.000000    	0.983240  
14583.000000    	0.983356  
14627.000000    	0.983414  
14639.000000    	0.983530  
14652.000000    	0.983646  
14658.000000    	0.983704  
14703.000000    	0.983820  
14704.000000    	0.983936  
14716.000000    	0.984051  
14764.000000    	0.984109  
14810.000000    	0.984225  
14832.000000    	0.984341  
14875.000000    	0.984457  
14896.000000    	0.984515  
14906.000000    	0.984631  
14996.000000    	0.984747  
14998.000000    	0.984805  
15041.000000    	0.984921  
15087.000000    	0.985037  
15120.000000    	0.985153  
15139.000000    	0.985211  
15159.000000    	0.985385  
15162.000000    	0.985443  
15165.000000    	0.985501  
15219.000000    	0.985617  
15297.000000    	0.985733  
15342.000000    	0.985849  
15397.000000    	0.985907  
15419.000000    	0.986023  
15476.000000    	0.986197  
15499.000000    	0.986255  
15526.000000    	0.986313  
15588.000000    	0.986429  
15591.000000    	0.986545  
15601.000000    	0.986603  
15603.000000    	0.986719  
15650.000000    	0.986835  
15671.000000    	0.986951  
15686.000000    	0.987009  
15714.000000    	0.987125  
15749.000000    	0.987241  
15761.000000    	0.987357  
15764.000000    	0.987415  
15869.000000    	0.987531  
15905.000000    	0.987647  
15913.000000    	0.987705  
15922.000000    	0.987821  
15966.000000    	0.987937  
15995.000000    	0.988053  
16069.000000    	0.988111  
16091.000000    	0.988227  
16121.000000    	0.988343  
16126.000000    	0.988401  
16208.000000    	0.988517  
16246.000000    	0.988633  
16329.000000    	0.988749  
16335.000000    	0.988807  
16410.000000    	0.988923  
16488.000000    	0.989039  
16558.000000    	0.989155  
16559.000000    	0.989213  
16815.000000    	0.989329  
16826.000000    	0.989445  
16885.000000    	0.989503  
17066.000000    	0.989619  
17160.000000    	0.989735  
17230.000000    	0.989851  
17231.000000    	0.989909  
17414.000000    	0.990025  
17448.000000    	0.990141  
17465.000000    	0.990257  
17475.000000    	0.990315  
17569.000000    	0.990431  
17655.000000    	0.990547  
17657.000000    	0.990605  
17678.000000    	0.990721  
17711.000000    	0.990837  
17788.000000    	0.990953  
17806.000000    	0.991011  
17830.000000    	0.991127  
17913.000000    	0.991243  
17939.000000    	0.991301  
18020.000000    	0.991417  
18066.000000    	0.991533  
18080.000000    	0.991649  
18094.000000    	0.991765  
18145.000000    	0.991823  
18208.000000    	0.991939  
18272.000000    	0.992055  
18315.000000    	0.992113  
18320.000000    	0.992229  
18354.000000    	0.992345  
18366.000000    	0.992403  
18438.000000    	0.992519  
18492.000000    	0.992635  
18524.000000    	0.992751  
18535.000000    	0.992809  
18642.000000    	0.992925  
18738.000000    	0.993041  
18742.000000    	0.993157  
18786.000000    	0.993215  
18823.000000    	0.993331  
18872.000000    	0.993447  
18875.000000    	0.993505  
18964.000000    	0.993621  
18983.000000    	0.993737  
18996.000000    	0.993853  
19028.000000    	0.993911  
19056.000000    	0.994027  
19138.000000    	0.994143  
19237.000000    	0.994201  
19296.000000    	0.994317  
19385.000000    	0.994433  
19465.000000    	0.994549  
19578.000000    	0.994607  
20296.000000    	0.994722  
20365.000000    	0.994838  
20935.000000    	0.994954  
21007.000000    	0.995012  
21131.000000    	0.995128  
21426.000000    	0.995244  
21451.000000    	0.995302  
21630.000000    	0.995418  
21848.000000    	0.995534  
21995.000000    	0.995650  
22043.000000    	0.995708  
22166.000000    	0.995824  
22273.000000    	0.995940  
22361.000000    	0.996056  
22450.000000    	0.996114  
22710.000000    	0.996230  
22911.000000    	0.996346  
22947.000000    	0.996404  
23261.000000    	0.996520  
23514.000000    	0.996636  
23757.000000    	0.996752  
23783.000000    	0.996810  
24025.000000    	0.996926  
24746.000000    	0.997042  
25278.000000    	0.997100  
25572.000000    	0.997216  
25869.000000    	0.997332  
26350.000000    	0.997448  
26749.000000    	0.997506  
27361.000000    	0.997622  
27893.000000    	0.997738  
28297.000000    	0.997854  
28581.000000    	0.997912  
29914.000000    	0.998028  
30290.000000    	0.998144  
30750.000000    	0.998202  
30869.000000    	0.998318  
31182.000000    	0.998434  
33149.000000    	0.998550  
34467.000000    	0.998608  
35249.000000    	0.998724  
35376.000000    	0.998840  
35942.000000    	0.998956  
36376.000000    	0.999014  
39283.000000    	0.999130  
39599.000000    	0.999246  
39790.000000    	0.999304  
40061.000000    	0.999420  
40191.000000    	0.999536  
41236.000000    	0.999652  
43130.000000    	0.999710  
44921.000000    	0.999826  
51008.000000    	0.999942  
52022.000000    	1.000000  
52022.000000    	1.000000  
