0.000000        	0.000058  
1.000000        	0.001332  
2.000000        	0.002143  
3.000000        	0.002954  
4.000000        	0.009210  
5.000000        	0.010310  
6.000000        	0.010484  
7.000000        	0.010600  
8.000000        	0.010716  
10.000000       	0.010832  
12.000000       	0.011006  
14.000000       	0.011179  
15.000000       	0.011295  
16.000000       	0.011527  
17.000000       	0.011874  
18.000000       	0.012106  
19.000000       	0.012338  
20.000000       	0.012570  
21.000000       	0.012859  
22.000000       	0.013091  
23.000000       	0.013265  
24.000000       	0.013786  
25.000000       	0.014481  
26.000000       	0.014944  
27.000000       	0.015871  
28.000000       	0.016740  
29.000000       	0.018536  
30.000000       	0.020273  
31.000000       	0.022243  
32.000000       	0.023633  
33.000000       	0.025776  
34.000000       	0.026993  
35.000000       	0.028267  
36.000000       	0.029136  
37.000000       	0.030294  
38.000000       	0.031395  
39.000000       	0.032843  
40.000000       	0.033886  
41.000000       	0.035623  
42.000000       	0.037013  
43.000000       	0.038346  
44.000000       	0.039446  
45.000000       	0.041068  
46.000000       	0.042400  
47.000000       	0.043617  
48.000000       	0.044949  
49.000000       	0.046339  
50.000000       	0.047961  
51.000000       	0.048830  
52.000000       	0.050104  
53.000000       	0.051610  
54.000000       	0.052885  
55.000000       	0.054043  
56.000000       	0.054912  
57.000000       	0.056418  
58.000000       	0.057808  
59.000000       	0.059198  
60.000000       	0.060009  
61.000000       	0.061284  
62.000000       	0.062732  
63.000000       	0.063832  
64.000000       	0.064933  
65.000000       	0.065975  
66.000000       	0.067655  
67.000000       	0.068814  
68.000000       	0.070320  
69.000000       	0.071247  
70.000000       	0.072695  
71.000000       	0.074548  
72.000000       	0.076054  
73.000000       	0.077155  
74.000000       	0.078487  
75.000000       	0.080109  
76.000000       	0.081152  
77.000000       	0.082310  
78.000000       	0.083179  
79.000000       	0.084627  
80.000000       	0.085554  
81.000000       	0.087234  
82.000000       	0.088508  
83.000000       	0.089435  
84.000000       	0.090535  
85.000000       	0.091404  
86.000000       	0.092736  
87.000000       	0.093779  
88.000000       	0.094764  
89.000000       	0.095633  
90.000000       	0.096559  
91.000000       	0.098065  
92.000000       	0.099050  
93.000000       	0.099861  
94.000000       	0.101193  
95.000000       	0.102062  
96.000000       	0.102757  
97.000000       	0.103858  
98.000000       	0.105190  
99.000000       	0.106059  
100.000000      	0.107449  
101.000000      	0.108665  
102.000000      	0.109998  
103.000000      	0.112025  
104.000000      	0.112836  
105.000000      	0.114632  
106.000000      	0.117122  
107.000000      	0.118628  
108.000000      	0.120598  
109.000000      	0.122278  
110.000000      	0.124305  
111.000000      	0.126216  
112.000000      	0.127433  
113.000000      	0.129055  
114.000000      	0.130908  
115.000000      	0.133051  
116.000000      	0.135195  
117.000000      	0.136990  
118.000000      	0.139365  
119.000000      	0.141045  
120.000000      	0.142725  
121.000000      	0.144694  
122.000000      	0.147359  
123.000000      	0.149907  
124.000000      	0.152804  
125.000000      	0.155873  
126.000000      	0.159581  
127.000000      	0.162882  
128.000000      	0.166647  
129.000000      	0.171629  
130.000000      	0.176321  
131.000000      	0.180607  
132.000000      	0.185009  
133.000000      	0.188543  
134.000000      	0.191728  
135.000000      	0.195146  
136.000000      	0.197984  
137.000000      	0.200707  
138.000000      	0.203892  
139.000000      	0.207136  
140.000000      	0.210612  
141.000000      	0.214087  
142.000000      	0.216810  
143.000000      	0.219764  
144.000000      	0.222139  
145.000000      	0.225614  
146.000000      	0.228336  
147.000000      	0.231870  
148.000000      	0.234940  
149.000000      	0.237604  
150.000000      	0.240674  
151.000000      	0.244092  
152.000000      	0.247046  
153.000000      	0.249884  
154.000000      	0.252896  
155.000000      	0.255908  
156.000000      	0.258109  
157.000000      	0.260368  
158.000000      	0.263149  
159.000000      	0.265466  
160.000000      	0.268014  
161.000000      	0.270215  
162.000000      	0.272706  
163.000000      	0.276413  
164.000000      	0.280236  
165.000000      	0.282669  
166.000000      	0.285449  
167.000000      	0.288404  
168.000000      	0.291821  
169.000000      	0.294080  
170.000000      	0.296339  
171.000000      	0.299583  
172.000000      	0.302247  
173.000000      	0.304564  
174.000000      	0.307171  
175.000000      	0.310183  
176.000000      	0.313485  
177.000000      	0.316207  
178.000000      	0.318756  
179.000000      	0.320899  
180.000000      	0.323042  
181.000000      	0.325301  
182.000000      	0.327560  
183.000000      	0.329877  
184.000000      	0.332889  
185.000000      	0.335901  
186.000000      	0.338160  
187.000000      	0.340825  
188.000000      	0.342910  
189.000000      	0.345285  
190.000000      	0.347776  
191.000000      	0.350093  
192.000000      	0.352873  
193.000000      	0.355885  
194.000000      	0.359245  
195.000000      	0.361735  
196.000000      	0.364747  
197.000000      	0.367412  
198.000000      	0.370424  
199.000000      	0.373204  
200.000000      	0.375579  
201.000000      	0.378360  
202.000000      	0.380561  
203.000000      	0.382878  
204.000000      	0.385774  
205.000000      	0.388670  
206.000000      	0.390813  
207.000000      	0.393072  
208.000000      	0.395853  
209.000000      	0.398228  
210.000000      	0.401587  
211.000000      	0.404020  
212.000000      	0.407322  
213.000000      	0.410102  
214.000000      	0.413056  
215.000000      	0.415489  
216.000000      	0.418095  
217.000000      	0.421513  
218.000000      	0.424815  
219.000000      	0.427363  
220.000000      	0.429854  
221.000000      	0.433272  
222.000000      	0.436399  
223.000000      	0.439701  
224.000000      	0.443003  
225.000000      	0.445899  
226.000000      	0.448911  
227.000000      	0.451981  
228.000000      	0.455051  
229.000000      	0.458179  
230.000000      	0.461017  
231.000000      	0.464261  
232.000000      	0.467157  
233.000000      	0.470401  
234.000000      	0.473123  
235.000000      	0.477641  
236.000000      	0.480827  
237.000000      	0.485056  
238.000000      	0.488473  
239.000000      	0.492006  
240.000000      	0.495714  
241.000000      	0.500405  
242.000000      	0.504692  
243.000000      	0.509152  
244.000000      	0.513728  
245.000000      	0.518536  
246.000000      	0.523749  
247.000000      	0.528325  
248.000000      	0.533133  
249.000000      	0.538172  
250.000000      	0.543327  
251.000000      	0.547266  
252.000000      	0.551552  
253.000000      	0.556128  
254.000000      	0.560067  
255.000000      	0.563716  
256.000000      	0.567829  
257.000000      	0.571362  
258.000000      	0.574954  
259.000000      	0.578429  
260.000000      	0.582484  
261.000000      	0.585959  
262.000000      	0.590361  
263.000000      	0.594532  
264.000000      	0.598934  
265.000000      	0.604147  
266.000000      	0.609708  
267.000000      	0.615906  
268.000000      	0.621582  
269.000000      	0.627722  
270.000000      	0.633573  
271.000000      	0.638554  
272.000000      	0.643594  
273.000000      	0.648170  
274.000000      	0.652919  
275.000000      	0.657785  
276.000000      	0.662071  
277.000000      	0.666879  
278.000000      	0.670992  
279.000000      	0.674988  
280.000000      	0.678696  
281.000000      	0.682692  
282.000000      	0.687152  
283.000000      	0.691091  
284.000000      	0.694045  
285.000000      	0.697231  
286.000000      	0.700417  
287.000000      	0.703255  
288.000000      	0.707484  
289.000000      	0.711423  
290.000000      	0.714782  
291.000000      	0.718316  
292.000000      	0.720748  
293.000000      	0.724282  
294.000000      	0.727641  
295.000000      	0.730538  
296.000000      	0.733086  
297.000000      	0.735403  
298.000000      	0.737720  
299.000000      	0.739574  
300.000000      	0.741427  
301.000000      	0.743165  
302.000000      	0.745076  
303.000000      	0.746988  
304.000000      	0.749363  
305.000000      	0.751448  
306.000000      	0.753997  
307.000000      	0.755792  
308.000000      	0.757820  
309.000000      	0.759500  
310.000000      	0.761179  
311.000000      	0.762975  
312.000000      	0.764249  
313.000000      	0.765871  
314.000000      	0.767493  
315.000000      	0.768478  
316.000000      	0.769810  
317.000000      	0.770737  
318.000000      	0.771606  
319.000000      	0.773054  
320.000000      	0.774502  
321.000000      	0.775371  
322.000000      	0.776471  
323.000000      	0.777514  
324.000000      	0.778614  
325.000000      	0.779715  
326.000000      	0.780352  
327.000000      	0.780931  
328.000000      	0.781569  
329.000000      	0.782322  
330.000000      	0.783596  
331.000000      	0.784523  
332.000000      	0.785623  
333.000000      	0.786145  
334.000000      	0.786898  
335.000000      	0.787593  
336.000000      	0.788635  
337.000000      	0.789330  
338.000000      	0.790315  
339.000000      	0.791126  
340.000000      	0.791763  
341.000000      	0.792516  
342.000000      	0.793443  
343.000000      	0.794601  
344.000000      	0.795297  
345.000000      	0.796050  
346.000000      	0.796976  
347.000000      	0.797324  
348.000000      	0.797845  
349.000000      	0.798540  
350.000000      	0.799525  
351.000000      	0.800568  
352.000000      	0.801089  
353.000000      	0.801842  
354.000000      	0.802479  
355.000000      	0.803348  
356.000000      	0.804101  
357.000000      	0.805144  
358.000000      	0.806070  
359.000000      	0.806650  
360.000000      	0.807287  
361.000000      	0.808329  
362.000000      	0.809025  
363.000000      	0.809604  
364.000000      	0.810125  
365.000000      	0.810878  
366.000000      	0.811573  
367.000000      	0.812095  
368.000000      	0.812500  
369.000000      	0.813137  
370.000000      	0.813543  
371.000000      	0.814238  
372.000000      	0.814875  
373.000000      	0.815570  
374.000000      	0.816671  
375.000000      	0.817134  
376.000000      	0.817713  
377.000000      	0.818292  
378.000000      	0.818698  
379.000000      	0.819045  
380.000000      	0.819335  
381.000000      	0.819741  
382.000000      	0.820146  
383.000000      	0.820725  
384.000000      	0.821420  
385.000000      	0.822057  
386.000000      	0.822926  
387.000000      	0.823390  
388.000000      	0.824085  
389.000000      	0.824722  
390.000000      	0.824954  
391.000000      	0.825533  
392.000000      	0.825938  
393.000000      	0.826286  
394.000000      	0.826807  
395.000000      	0.827271  
396.000000      	0.827734  
397.000000      	0.828371  
398.000000      	0.829182  
399.000000      	0.830167  
400.000000      	0.830630  
401.000000      	0.831036  
402.000000      	0.831325  
403.000000      	0.831731  
404.000000      	0.832715  
405.000000      	0.833121  
406.000000      	0.833816  
407.000000      	0.834685  
408.000000      	0.835380  
409.000000      	0.836075  
410.000000      	0.836770  
411.000000      	0.837755  
412.000000      	0.838740  
413.000000      	0.840361  
414.000000      	0.841288  
415.000000      	0.842215  
416.000000      	0.843026  
417.000000      	0.843721  
418.000000      	0.844474  
419.000000      	0.845459  
420.000000      	0.846096  
421.000000      	0.846791  
422.000000      	0.847544  
423.000000      	0.848587  
424.000000      	0.849166  
425.000000      	0.850151  
426.000000      	0.851019  
427.000000      	0.851715  
428.000000      	0.852410  
429.000000      	0.852873  
430.000000      	0.853684  
431.000000      	0.854089  
432.000000      	0.855132  
433.000000      	0.855885  
434.000000      	0.856464  
435.000000      	0.856986  
436.000000      	0.857681  
437.000000      	0.858202  
438.000000      	0.858608  
439.000000      	0.859361  
440.000000      	0.860287  
441.000000      	0.861040  
442.000000      	0.861851  
443.000000      	0.862257  
444.000000      	0.862778  
445.000000      	0.863299  
446.000000      	0.863937  
447.000000      	0.864690  
448.000000      	0.865500  
449.000000      	0.866427  
450.000000      	0.867122  
451.000000      	0.867933  
452.000000      	0.868744  
453.000000      	0.869555  
454.000000      	0.869845  
455.000000      	0.870250  
456.000000      	0.870887  
457.000000      	0.871582  
458.000000      	0.872104  
459.000000      	0.872915  
460.000000      	0.873552  
461.000000      	0.874131  
462.000000      	0.874363  
463.000000      	0.875058  
464.000000      	0.875637  
465.000000      	0.876274  
466.000000      	0.876854  
467.000000      	0.877433  
468.000000      	0.877838  
469.000000      	0.878360  
470.000000      	0.878997  
471.000000      	0.879460  
472.000000      	0.879981  
473.000000      	0.880734  
474.000000      	0.881198  
475.000000      	0.881835  
476.000000      	0.882183  
477.000000      	0.882472  
478.000000      	0.882646  
479.000000      	0.883167  
480.000000      	0.883631  
481.000000      	0.884326  
482.000000      	0.885021  
483.000000      	0.885716  
484.000000      	0.886179  
485.000000      	0.886643  
486.000000      	0.887222  
487.000000      	0.887859  
488.000000      	0.888380  
489.000000      	0.888670  
490.000000      	0.889018  
491.000000      	0.889771  
493.000000      	0.890234  
494.000000      	0.890929  
495.000000      	0.891392  
496.000000      	0.891856  
497.000000      	0.892493  
498.000000      	0.893130  
499.000000      	0.893478  
500.000000      	0.893999  
501.000000      	0.894405  
502.000000      	0.894868  
503.000000      	0.895273  
504.000000      	0.895679  
505.000000      	0.896084  
506.000000      	0.896722  
507.000000      	0.897127  
508.000000      	0.897475  
509.000000      	0.897880  
510.000000      	0.898112  
511.000000      	0.898691  
512.000000      	0.899096  
513.000000      	0.899734  
514.000000      	0.900081  
515.000000      	0.900487  
516.000000      	0.901124  
517.000000      	0.901877  
518.000000      	0.902630  
519.000000      	0.902861  
520.000000      	0.903267  
521.000000      	0.903788  
522.000000      	0.904136  
523.000000      	0.904657  
524.000000      	0.904947  
525.000000      	0.905294  
526.000000      	0.905931  
527.000000      	0.906221  
528.000000      	0.906337  
529.000000      	0.906684  
530.000000      	0.906858  
531.000000      	0.907264  
532.000000      	0.907553  
533.000000      	0.908017  
534.000000      	0.908248  
535.000000      	0.908596  
536.000000      	0.909059  
537.000000      	0.909233  
538.000000      	0.910044  
539.000000      	0.910392  
540.000000      	0.910681  
541.000000      	0.911318  
542.000000      	0.911724  
543.000000      	0.912129  
544.000000      	0.912419  
545.000000      	0.912940  
546.000000      	0.913230  
547.000000      	0.913693  
548.000000      	0.914157  
549.000000      	0.914562  
550.000000      	0.914794  
551.000000      	0.915141  
552.000000      	0.915489  
553.000000      	0.916010  
554.000000      	0.916474  
555.000000      	0.916995  
556.000000      	0.917516  
557.000000      	0.917922  
558.000000      	0.918153  
559.000000      	0.918617  
560.000000      	0.919138  
561.000000      	0.919370  
562.000000      	0.919486  
563.000000      	0.919833  
564.000000      	0.920412  
565.000000      	0.920818  
566.000000      	0.921397  
567.000000      	0.921687  
568.000000      	0.922092  
569.000000      	0.922440  
570.000000      	0.923135  
571.000000      	0.923540  
572.000000      	0.923714  
573.000000      	0.924120  
574.000000      	0.924699  
575.000000      	0.924988  
576.000000      	0.925278  
577.000000      	0.925741  
578.000000      	0.926031  
579.000000      	0.926726  
580.000000      	0.927074  
581.000000      	0.927537  
582.000000      	0.927711  
583.000000      	0.927943  
584.000000      	0.928116  
585.000000      	0.928522  
586.000000      	0.928927  
587.000000      	0.929217  
588.000000      	0.929391  
589.000000      	0.929506  
590.000000      	0.929738  
591.000000      	0.930028  
592.000000      	0.930202  
593.000000      	0.930491  
594.000000      	0.930723  
595.000000      	0.930955  
596.000000      	0.931302  
597.000000      	0.931418  
598.000000      	0.931650  
599.000000      	0.931881  
600.000000      	0.932055  
601.000000      	0.932171  
602.000000      	0.932403  
603.000000      	0.932519  
604.000000      	0.932750  
605.000000      	0.932808  
607.000000      	0.933098  
608.000000      	0.933445  
609.000000      	0.933677  
610.000000      	0.933851  
611.000000      	0.933967  
612.000000      	0.934256  
613.000000      	0.934372  
614.000000      	0.934604  
615.000000      	0.934835  
616.000000      	0.935067  
617.000000      	0.935183  
619.000000      	0.935299  
620.000000      	0.935589  
621.000000      	0.935878  
622.000000      	0.936110  
623.000000      	0.936342  
624.000000      	0.936631  
625.000000      	0.936747  
626.000000      	0.936921  
628.000000      	0.937095  
629.000000      	0.937152  
630.000000      	0.937558  
631.000000      	0.937616  
633.000000      	0.937732  
636.000000      	0.937848  
638.000000      	0.938021  
639.000000      	0.938195  
640.000000      	0.938485  
641.000000      	0.938716  
643.000000      	0.938832  
644.000000      	0.938948  
646.000000      	0.939006  
648.000000      	0.939122  
650.000000      	0.939296  
651.000000      	0.939354  
656.000000      	0.939469  
658.000000      	0.939527  
659.000000      	0.939643  
662.000000      	0.939701  
666.000000      	0.939817  
667.000000      	0.939933  
670.000000      	0.940049  
671.000000      	0.940107  
672.000000      	0.940222  
674.000000      	0.940454  
676.000000      	0.940512  
678.000000      	0.940628  
681.000000      	0.940744  
682.000000      	0.940802  
685.000000      	0.940918  
686.000000      	0.941033  
690.000000      	0.941207  
692.000000      	0.941439  
697.000000      	0.941613  
703.000000      	0.941786  
705.000000      	0.941902  
709.000000      	0.942076  
712.000000      	0.942134  
714.000000      	0.942308  
717.000000      	0.942424  
718.000000      	0.942539  
719.000000      	0.942655  
720.000000      	0.942713  
721.000000      	0.942887  
723.000000      	0.942945  
725.000000      	0.943003  
729.000000      	0.943177  
730.000000      	0.943234  
734.000000      	0.943350  
736.000000      	0.943408  
737.000000      	0.943698  
738.000000      	0.943756  
739.000000      	0.943872  
743.000000      	0.943930  
744.000000      	0.944103  
748.000000      	0.944277  
749.000000      	0.944335  
752.000000      	0.944451  
754.000000      	0.944625  
755.000000      	0.944741  
762.000000      	0.944914  
765.000000      	0.945088  
767.000000      	0.945204  
768.000000      	0.945320  
771.000000      	0.945494  
773.000000      	0.945609  
775.000000      	0.945783  
777.000000      	0.945899  
779.000000      	0.945957  
780.000000      	0.946015  
784.000000      	0.946131  
790.000000      	0.946247  
793.000000      	0.946304  
795.000000      	0.946420  
800.000000      	0.946536  
801.000000      	0.946652  
803.000000      	0.946710  
805.000000      	0.946826  
807.000000      	0.947000  
809.000000      	0.947057  
810.000000      	0.947115  
811.000000      	0.947231  
815.000000      	0.947347  
816.000000      	0.947405  
818.000000      	0.947521  
822.000000      	0.947637  
826.000000      	0.947753  
829.000000      	0.947868  
832.000000      	0.947926  
834.000000      	0.948042  
835.000000      	0.948100  
838.000000      	0.948274  
842.000000      	0.948332  
846.000000      	0.948506  
851.000000      	0.948621  
865.000000      	0.948737  
868.000000      	0.948853  
870.000000      	0.948911  
872.000000      	0.949085  
873.000000      	0.949143  
877.000000      	0.949201  
879.000000      	0.949316  
885.000000      	0.949432  
887.000000      	0.949548  
889.000000      	0.949664  
892.000000      	0.949722  
899.000000      	0.949838  
902.000000      	0.949954  
906.000000      	0.950127  
909.000000      	0.950243  
911.000000      	0.950301  
913.000000      	0.950417  
919.000000      	0.950533  
922.000000      	0.950649  
925.000000      	0.950707  
929.000000      	0.950823  
937.000000      	0.950938  
948.000000      	0.951054  
949.000000      	0.951112  
952.000000      	0.951228  
962.000000      	0.951402  
968.000000      	0.951576  
970.000000      	0.951633  
973.000000      	0.951749  
975.000000      	0.951807  
993.000000      	0.951981  
994.000000      	0.952039  
1000.000000     	0.952155  
1002.000000     	0.952329  
1006.000000     	0.952444  
1008.000000     	0.952502  
1010.000000     	0.952618  
1012.000000     	0.952792  
1015.000000     	0.952850  
1017.000000     	0.952908  
1018.000000     	0.953024  
1020.000000     	0.953139  
1032.000000     	0.953255  
1034.000000     	0.953313  
1041.000000     	0.953487  
1043.000000     	0.953545  
1048.000000     	0.953661  
1057.000000     	0.953719  
1067.000000     	0.953835  
1079.000000     	0.953950  
1090.000000     	0.954008  
1111.000000     	0.954124  
1127.000000     	0.954240  
1150.000000     	0.954356  
1162.000000     	0.954414  
1169.000000     	0.954530  
1176.000000     	0.954646  
1182.000000     	0.954703  
1190.000000     	0.954819  
1202.000000     	0.954935  
1206.000000     	0.955051  
1212.000000     	0.955167  
1214.000000     	0.955225  
1219.000000     	0.955341  
1228.000000     	0.955456  
1234.000000     	0.955514  
1253.000000     	0.955688  
1259.000000     	0.955746  
1261.000000     	0.955804  
1272.000000     	0.955920  
1302.000000     	0.956036  
1309.000000     	0.956152  
1316.000000     	0.956209  
1335.000000     	0.956325  
1357.000000     	0.956441  
1376.000000     	0.956557  
1386.000000     	0.956615  
1397.000000     	0.956731  
1410.000000     	0.956847  
1423.000000     	0.956905  
1428.000000     	0.957020  
1432.000000     	0.957136  
1447.000000     	0.957310  
1482.000000     	0.957484  
1488.000000     	0.957542  
1513.000000     	0.957658  
1516.000000     	0.957715  
1530.000000     	0.957831  
1534.000000     	0.957947  
1537.000000     	0.958005  
1549.000000     	0.958121  
1556.000000     	0.958237  
1564.000000     	0.958353  
1570.000000     	0.958411  
1595.000000     	0.958526  
1603.000000     	0.958642  
1605.000000     	0.958700  
1609.000000     	0.958816  
1635.000000     	0.958932  
1653.000000     	0.959048  
1655.000000     	0.959106  
1687.000000     	0.959222  
1692.000000     	0.959337  
1726.000000     	0.959453  
1732.000000     	0.959511  
1750.000000     	0.959627  
1769.000000     	0.959743  
1773.000000     	0.959801  
1789.000000     	0.959917  
1815.000000     	0.960032  
1830.000000     	0.960148  
1839.000000     	0.960206  
1871.000000     	0.960322  
1894.000000     	0.960438  
1897.000000     	0.960554  
1915.000000     	0.960612  
1949.000000     	0.960728  
1978.000000     	0.960843  
1991.000000     	0.960901  
2010.000000     	0.961017  
2024.000000     	0.961133  
2034.000000     	0.961249  
2044.000000     	0.961307  
2082.000000     	0.961423  
2094.000000     	0.961538  
2104.000000     	0.961654  
2107.000000     	0.961712  
2110.000000     	0.961828  
2131.000000     	0.961944  
2133.000000     	0.962002  
2170.000000     	0.962118  
2176.000000     	0.962234  
2183.000000     	0.962349  
2186.000000     	0.962407  
2212.000000     	0.962523  
2228.000000     	0.962639  
2257.000000     	0.962755  
2262.000000     	0.962871  
2275.000000     	0.962929  
2309.000000     	0.963044  
2318.000000     	0.963102  
2361.000000     	0.963218  
2375.000000     	0.963334  
2384.000000     	0.963450  
2399.000000     	0.963508  
2413.000000     	0.963624  
2424.000000     	0.963740  
2446.000000     	0.963855  
2447.000000     	0.963913  
2473.000000     	0.964029  
2489.000000     	0.964145  
2506.000000     	0.964319  
2521.000000     	0.964435  
2542.000000     	0.964551  
2545.000000     	0.964608  
2551.000000     	0.964724  
2578.000000     	0.964840  
2595.000000     	0.964956  
2599.000000     	0.965014  
2605.000000     	0.965188  
2610.000000     	0.965361  
2613.000000     	0.965477  
2625.000000     	0.965535  
2634.000000     	0.965651  
2645.000000     	0.965709  
2674.000000     	0.965825  
2689.000000     	0.965941  
2696.000000     	0.966057  
2699.000000     	0.966114  
2711.000000     	0.966230  
2750.000000     	0.966346  
2766.000000     	0.966404  
2775.000000     	0.966520  
2794.000000     	0.966636  
2811.000000     	0.966752  
2823.000000     	0.966810  
2831.000000     	0.966925  
2854.000000     	0.967041  
2864.000000     	0.967157  
2876.000000     	0.967215  
2897.000000     	0.967331  
2910.000000     	0.967447  
2919.000000     	0.967505  
2926.000000     	0.967620  
2955.000000     	0.967736  
2986.000000     	0.967852  
3003.000000     	0.967910  
3032.000000     	0.968026  
3056.000000     	0.968142  
3111.000000     	0.968258  
3132.000000     	0.968316  
3172.000000     	0.968431  
3221.000000     	0.968547  
3228.000000     	0.968605  
3248.000000     	0.968721  
3294.000000     	0.968837  
3299.000000     	0.968953  
3303.000000     	0.969011  
3330.000000     	0.969127  
3336.000000     	0.969242  
3340.000000     	0.969300  
3354.000000     	0.969416  
3366.000000     	0.969532  
3380.000000     	0.969648  
3388.000000     	0.969706  
3390.000000     	0.969822  
3409.000000     	0.969937  
3417.000000     	0.970111  
3428.000000     	0.970227  
3432.000000     	0.970343  
3459.000000     	0.970401  
3470.000000     	0.970517  
3530.000000     	0.970633  
3535.000000     	0.970748  
3555.000000     	0.970806  
3574.000000     	0.970922  
3581.000000     	0.971038  
3668.000000     	0.971154  
3673.000000     	0.971212  
3688.000000     	0.971328  
3728.000000     	0.971443  
3754.000000     	0.971501  
3777.000000     	0.971617  
3801.000000     	0.971733  
3815.000000     	0.971907  
3844.000000     	0.972023  
3864.000000     	0.972139  
3905.000000     	0.972254  
3911.000000     	0.972312  
3944.000000     	0.972428  
4002.000000     	0.972544  
4022.000000     	0.972602  
4091.000000     	0.972718  
4106.000000     	0.972834  
4120.000000     	0.972949  
4127.000000     	0.973007  
4169.000000     	0.973123  
4199.000000     	0.973239  
4248.000000     	0.973355  
4262.000000     	0.973413  
4283.000000     	0.973529  
4324.000000     	0.973645  
4333.000000     	0.973703  
4354.000000     	0.973818  
4376.000000     	0.973934  
4409.000000     	0.974050  
4423.000000     	0.974108  
4453.000000     	0.974224  
4458.000000     	0.974340  
4498.000000     	0.974456  
4522.000000     	0.974513  
4537.000000     	0.974629  
4543.000000     	0.974745  
4574.000000     	0.974803  
4638.000000     	0.974919  
4710.000000     	0.975035  
4763.000000     	0.975151  
4780.000000     	0.975209  
4826.000000     	0.975324  
4842.000000     	0.975440  
4940.000000     	0.975556  
4949.000000     	0.975614  
4965.000000     	0.975730  
4985.000000     	0.975846  
5027.000000     	0.975904  
5081.000000     	0.976019  
5141.000000     	0.976135  
5175.000000     	0.976251  
5177.000000     	0.976309  
5247.000000     	0.976425  
5265.000000     	0.976541  
5307.000000     	0.976657  
5310.000000     	0.976715  
5341.000000     	0.976830  
5346.000000     	0.976946  
5354.000000     	0.977004  
5372.000000     	0.977120  
5398.000000     	0.977236  
5407.000000     	0.977352  
5410.000000     	0.977410  
5416.000000     	0.977525  
5438.000000     	0.977641  
5487.000000     	0.977757  
5541.000000     	0.977815  
5550.000000     	0.977931  
5605.000000     	0.978047  
5613.000000     	0.978163  
5625.000000     	0.978221  
5659.000000     	0.978336  
5671.000000     	0.978452  
5676.000000     	0.978510  
5724.000000     	0.978626  
5738.000000     	0.978742  
5753.000000     	0.978858  
5754.000000     	0.978916  
5771.000000     	0.979032  
5791.000000     	0.979147  
5803.000000     	0.979205  
5810.000000     	0.979321  
5813.000000     	0.979437  
5825.000000     	0.979553  
5843.000000     	0.979611  
5876.000000     	0.979727  
5901.000000     	0.979842  
5908.000000     	0.979900  
5922.000000     	0.980016  
5935.000000     	0.980132  
5941.000000     	0.980248  
5946.000000     	0.980306  
5968.000000     	0.980422  
5985.000000     	0.980538  
6032.000000     	0.980653  
6040.000000     	0.980769  
6048.000000     	0.980827  
6054.000000     	0.980943  
6072.000000     	0.981001  
6074.000000     	0.981117  
6095.000000     	0.981233  
6129.000000     	0.981348  
6144.000000     	0.981406  
6203.000000     	0.981522  
6209.000000     	0.981638  
6236.000000     	0.981754  
6238.000000     	0.981812  
6282.000000     	0.981928  
6307.000000     	0.982044  
6322.000000     	0.982101  
6347.000000     	0.982217  
6355.000000     	0.982391  
6357.000000     	0.982449  
6383.000000     	0.982507  
6391.000000     	0.982623  
6411.000000     	0.982739  
6447.000000     	0.982854  
6468.000000     	0.982912  
6513.000000     	0.983028  
6532.000000     	0.983144  
6533.000000     	0.983202  
6553.000000     	0.983318  
6621.000000     	0.983434  
6671.000000     	0.983550  
6678.000000     	0.983608  
6686.000000     	0.983723  
6818.000000     	0.983839  
6930.000000     	0.983955  
6985.000000     	0.984013  
7060.000000     	0.984129  
7143.000000     	0.984245  
7203.000000     	0.984303  
7245.000000     	0.984418  
7327.000000     	0.984534  
7365.000000     	0.984650  
7376.000000     	0.984708  
7492.000000     	0.984824  
7642.000000     	0.984940  
7729.000000     	0.985056  
7857.000000     	0.985114  
7994.000000     	0.985229  
8176.000000     	0.985345  
8194.000000     	0.985403  
8246.000000     	0.985519  
8419.000000     	0.985635  
8519.000000     	0.985751  
8530.000000     	0.985809  
8592.000000     	0.985924  
8672.000000     	0.986040  
8752.000000     	0.986156  
8780.000000     	0.986214  
8837.000000     	0.986330  
8881.000000     	0.986446  
8905.000000     	0.986504  
9046.000000     	0.986620  
9185.000000     	0.986735  
9408.000000     	0.986851  
9460.000000     	0.986909  
9601.000000     	0.987025  
9684.000000     	0.987141  
9701.000000     	0.987257  
9702.000000     	0.987315  
9748.000000     	0.987430  
9817.000000     	0.987546  
9906.000000     	0.987604  
10425.000000    	0.987720  
10636.000000    	0.987836  
10911.000000    	0.987952  
11055.000000    	0.988010  
11162.000000    	0.988126  
11373.000000    	0.988241  
11624.000000    	0.988357  
11657.000000    	0.988415  
11759.000000    	0.988531  
11971.000000    	0.988647  
12023.000000    	0.988705  
12112.000000    	0.988821  
12456.000000    	0.988937  
12517.000000    	0.989052  
12550.000000    	0.989110  
12650.000000    	0.989226  
12699.000000    	0.989342  
12746.000000    	0.989458  
12759.000000    	0.989516  
12895.000000    	0.989632  
12950.000000    	0.989747  
13005.000000    	0.989805  
13035.000000    	0.989979  
13042.000000    	0.990037  
13084.000000    	0.990153  
13131.000000    	0.990211  
13214.000000    	0.990327  
13240.000000    	0.990443  
13308.000000    	0.990500  
13336.000000    	0.990616  
13396.000000    	0.990732  
13418.000000    	0.990848  
13457.000000    	0.990906  
13494.000000    	0.991022  
13745.000000    	0.991138  
13771.000000    	0.991253  
13784.000000    	0.991311  
13847.000000    	0.991427  
14000.000000    	0.991543  
14074.000000    	0.991601  
14120.000000    	0.991717  
14263.000000    	0.991833  
14444.000000    	0.991949  
14468.000000    	0.992006  
14634.000000    	0.992122  
14810.000000    	0.992238  
14951.000000    	0.992354  
15259.000000    	0.992412  
15459.000000    	0.992528  
15513.000000    	0.992644  
15618.000000    	0.992702  
15782.000000    	0.992817  
15991.000000    	0.992933  
16089.000000    	0.993049  
16099.000000    	0.993107  
16129.000000    	0.993223  
16240.000000    	0.993339  
16532.000000    	0.993455  
16567.000000    	0.993513  
16697.000000    	0.993628  
17546.000000    	0.993744  
18012.000000    	0.993802  
18134.000000    	0.993918  
18369.000000    	0.994034  
18550.000000    	0.994150  
18575.000000    	0.994208  
18675.000000    	0.994323  
18810.000000    	0.994439  
18936.000000    	0.994555  
18957.000000    	0.994613  
19263.000000    	0.994729  
19601.000000    	0.994845  
19720.000000    	0.994903  
19885.000000    	0.995019  
20153.000000    	0.995134  
21305.000000    	0.995250  
21420.000000    	0.995308  
21686.000000    	0.995424  
22062.000000    	0.995540  
22527.000000    	0.995656  
22780.000000    	0.995714  
23754.000000    	0.995829  
23856.000000    	0.995945  
24307.000000    	0.996003  
24595.000000    	0.996119  
25052.000000    	0.996235  
25275.000000    	0.996351  
25299.000000    	0.996409  
25462.000000    	0.996525  
25559.000000    	0.996640  
26016.000000    	0.996756  
26035.000000    	0.996814  
26376.000000    	0.996930  
26511.000000    	0.997046  
26649.000000    	0.997104  
26669.000000    	0.997220  
26848.000000    	0.997335  
27488.000000    	0.997451  
27599.000000    	0.997509  
27701.000000    	0.997625  
29404.000000    	0.997741  
30253.000000    	0.997857  
30332.000000    	0.997915  
30383.000000    	0.998031  
30660.000000    	0.998146  
31156.000000    	0.998204  
32111.000000    	0.998320  
32595.000000    	0.998436  
33202.000000    	0.998552  
33366.000000    	0.998610  
33997.000000    	0.998726  
35114.000000    	0.998842  
35394.000000    	0.998957  
35811.000000    	0.999015  
36668.000000    	0.999131  
37269.000000    	0.999247  
39422.000000    	0.999305  
39946.000000    	0.999421  
41384.000000    	0.999537  
45285.000000    	0.999652  
47715.000000    	0.999710  
48964.000000    	0.999826  
56680.000000    	0.999942  
57217.000000    	1.000000  
57217.000000    	1.000000  
