0.000000        	0.000058  
1.000000        	0.001448  
2.000000        	0.002085  
3.000000        	0.002780  
4.000000        	0.008862  
5.000000        	0.010426  
6.000000        	0.010542  
7.000000        	0.010600  
10.000000       	0.010716  
11.000000       	0.010832  
12.000000       	0.011353  
13.000000       	0.011585  
14.000000       	0.011816  
15.000000       	0.012396  
16.000000       	0.012627  
17.000000       	0.013207  
18.000000       	0.013670  
19.000000       	0.014191  
20.000000       	0.014539  
21.000000       	0.015060  
22.000000       	0.015466  
23.000000       	0.015813  
24.000000       	0.016335  
25.000000       	0.016856  
26.000000       	0.017261  
27.000000       	0.017493  
28.000000       	0.018536  
29.000000       	0.019520  
30.000000       	0.020853  
31.000000       	0.022243  
32.000000       	0.023633  
33.000000       	0.025139  
34.000000       	0.026297  
35.000000       	0.027398  
36.000000       	0.028846  
37.000000       	0.030178  
38.000000       	0.031684  
39.000000       	0.032727  
40.000000       	0.034291  
41.000000       	0.035913  
42.000000       	0.037187  
43.000000       	0.038751  
44.000000       	0.040083  
45.000000       	0.042111  
46.000000       	0.043617  
47.000000       	0.045007  
48.000000       	0.046687  
49.000000       	0.048077  
50.000000       	0.049409  
51.000000       	0.050915  
52.000000       	0.052074  
53.000000       	0.053580  
54.000000       	0.054564  
55.000000       	0.055433  
56.000000       	0.056534  
57.000000       	0.057750  
58.000000       	0.058793  
59.000000       	0.060646  
60.000000       	0.061805  
61.000000       	0.063195  
62.000000       	0.064643  
63.000000       	0.066207  
64.000000       	0.067424  
65.000000       	0.068756  
66.000000       	0.070725  
67.000000       	0.072115  
68.000000       	0.073506  
69.000000       	0.075070  
70.000000       	0.076576  
71.000000       	0.078603  
72.000000       	0.080225  
73.000000       	0.081905  
74.000000       	0.083526  
75.000000       	0.085148  
76.000000       	0.086886  
77.000000       	0.088450  
78.000000       	0.089493  
79.000000       	0.090825  
80.000000       	0.092331  
81.000000       	0.093547  
82.000000       	0.094764  
83.000000       	0.095980  
84.000000       	0.097428  
85.000000       	0.098587  
86.000000       	0.099571  
87.000000       	0.100788  
88.000000       	0.101541  
89.000000       	0.102641  
90.000000       	0.103568  
91.000000       	0.104669  
92.000000       	0.106233  
93.000000       	0.107333  
94.000000       	0.108202  
95.000000       	0.108897  
96.000000       	0.110403  
97.000000       	0.111735  
98.000000       	0.112662  
99.000000       	0.113821  
100.000000      	0.114747  
101.000000      	0.115732  
102.000000      	0.117180  
103.000000      	0.119323  
104.000000      	0.121235  
105.000000      	0.123031  
106.000000      	0.124884  
107.000000      	0.127375  
108.000000      	0.129344  
109.000000      	0.131024  
110.000000      	0.133225  
111.000000      	0.135079  
112.000000      	0.136932  
113.000000      	0.138844  
114.000000      	0.141103  
115.000000      	0.142899  
116.000000      	0.144578  
117.000000      	0.146200  
118.000000      	0.147764  
119.000000      	0.150023  
120.000000      	0.152688  
121.000000      	0.155468  
122.000000      	0.157901  
123.000000      	0.160392  
124.000000      	0.163462  
125.000000      	0.166184  
126.000000      	0.170354  
127.000000      	0.173656  
128.000000      	0.177479  
129.000000      	0.181360  
130.000000      	0.184720  
131.000000      	0.188427  
132.000000      	0.191960  
133.000000      	0.195436  
134.000000      	0.198853  
135.000000      	0.203487  
136.000000      	0.206673  
137.000000      	0.209917  
138.000000      	0.212813  
139.000000      	0.215477  
140.000000      	0.218373  
141.000000      	0.221617  
142.000000      	0.224861  
143.000000      	0.227873  
144.000000      	0.230711  
145.000000      	0.233839  
146.000000      	0.236793  
147.000000      	0.240211  
148.000000      	0.243686  
149.000000      	0.245945  
150.000000      	0.248494  
151.000000      	0.251158  
152.000000      	0.253997  
153.000000      	0.257009  
154.000000      	0.259384  
155.000000      	0.262280  
156.000000      	0.265292  
157.000000      	0.268825  
158.000000      	0.271779  
159.000000      	0.274502  
160.000000      	0.277514  
161.000000      	0.280178  
162.000000      	0.282437  
163.000000      	0.285507  
164.000000      	0.288404  
165.000000      	0.291300  
166.000000      	0.294196  
167.000000      	0.297556  
168.000000      	0.300220  
169.000000      	0.303290  
170.000000      	0.306186  
171.000000      	0.309430  
172.000000      	0.311284  
173.000000      	0.314238  
174.000000      	0.316728  
175.000000      	0.319741  
176.000000      	0.322231  
177.000000      	0.325417  
178.000000      	0.328197  
179.000000      	0.330804  
180.000000      	0.333005  
181.000000      	0.336365  
182.000000      	0.339435  
183.000000      	0.341867  
184.000000      	0.344590  
185.000000      	0.347544  
186.000000      	0.349861  
187.000000      	0.352004  
188.000000      	0.355480  
189.000000      	0.358144  
190.000000      	0.360287  
191.000000      	0.363126  
192.000000      	0.366369  
193.000000      	0.369092  
194.000000      	0.372278  
195.000000      	0.376448  
196.000000      	0.379981  
197.000000      	0.382646  
198.000000      	0.385542  
199.000000      	0.388844  
200.000000      	0.391277  
201.000000      	0.393999  
202.000000      	0.396664  
203.000000      	0.399849  
204.000000      	0.403035  
205.000000      	0.406221  
206.000000      	0.409059  
207.000000      	0.411898  
208.000000      	0.414910  
209.000000      	0.417806  
210.000000      	0.421339  
211.000000      	0.423656  
212.000000      	0.426089  
213.000000      	0.428406  
214.000000      	0.431302  
215.000000      	0.433503  
216.000000      	0.435878  
217.000000      	0.438890  
218.000000      	0.441439  
219.000000      	0.443524  
220.000000      	0.446131  
221.000000      	0.448853  
222.000000      	0.451228  
223.000000      	0.454472  
224.000000      	0.457484  
225.000000      	0.459685  
226.000000      	0.462234  
227.000000      	0.464840  
228.000000      	0.467389  
229.000000      	0.470748  
230.000000      	0.474282  
231.000000      	0.477352  
232.000000      	0.480306  
233.000000      	0.483434  
234.000000      	0.486214  
235.000000      	0.489400  
236.000000      	0.492875  
237.000000      	0.496351  
238.000000      	0.500985  
239.000000      	0.504171  
240.000000      	0.507414  
241.000000      	0.510948  
242.000000      	0.513786  
243.000000      	0.517088  
244.000000      	0.521548  
245.000000      	0.525371  
246.000000      	0.530410  
247.000000      	0.534117  
248.000000      	0.538346  
249.000000      	0.542632  
250.000000      	0.546861  
251.000000      	0.550626  
252.000000      	0.553811  
253.000000      	0.557461  
254.000000      	0.560994  
255.000000      	0.564817  
256.000000      	0.569277  
257.000000      	0.572926  
258.000000      	0.577444  
259.000000      	0.582136  
260.000000      	0.586886  
261.000000      	0.591057  
262.000000      	0.595806  
263.000000      	0.601135  
264.000000      	0.606638  
265.000000      	0.611620  
266.000000      	0.616717  
267.000000      	0.622220  
268.000000      	0.627665  
269.000000      	0.633109  
270.000000      	0.638960  
271.000000      	0.644231  
272.000000      	0.649038  
273.000000      	0.654194  
274.000000      	0.658075  
275.000000      	0.662419  
276.000000      	0.667458  
277.000000      	0.671745  
278.000000      	0.676437  
279.000000      	0.680375  
280.000000      	0.684025  
281.000000      	0.688311  
282.000000      	0.692250  
283.000000      	0.695725  
284.000000      	0.699722  
285.000000      	0.702908  
286.000000      	0.706325  
287.000000      	0.710612  
288.000000      	0.714261  
289.000000      	0.718489  
290.000000      	0.721559  
291.000000      	0.724861  
292.000000      	0.727410  
293.000000      	0.729669  
294.000000      	0.732275  
295.000000      	0.734534  
296.000000      	0.737025  
297.000000      	0.739284  
298.000000      	0.741949  
299.000000      	0.744903  
300.000000      	0.746814  
301.000000      	0.748784  
302.000000      	0.751158  
303.000000      	0.753591  
304.000000      	0.755445  
305.000000      	0.757414  
306.000000      	0.759673  
307.000000      	0.761585  
308.000000      	0.763033  
309.000000      	0.764829  
310.000000      	0.766508  
311.000000      	0.768478  
312.000000      	0.770331  
313.000000      	0.771953  
314.000000      	0.773401  
315.000000      	0.774386  
316.000000      	0.775892  
317.000000      	0.777630  
318.000000      	0.779194  
319.000000      	0.780700  
320.000000      	0.781858  
321.000000      	0.783480  
322.000000      	0.784870  
323.000000      	0.786029  
324.000000      	0.787245  
325.000000      	0.788288  
326.000000      	0.789910  
327.000000      	0.790778  
328.000000      	0.791879  
329.000000      	0.792690  
330.000000      	0.793443  
331.000000      	0.794659  
332.000000      	0.795644  
333.000000      	0.796745  
334.000000      	0.798019  
335.000000      	0.799004  
336.000000      	0.800104  
337.000000      	0.801031  
338.000000      	0.801958  
339.000000      	0.803348  
340.000000      	0.804506  
341.000000      	0.805665  
342.000000      	0.806534  
343.000000      	0.807287  
344.000000      	0.808040  
345.000000      	0.808735  
346.000000      	0.809893  
347.000000      	0.810762  
348.000000      	0.811342  
349.000000      	0.811979  
350.000000      	0.812905  
351.000000      	0.813543  
352.000000      	0.814122  
353.000000      	0.815280  
354.000000      	0.815860  
355.000000      	0.816902  
356.000000      	0.817829  
357.000000      	0.818756  
358.000000      	0.819683  
359.000000      	0.820551  
360.000000      	0.821420  
361.000000      	0.822115  
362.000000      	0.822753  
363.000000      	0.823621  
364.000000      	0.824316  
365.000000      	0.825070  
366.000000      	0.825823  
367.000000      	0.826286  
368.000000      	0.826633  
369.000000      	0.827097  
370.000000      	0.827850  
371.000000      	0.828429  
372.000000      	0.828892  
373.000000      	0.829472  
374.000000      	0.830283  
375.000000      	0.830630  
376.000000      	0.831152  
377.000000      	0.831731  
378.000000      	0.832252  
379.000000      	0.833005  
380.000000      	0.833584  
381.000000      	0.833874  
382.000000      	0.834164  
383.000000      	0.834569  
384.000000      	0.835264  
385.000000      	0.835785  
386.000000      	0.836365  
387.000000      	0.836944  
388.000000      	0.837349  
389.000000      	0.838044  
390.000000      	0.838392  
391.000000      	0.838913  
392.000000      	0.839087  
393.000000      	0.839551  
394.000000      	0.839956  
395.000000      	0.840767  
396.000000      	0.841114  
397.000000      	0.841752  
398.000000      	0.842273  
399.000000      	0.843026  
400.000000      	0.843258  
401.000000      	0.844127  
402.000000      	0.844764  
403.000000      	0.845343  
404.000000      	0.845864  
405.000000      	0.846212  
406.000000      	0.846443  
407.000000      	0.846965  
408.000000      	0.847312  
409.000000      	0.848007  
410.000000      	0.848934  
411.000000      	0.849977  
412.000000      	0.851135  
413.000000      	0.852062  
414.000000      	0.852873  
415.000000      	0.853684  
416.000000      	0.854205  
417.000000      	0.855190  
418.000000      	0.856001  
419.000000      	0.856986  
420.000000      	0.858260  
421.000000      	0.859476  
422.000000      	0.860693  
423.000000      	0.861735  
424.000000      	0.862488  
425.000000      	0.863068  
426.000000      	0.863705  
427.000000      	0.864400  
428.000000      	0.865500  
429.000000      	0.866311  
430.000000      	0.866949  
431.000000      	0.868049  
432.000000      	0.868455  
433.000000      	0.869150  
434.000000      	0.870076  
435.000000      	0.871003  
436.000000      	0.871756  
437.000000      	0.872915  
438.000000      	0.873957  
439.000000      	0.874826  
440.000000      	0.875232  
441.000000      	0.875637  
442.000000      	0.876506  
443.000000      	0.877375  
444.000000      	0.877896  
445.000000      	0.878302  
446.000000      	0.878881  
447.000000      	0.879460  
448.000000      	0.879981  
449.000000      	0.880677  
450.000000      	0.881256  
451.000000      	0.881545  
452.000000      	0.882588  
453.000000      	0.883283  
454.000000      	0.883689  
455.000000      	0.884152  
456.000000      	0.884789  
457.000000      	0.885484  
458.000000      	0.885716  
459.000000      	0.886295  
460.000000      	0.886585  
461.000000      	0.887222  
462.000000      	0.887801  
463.000000      	0.888207  
464.000000      	0.888960  
465.000000      	0.889307  
466.000000      	0.890060  
467.000000      	0.890755  
468.000000      	0.891335  
469.000000      	0.891856  
470.000000      	0.892609  
471.000000      	0.892956  
472.000000      	0.893304  
473.000000      	0.893594  
474.000000      	0.894115  
475.000000      	0.894868  
476.000000      	0.895505  
477.000000      	0.896026  
478.000000      	0.896895  
479.000000      	0.897417  
480.000000      	0.897880  
481.000000      	0.898401  
482.000000      	0.898749  
483.000000      	0.899212  
484.000000      	0.899444  
485.000000      	0.899907  
486.000000      	0.900255  
487.000000      	0.900718  
488.000000      	0.901008  
489.000000      	0.901529  
490.000000      	0.902051  
491.000000      	0.902340  
492.000000      	0.902919  
493.000000      	0.903383  
494.000000      	0.903672  
495.000000      	0.903962  
496.000000      	0.904078  
497.000000      	0.904541  
498.000000      	0.904715  
499.000000      	0.905178  
500.000000      	0.905642  
501.000000      	0.906163  
502.000000      	0.906684  
503.000000      	0.907264  
504.000000      	0.907553  
505.000000      	0.907901  
506.000000      	0.908422  
507.000000      	0.909117  
508.000000      	0.909696  
509.000000      	0.910160  
510.000000      	0.910334  
511.000000      	0.910623  
512.000000      	0.910855  
513.000000      	0.911318  
514.000000      	0.911724  
515.000000      	0.912361  
516.000000      	0.912998  
517.000000      	0.913462  
518.000000      	0.914041  
519.000000      	0.914330  
520.000000      	0.914504  
521.000000      	0.914794  
522.000000      	0.915315  
523.000000      	0.915605  
524.000000      	0.916068  
525.000000      	0.916647  
526.000000      	0.917169  
527.000000      	0.917690  
528.000000      	0.918095  
529.000000      	0.918327  
530.000000      	0.918791  
531.000000      	0.919428  
532.000000      	0.919659  
533.000000      	0.920181  
534.000000      	0.920586  
535.000000      	0.920934  
536.000000      	0.921397  
537.000000      	0.921918  
538.000000      	0.922208  
539.000000      	0.922440  
540.000000      	0.922614  
541.000000      	0.923019  
542.000000      	0.923714  
543.000000      	0.924120  
544.000000      	0.924641  
545.000000      	0.924815  
546.000000      	0.925162  
547.000000      	0.925568  
548.000000      	0.926031  
549.000000      	0.926321  
551.000000      	0.926900  
552.000000      	0.927190  
553.000000      	0.927479  
554.000000      	0.927769  
555.000000      	0.928116  
556.000000      	0.928290  
557.000000      	0.928580  
558.000000      	0.928696  
559.000000      	0.929217  
560.000000      	0.929622  
561.000000      	0.929796  
562.000000      	0.930144  
563.000000      	0.930317  
564.000000      	0.930897  
565.000000      	0.931302  
566.000000      	0.931650  
567.000000      	0.932287  
568.000000      	0.932519  
569.000000      	0.932692  
570.000000      	0.932924  
571.000000      	0.933156  
572.000000      	0.933503  
573.000000      	0.933677  
574.000000      	0.933909  
575.000000      	0.934025  
577.000000      	0.934430  
578.000000      	0.934835  
579.000000      	0.935299  
580.000000      	0.935473  
581.000000      	0.935646  
582.000000      	0.936110  
583.000000      	0.936399  
584.000000      	0.936631  
585.000000      	0.936921  
586.000000      	0.937152  
587.000000      	0.937384  
588.000000      	0.937616  
589.000000      	0.937848  
590.000000      	0.938195  
591.000000      	0.938543  
592.000000      	0.938832  
593.000000      	0.938948  
594.000000      	0.939296  
595.000000      	0.939585  
596.000000      	0.939875  
597.000000      	0.940222  
598.000000      	0.940512  
599.000000      	0.940860  
600.000000      	0.940975  
601.000000      	0.941381  
602.000000      	0.941555  
603.000000      	0.941671  
604.000000      	0.941844  
605.000000      	0.942018  
606.000000      	0.942250  
607.000000      	0.942424  
608.000000      	0.942597  
609.000000      	0.942713  
612.000000      	0.942829  
613.000000      	0.943003  
614.000000      	0.943234  
616.000000      	0.943466  
617.000000      	0.943640  
620.000000      	0.943814  
621.000000      	0.943930  
623.000000      	0.944161  
624.000000      	0.944219  
626.000000      	0.944335  
628.000000      	0.944509  
629.000000      	0.944798  
630.000000      	0.944856  
631.000000      	0.944972  
632.000000      	0.945030  
633.000000      	0.945204  
635.000000      	0.945320  
637.000000      	0.945551  
638.000000      	0.945725  
643.000000      	0.945841  
646.000000      	0.945957  
647.000000      	0.946015  
649.000000      	0.946131  
650.000000      	0.946247  
651.000000      	0.946304  
653.000000      	0.946478  
655.000000      	0.946536  
661.000000      	0.946826  
662.000000      	0.946942  
664.000000      	0.947057  
665.000000      	0.947231  
667.000000      	0.947405  
668.000000      	0.947579  
669.000000      	0.947637  
670.000000      	0.947868  
672.000000      	0.947926  
673.000000      	0.948042  
674.000000      	0.948100  
677.000000      	0.948216  
679.000000      	0.948332  
681.000000      	0.948506  
683.000000      	0.948621  
686.000000      	0.948737  
687.000000      	0.948911  
690.000000      	0.949085  
691.000000      	0.949201  
694.000000      	0.949374  
698.000000      	0.949432  
701.000000      	0.949548  
702.000000      	0.949722  
704.000000      	0.949896  
705.000000      	0.949954  
709.000000      	0.950012  
710.000000      	0.950185  
712.000000      	0.950243  
714.000000      	0.950301  
715.000000      	0.950417  
718.000000      	0.950591  
719.000000      	0.950649  
720.000000      	0.950765  
723.000000      	0.950823  
725.000000      	0.950938  
728.000000      	0.951054  
732.000000      	0.951228  
736.000000      	0.951402  
739.000000      	0.951518  
742.000000      	0.951633  
750.000000      	0.951749  
751.000000      	0.951865  
752.000000      	0.951923  
756.000000      	0.952039  
762.000000      	0.952155  
763.000000      	0.952271  
764.000000      	0.952329  
770.000000      	0.952444  
772.000000      	0.952502  
775.000000      	0.952618  
779.000000      	0.952792  
789.000000      	0.952850  
793.000000      	0.952908  
794.000000      	0.953024  
800.000000      	0.953139  
807.000000      	0.953255  
809.000000      	0.953313  
820.000000      	0.953429  
826.000000      	0.953545  
827.000000      	0.953603  
829.000000      	0.953777  
831.000000      	0.953835  
835.000000      	0.954008  
838.000000      	0.954124  
847.000000      	0.954240  
850.000000      	0.954414  
853.000000      	0.954530  
862.000000      	0.954646  
867.000000      	0.954703  
873.000000      	0.954877  
875.000000      	0.954935  
880.000000      	0.955051  
881.000000      	0.955109  
888.000000      	0.955225  
896.000000      	0.955341  
902.000000      	0.955456  
903.000000      	0.955514  
908.000000      	0.955630  
917.000000      	0.955746  
918.000000      	0.955804  
922.000000      	0.955920  
943.000000      	0.956036  
952.000000      	0.956209  
960.000000      	0.956325  
967.000000      	0.956441  
970.000000      	0.956557  
975.000000      	0.956615  
982.000000      	0.956731  
999.000000      	0.956847  
1002.000000     	0.956905  
1016.000000     	0.957020  
1018.000000     	0.957136  
1028.000000     	0.957252  
1038.000000     	0.957310  
1047.000000     	0.957426  
1056.000000     	0.957542  
1075.000000     	0.957658  
1086.000000     	0.957715  
1096.000000     	0.957831  
1124.000000     	0.957947  
1125.000000     	0.958005  
1139.000000     	0.958179  
1141.000000     	0.958237  
1147.000000     	0.958353  
1148.000000     	0.958411  
1152.000000     	0.958526  
1164.000000     	0.958642  
1169.000000     	0.958700  
1171.000000     	0.958816  
1172.000000     	0.958932  
1178.000000     	0.959048  
1181.000000     	0.959106  
1198.000000     	0.959222  
1202.000000     	0.959337  
1212.000000     	0.959453  
1244.000000     	0.959511  
1251.000000     	0.959627  
1261.000000     	0.959743  
1275.000000     	0.959801  
1287.000000     	0.959917  
1304.000000     	0.960032  
1326.000000     	0.960148  
1329.000000     	0.960206  
1339.000000     	0.960380  
1344.000000     	0.960438  
1363.000000     	0.960554  
1376.000000     	0.960612  
1403.000000     	0.960728  
1430.000000     	0.960843  
1431.000000     	0.960901  
1439.000000     	0.961017  
1447.000000     	0.961133  
1479.000000     	0.961249  
1486.000000     	0.961307  
1513.000000     	0.961423  
1526.000000     	0.961538  
1553.000000     	0.961654  
1569.000000     	0.961712  
1582.000000     	0.961828  
1597.000000     	0.961944  
1605.000000     	0.962002  
1618.000000     	0.962118  
1662.000000     	0.962234  
1686.000000     	0.962349  
1718.000000     	0.962407  
1729.000000     	0.962523  
1758.000000     	0.962639  
1781.000000     	0.962755  
1810.000000     	0.962813  
1813.000000     	0.962929  
1853.000000     	0.963044  
1855.000000     	0.963102  
1864.000000     	0.963218  
1868.000000     	0.963334  
1931.000000     	0.963450  
1952.000000     	0.963508  
1985.000000     	0.963624  
2001.000000     	0.963740  
2005.000000     	0.963855  
2008.000000     	0.963913  
2085.000000     	0.964029  
2110.000000     	0.964145  
2116.000000     	0.964261  
2131.000000     	0.964319  
2139.000000     	0.964435  
2146.000000     	0.964551  
2148.000000     	0.964608  
2159.000000     	0.964724  
2202.000000     	0.964840  
2227.000000     	0.964956  
2236.000000     	0.965014  
2295.000000     	0.965130  
2315.000000     	0.965246  
2333.000000     	0.965304  
2364.000000     	0.965419  
2376.000000     	0.965535  
2396.000000     	0.965651  
2400.000000     	0.965709  
2426.000000     	0.965825  
2451.000000     	0.965941  
2492.000000     	0.966057  
2495.000000     	0.966114  
2527.000000     	0.966230  
2567.000000     	0.966346  
2572.000000     	0.966404  
2600.000000     	0.966520  
2663.000000     	0.966636  
2676.000000     	0.966752  
2681.000000     	0.966810  
2696.000000     	0.966925  
2708.000000     	0.967041  
2714.000000     	0.967157  
2722.000000     	0.967215  
2739.000000     	0.967331  
2753.000000     	0.967505  
2759.000000     	0.967678  
2770.000000     	0.967736  
2777.000000     	0.967852  
2789.000000     	0.967910  
2829.000000     	0.968026  
2924.000000     	0.968142  
2945.000000     	0.968258  
2954.000000     	0.968316  
2993.000000     	0.968431  
3026.000000     	0.968547  
3028.000000     	0.968605  
3031.000000     	0.968721  
3050.000000     	0.968837  
3073.000000     	0.968953  
3087.000000     	0.969069  
3100.000000     	0.969127  
3132.000000     	0.969242  
3160.000000     	0.969300  
3210.000000     	0.969416  
3245.000000     	0.969590  
3250.000000     	0.969648  
3257.000000     	0.969706  
3303.000000     	0.969822  
3319.000000     	0.969937  
3350.000000     	0.970053  
3357.000000     	0.970111  
3363.000000     	0.970227  
3392.000000     	0.970343  
3416.000000     	0.970401  
3447.000000     	0.970517  
3459.000000     	0.970633  
3488.000000     	0.970748  
3495.000000     	0.970806  
3518.000000     	0.970922  
3523.000000     	0.971038  
3537.000000     	0.971154  
3565.000000     	0.971270  
3573.000000     	0.971328  
3590.000000     	0.971443  
3607.000000     	0.971501  
3627.000000     	0.971617  
3663.000000     	0.971733  
3670.000000     	0.971849  
3689.000000     	0.971907  
3711.000000     	0.972023  
3715.000000     	0.972139  
3723.000000     	0.972312  
3743.000000     	0.972428  
3773.000000     	0.972544  
3796.000000     	0.972602  
3808.000000     	0.972718  
3845.000000     	0.972834  
3858.000000     	0.972949  
3867.000000     	0.973007  
3870.000000     	0.973123  
3915.000000     	0.973239  
3960.000000     	0.973355  
3962.000000     	0.973413  
3992.000000     	0.973529  
4027.000000     	0.973645  
4045.000000     	0.973703  
4058.000000     	0.973818  
4064.000000     	0.973934  
4088.000000     	0.974050  
4100.000000     	0.974108  
4132.000000     	0.974224  
4155.000000     	0.974340  
4163.000000     	0.974456  
4165.000000     	0.974513  
4183.000000     	0.974629  
4190.000000     	0.974745  
4193.000000     	0.974803  
4204.000000     	0.974919  
4238.000000     	0.975035  
4263.000000     	0.975151  
4279.000000     	0.975209  
4299.000000     	0.975324  
4322.000000     	0.975440  
4348.000000     	0.975556  
4355.000000     	0.975614  
4373.000000     	0.975730  
4382.000000     	0.975846  
4390.000000     	0.975904  
4411.000000     	0.976019  
4447.000000     	0.976135  
4459.000000     	0.976251  
4476.000000     	0.976309  
4490.000000     	0.976425  
4532.000000     	0.976541  
4582.000000     	0.976657  
4614.000000     	0.976715  
4657.000000     	0.976830  
4678.000000     	0.976946  
4689.000000     	0.977004  
4781.000000     	0.977120  
4816.000000     	0.977236  
4856.000000     	0.977352  
4870.000000     	0.977410  
4922.000000     	0.977525  
4934.000000     	0.977641  
4956.000000     	0.977757  
4960.000000     	0.977815  
5003.000000     	0.977931  
5008.000000     	0.978047  
5012.000000     	0.978105  
5044.000000     	0.978221  
5075.000000     	0.978336  
5122.000000     	0.978452  
5152.000000     	0.978510  
5162.000000     	0.978626  
5171.000000     	0.978742  
5184.000000     	0.978858  
5205.000000     	0.978916  
5216.000000     	0.979089  
5225.000000     	0.979147  
5259.000000     	0.979205  
5330.000000     	0.979321  
5358.000000     	0.979437  
5410.000000     	0.979553  
5425.000000     	0.979611  
5452.000000     	0.979727  
5462.000000     	0.979842  
5478.000000     	0.979900  
5490.000000     	0.980016  
5528.000000     	0.980132  
5548.000000     	0.980248  
5593.000000     	0.980306  
5623.000000     	0.980422  
5633.000000     	0.980538  
5659.000000     	0.980653  
5664.000000     	0.980711  
5669.000000     	0.980827  
5686.000000     	0.980943  
5708.000000     	0.981059  
5710.000000     	0.981175  
5713.000000     	0.981233  
5770.000000     	0.981348  
5771.000000     	0.981406  
5810.000000     	0.981522  
5815.000000     	0.981638  
5823.000000     	0.981754  
5830.000000     	0.981812  
5865.000000     	0.981928  
5870.000000     	0.982044  
5880.000000     	0.982101  
5938.000000     	0.982217  
5968.000000     	0.982333  
5970.000000     	0.982507  
5979.000000     	0.982623  
5994.000000     	0.982739  
5999.000000     	0.982854  
6015.000000     	0.982912  
6038.000000     	0.983028  
6052.000000     	0.983202  
6082.000000     	0.983318  
6121.000000     	0.983434  
6139.000000     	0.983608  
6173.000000     	0.983723  
6212.000000     	0.983839  
6218.000000     	0.983955  
6222.000000     	0.984013  
6243.000000     	0.984129  
6249.000000     	0.984245  
6275.000000     	0.984303  
6285.000000     	0.984418  
6297.000000     	0.984534  
6330.000000     	0.984650  
6333.000000     	0.984708  
6339.000000     	0.984824  
6356.000000     	0.984940  
6360.000000     	0.985056  
6389.000000     	0.985114  
6395.000000     	0.985229  
6443.000000     	0.985345  
6464.000000     	0.985403  
6471.000000     	0.985519  
6507.000000     	0.985635  
6514.000000     	0.985751  
6524.000000     	0.985809  
6528.000000     	0.985924  
6597.000000     	0.986040  
6631.000000     	0.986156  
6662.000000     	0.986214  
6695.000000     	0.986330  
6793.000000     	0.986446  
6872.000000     	0.986504  
7098.000000     	0.986620  
7194.000000     	0.986735  
7225.000000     	0.986851  
7354.000000     	0.986909  
7449.000000     	0.987025  
7606.000000     	0.987141  
7703.000000     	0.987257  
7719.000000     	0.987315  
7786.000000     	0.987430  
7825.000000     	0.987546  
7865.000000     	0.987604  
7971.000000     	0.987720  
8217.000000     	0.987836  
8327.000000     	0.987952  
8343.000000     	0.988010  
8389.000000     	0.988126  
8437.000000     	0.988241  
8601.000000     	0.988357  
8675.000000     	0.988415  
8739.000000     	0.988531  
8848.000000     	0.988647  
8939.000000     	0.988705  
8965.000000     	0.988821  
8991.000000     	0.988937  
9037.000000     	0.989052  
9039.000000     	0.989110  
9194.000000     	0.989226  
9245.000000     	0.989342  
9378.000000     	0.989458  
9387.000000     	0.989516  
9448.000000     	0.989632  
9539.000000     	0.989747  
9586.000000     	0.989805  
9609.000000     	0.989921  
9677.000000     	0.990037  
9844.000000     	0.990153  
9873.000000     	0.990211  
9907.000000     	0.990327  
9935.000000     	0.990443  
9963.000000     	0.990500  
9986.000000     	0.990616  
10156.000000    	0.990732  
10380.000000    	0.990848  
10413.000000    	0.990906  
10567.000000    	0.991022  
10830.000000    	0.991138  
10939.000000    	0.991253  
11049.000000    	0.991311  
11288.000000    	0.991427  
11671.000000    	0.991543  
11702.000000    	0.991601  
11821.000000    	0.991717  
12334.000000    	0.991833  
12880.000000    	0.991949  
13130.000000    	0.992006  
13178.000000    	0.992122  
13351.000000    	0.992238  
13535.000000    	0.992354  
13700.000000    	0.992412  
13862.000000    	0.992528  
14155.000000    	0.992644  
14333.000000    	0.992702  
14740.000000    	0.992817  
15330.000000    	0.992933  
15635.000000    	0.993049  
15747.000000    	0.993107  
15892.000000    	0.993223  
16386.000000    	0.993339  
17302.000000    	0.993455  
17415.000000    	0.993513  
18234.000000    	0.993628  
18282.000000    	0.993744  
18342.000000    	0.993802  
18539.000000    	0.993918  
18580.000000    	0.994034  
18928.000000    	0.994150  
19064.000000    	0.994208  
19106.000000    	0.994323  
19149.000000    	0.994439  
19158.000000    	0.994555  
19296.000000    	0.994613  
19357.000000    	0.994729  
19533.000000    	0.994845  
19544.000000    	0.994903  
19613.000000    	0.995019  
19707.000000    	0.995134  
19804.000000    	0.995250  
19805.000000    	0.995308  
19842.000000    	0.995424  
20005.000000    	0.995540  
20177.000000    	0.995656  
20312.000000    	0.995714  
20368.000000    	0.995829  
20821.000000    	0.995945  
20868.000000    	0.996003  
20953.000000    	0.996119  
21118.000000    	0.996235  
21613.000000    	0.996351  
21653.000000    	0.996409  
21787.000000    	0.996525  
22525.000000    	0.996640  
22865.000000    	0.996756  
22904.000000    	0.996814  
23044.000000    	0.996930  
23108.000000    	0.997046  
23186.000000    	0.997104  
23468.000000    	0.997220  
23837.000000    	0.997335  
23966.000000    	0.997451  
24659.000000    	0.997509  
25218.000000    	0.997625  
25585.000000    	0.997741  
26263.000000    	0.997857  
26553.000000    	0.997915  
26709.000000    	0.998031  
27879.000000    	0.998146  
28415.000000    	0.998204  
31529.000000    	0.998320  
31740.000000    	0.998436  
32148.000000    	0.998552  
32334.000000    	0.998610  
33995.000000    	0.998726  
34895.000000    	0.998842  
35148.000000    	0.998957  
35177.000000    	0.999015  
35937.000000    	0.999131  
36061.000000    	0.999247  
36301.000000    	0.999305  
37286.000000    	0.999421  
37398.000000    	0.999537  
38688.000000    	0.999652  
40572.000000    	0.999710  
51203.000000    	0.999826  
67191.000000    	0.999942  
70278.000000    	1.000000  
70278.000000    	1.000000  
