6.000000        	0.000076  
7.000000        	0.000779  
8.000000        	0.001574  
9.000000        	0.002155  
10.000000       	0.002277  
12.000000       	0.002307  
20.000000       	0.002414  
21.000000       	0.002567  
22.000000       	0.002919  
23.000000       	0.003255  
24.000000       	0.003591  
25.000000       	0.004095  
26.000000       	0.004233  
27.000000       	0.004355  
28.000000       	0.004630  
29.000000       	0.005012  
30.000000       	0.005501  
31.000000       	0.006235  
32.000000       	0.006938  
33.000000       	0.007488  
34.000000       	0.007580  
35.000000       	0.007656  
37.000000       	0.007702  
44.000000       	0.007824  
48.000000       	0.007900  
50.000000       	0.008007  
53.000000       	0.008114  
58.000000       	0.008252  
60.000000       	0.008389  
61.000000       	0.008756  
62.000000       	0.009490  
63.000000       	0.010712  
64.000000       	0.012042  
65.000000       	0.013081  
66.000000       	0.013723  
67.000000       	0.014013  
68.000000       	0.014288  
69.000000       	0.014578  
70.000000       	0.014869  
71.000000       	0.015144  
72.000000       	0.016748  
73.000000       	0.023182  
74.000000       	0.030655  
75.000000       	0.039884  
76.000000       	0.049772  
77.000000       	0.057000  
78.000000       	0.062883  
79.000000       	0.068140  
80.000000       	0.072006  
81.000000       	0.075567  
82.000000       	0.079433  
83.000000       	0.083498  
84.000000       	0.087853  
85.000000       	0.094195  
86.000000       	0.104907  
87.000000       	0.124467  
88.000000       	0.152860  
89.000000       	0.183973  
90.000000       	0.211938  
91.000000       	0.237702  
92.000000       	0.256361  
93.000000       	0.267165  
94.000000       	0.275478  
95.000000       	0.284983  
96.000000       	0.298431  
97.000000       	0.314919  
98.000000       	0.334541  
99.000000       	0.357432  
100.000000      	0.386941  
101.000000      	0.425022  
102.000000      	0.468008  
103.000000      	0.513685  
104.000000      	0.553722  
105.000000      	0.585064  
106.000000      	0.608613  
107.000000      	0.626767  
108.000000      	0.640230  
109.000000      	0.651905  
110.000000      	0.666972  
111.000000      	0.685906  
112.000000      	0.707789  
113.000000      	0.731857  
114.000000      	0.755008  
115.000000      	0.774064  
116.000000      	0.786565  
117.000000      	0.794389  
118.000000      	0.799355  
119.000000      	0.803313  
120.000000      	0.806171  
121.000000      	0.809166  
122.000000      	0.811366  
123.000000      	0.813995  
124.000000      	0.816241  
125.000000      	0.818503  
126.000000      	0.820932  
127.000000      	0.822766  
128.000000      	0.825104  
129.000000      	0.826785  
130.000000      	0.828466  
131.000000      	0.830010  
132.000000      	0.831568  
133.000000      	0.832653  
134.000000      	0.833601  
135.000000      	0.834579  
136.000000      	0.835480  
137.000000      	0.836321  
138.000000      	0.837253  
139.000000      	0.838017  
140.000000      	0.838552  
141.000000      	0.839102  
142.000000      	0.839958  
143.000000      	0.840569  
144.000000      	0.841104  
145.000000      	0.841455  
146.000000      	0.841960  
147.000000      	0.842403  
148.000000      	0.842708  
149.000000      	0.843045  
150.000000      	0.843457  
151.000000      	0.843793  
152.000000      	0.844191  
153.000000      	0.844710  
154.000000      	0.845092  
155.000000      	0.845474  
156.000000      	0.846055  
157.000000      	0.846483  
158.000000      	0.846819  
159.000000      	0.847079  
160.000000      	0.847308  
161.000000      	0.847507  
162.000000      	0.847843  
163.000000      	0.848057  
164.000000      	0.848195  
165.000000      	0.848301  
166.000000      	0.848515  
167.000000      	0.848653  
168.000000      	0.848867  
169.000000      	0.849004  
171.000000      	0.849249  
172.000000      	0.849417  
173.000000      	0.849570  
174.000000      	0.849784  
175.000000      	0.849891  
176.000000      	0.849937  
177.000000      	0.850044  
178.000000      	0.850181  
179.000000      	0.850334  
180.000000      	0.850426  
181.000000      	0.850563  
182.000000      	0.850640  
183.000000      	0.850716  
185.000000      	0.850884  
186.000000      	0.850915  
188.000000      	0.851037  
189.000000      	0.851144  
190.000000      	0.851236  
192.000000      	0.851327  
193.000000      	0.851404  
195.000000      	0.851587  
196.000000      	0.851633  
198.000000      	0.851770  
199.000000      	0.851847  
200.000000      	0.851969  
202.000000      	0.852137  
204.000000      	0.852290  
205.000000      	0.852351  
206.000000      	0.852412  
208.000000      	0.852519  
209.000000      	0.852611  
211.000000      	0.852809  
213.000000      	0.852993  
214.000000      	0.853130  
216.000000      	0.853253  
217.000000      	0.853360  
218.000000      	0.853421  
219.000000      	0.853512  
221.000000      	0.853803  
222.000000      	0.853940  
223.000000      	0.854001  
224.000000      	0.854215  
226.000000      	0.854383  
227.000000      	0.854521  
228.000000      	0.854674  
229.000000      	0.854827  
230.000000      	0.854934  
231.000000      	0.855132  
232.000000      	0.855239  
233.000000      	0.855331  
234.000000      	0.855468  
235.000000      	0.855637  
236.000000      	0.855774  
237.000000      	0.855912  
239.000000      	0.856064  
240.000000      	0.856126  
241.000000      	0.856263  
242.000000      	0.856401  
243.000000      	0.856508  
245.000000      	0.856676  
246.000000      	0.856798  
247.000000      	0.856874  
248.000000      	0.857027  
249.000000      	0.857119  
251.000000      	0.857272  
252.000000      	0.857363  
253.000000      	0.857424  
254.000000      	0.857593  
255.000000      	0.857669  
256.000000      	0.857807  
257.000000      	0.857929  
258.000000      	0.858005  
260.000000      	0.858143  
261.000000      	0.858219  
263.000000      	0.858448  
264.000000      	0.858525  
265.000000      	0.858678  
266.000000      	0.858739  
267.000000      	0.858861  
268.000000      	0.858998  
269.000000      	0.859105  
271.000000      	0.859335  
272.000000      	0.859487  
273.000000      	0.859594  
274.000000      	0.859808  
276.000000      	0.859961  
277.000000      	0.860114  
278.000000      	0.860206  
279.000000      	0.860374  
280.000000      	0.860465  
281.000000      	0.860572  
282.000000      	0.860695  
283.000000      	0.860786  
284.000000      	0.860863  
285.000000      	0.860924  
287.000000      	0.861123  
288.000000      	0.861245  
289.000000      	0.861321  
290.000000      	0.861443  
291.000000      	0.861550  
292.000000      	0.861642  
293.000000      	0.861749  
294.000000      	0.861826  
296.000000      	0.861917  
297.000000      	0.862039  
298.000000      	0.862146  
299.000000      	0.862208  
300.000000      	0.862360  
301.000000      	0.862452  
302.000000      	0.862544  
303.000000      	0.862605  
304.000000      	0.862742  
305.000000      	0.862849  
306.000000      	0.863017  
307.000000      	0.863170  
308.000000      	0.863277  
309.000000      	0.863445  
310.000000      	0.863629  
311.000000      	0.863720  
312.000000      	0.863812  
313.000000      	0.863950  
314.000000      	0.864041  
315.000000      	0.864148  
316.000000      	0.864240  
317.000000      	0.864378  
318.000000      	0.864469  
319.000000      	0.864530  
320.000000      	0.864698  
321.000000      	0.864821  
323.000000      	0.865004  
324.000000      	0.865126  
325.000000      	0.865264  
326.000000      	0.865310  
327.000000      	0.865447  
328.000000      	0.865554  
329.000000      	0.865661  
330.000000      	0.865753  
331.000000      	0.865814  
332.000000      	0.865921  
333.000000      	0.866089  
334.000000      	0.866196  
335.000000      	0.866303  
336.000000      	0.866410  
338.000000      	0.866563  
339.000000      	0.866685  
340.000000      	0.866777  
341.000000      	0.866945  
342.000000      	0.867098  
343.000000      	0.867159  
344.000000      	0.867327  
345.000000      	0.867510  
346.000000      	0.867678  
347.000000      	0.867831  
349.000000      	0.867969  
350.000000      	0.868060  
351.000000      	0.868137  
352.000000      	0.868228  
353.000000      	0.868351  
354.000000      	0.868427  
355.000000      	0.868503  
356.000000      	0.868687  
357.000000      	0.868748  
358.000000      	0.868855  
359.000000      	0.868947  
360.000000      	0.869069  
361.000000      	0.869191  
362.000000      	0.869359  
363.000000      	0.869482  
364.000000      	0.869604  
365.000000      	0.869757  
366.000000      	0.869833  
367.000000      	0.869955  
368.000000      	0.870093  
369.000000      	0.870230  
370.000000      	0.870383  
371.000000      	0.870460  
372.000000      	0.870566  
373.000000      	0.870673  
374.000000      	0.870811  
376.000000      	0.870994  
377.000000      	0.871132  
378.000000      	0.871315  
379.000000      	0.871438  
380.000000      	0.871560  
381.000000      	0.871651  
383.000000      	0.871820  
384.000000      	0.871957  
385.000000      	0.872079  
386.000000      	0.872186  
387.000000      	0.872385  
388.000000      	0.872538  
389.000000      	0.872629  
390.000000      	0.872706  
391.000000      	0.872813  
393.000000      	0.872996  
394.000000      	0.873134  
395.000000      	0.873256  
396.000000      	0.873317  
398.000000      	0.873501  
400.000000      	0.873653  
401.000000      	0.873745  
402.000000      	0.873852  
403.000000      	0.873944  
404.000000      	0.874081  
405.000000      	0.874219  
406.000000      	0.874326  
407.000000      	0.874448  
408.000000      	0.874570  
409.000000      	0.874631  
411.000000      	0.874738  
413.000000      	0.874952  
414.000000      	0.875044  
415.000000      	0.875197  
416.000000      	0.875243  
417.000000      	0.875304  
418.000000      	0.875411  
419.000000      	0.875518  
420.000000      	0.875640  
422.000000      	0.875762  
423.000000      	0.875884  
424.000000      	0.875946  
425.000000      	0.876037  
426.000000      	0.876114  
428.000000      	0.876221  
430.000000      	0.876373  
431.000000      	0.876572  
432.000000      	0.876648  
433.000000      	0.876771  
434.000000      	0.876893  
435.000000      	0.876954  
437.000000      	0.877107  
439.000000      	0.877336  
440.000000      	0.877458  
441.000000      	0.877504  
443.000000      	0.877626  
444.000000      	0.877703  
446.000000      	0.877825  
448.000000      	0.877932  
449.000000      	0.878039  
450.000000      	0.878146  
451.000000      	0.878222  
453.000000      	0.878329  
454.000000      	0.878436  
455.000000      	0.878528  
456.000000      	0.878650  
457.000000      	0.878727  
458.000000      	0.878880  
459.000000      	0.879032  
460.000000      	0.879124  
461.000000      	0.879200  
463.000000      	0.879414  
464.000000      	0.879506  
466.000000      	0.879720  
468.000000      	0.879812  
470.000000      	0.879903  
472.000000      	0.880087  
473.000000      	0.880224  
475.000000      	0.880301  
476.000000      	0.880423  
477.000000      	0.880530  
478.000000      	0.880606  
479.000000      	0.880713  
481.000000      	0.880866  
482.000000      	0.880958  
483.000000      	0.881019  
485.000000      	0.881172  
486.000000      	0.881340  
487.000000      	0.881432  
488.000000      	0.881539  
489.000000      	0.881630  
490.000000      	0.881707  
492.000000      	0.881829  
493.000000      	0.881966  
494.000000      	0.882104  
495.000000      	0.882211  
498.000000      	0.882318  
499.000000      	0.882425  
500.000000      	0.882501  
503.000000      	0.882669  
504.000000      	0.882730  
506.000000      	0.882868  
507.000000      	0.882914  
509.000000      	0.883051  
510.000000      	0.883113  
511.000000      	0.883250  
512.000000      	0.883342  
513.000000      	0.883403  
514.000000      	0.883540  
515.000000      	0.883602  
516.000000      	0.883770  
517.000000      	0.883831  
521.000000      	0.883984  
522.000000      	0.884060  
523.000000      	0.884167  
524.000000      	0.884228  
527.000000      	0.884350  
529.000000      	0.884427  
531.000000      	0.884595  
532.000000      	0.884641  
534.000000      	0.884748  
537.000000      	0.884839  
538.000000      	0.884931  
540.000000      	0.885038  
542.000000      	0.885176  
543.000000      	0.885282  
544.000000      	0.885328  
546.000000      	0.885435  
548.000000      	0.885573  
549.000000      	0.885634  
551.000000      	0.885710  
553.000000      	0.885848  
554.000000      	0.885924  
555.000000      	0.886031  
557.000000      	0.886138  
560.000000      	0.886245  
561.000000      	0.886322  
563.000000      	0.886474  
565.000000      	0.886505  
571.000000      	0.886658  
572.000000      	0.886765  
573.000000      	0.886811  
575.000000      	0.886933  
578.000000      	0.887055  
579.000000      	0.887101  
581.000000      	0.887208  
584.000000      	0.887315  
588.000000      	0.887407  
590.000000      	0.887529  
592.000000      	0.887697  
593.000000      	0.887773  
594.000000      	0.887850  
595.000000      	0.887911  
599.000000      	0.888048  
601.000000      	0.888125  
604.000000      	0.888262  
605.000000      	0.888323  
607.000000      	0.888430  
610.000000      	0.888537  
612.000000      	0.888629  
613.000000      	0.888751  
615.000000      	0.888812  
618.000000      	0.888965  
620.000000      	0.889026  
622.000000      	0.889118  
624.000000      	0.889225  
626.000000      	0.889301  
629.000000      	0.889408  
633.000000      	0.889500  
636.000000      	0.889653  
638.000000      	0.889714  
642.000000      	0.889806  
644.000000      	0.889913  
646.000000      	0.890035  
650.000000      	0.890127  
652.000000      	0.890203  
655.000000      	0.890325  
658.000000      	0.890417  
660.000000      	0.890509  
663.000000      	0.890616  
666.000000      	0.890723  
669.000000      	0.890814  
672.000000      	0.890937  
675.000000      	0.891059  
676.000000      	0.891105  
679.000000      	0.891227  
681.000000      	0.891303  
685.000000      	0.891426  
688.000000      	0.891502  
692.000000      	0.891624  
695.000000      	0.891777  
696.000000      	0.891838  
698.000000      	0.891976  
699.000000      	0.892006  
703.000000      	0.892144  
705.000000      	0.892205  
710.000000      	0.892358  
711.000000      	0.892404  
716.000000      	0.892526  
720.000000      	0.892618  
725.000000      	0.892725  
729.000000      	0.892816  
733.000000      	0.892969  
735.000000      	0.893030  
738.000000      	0.893152  
740.000000      	0.893214  
743.000000      	0.893351  
745.000000      	0.893412  
748.000000      	0.893534  
751.000000      	0.893611  
754.000000      	0.893703  
756.000000      	0.893810  
760.000000      	0.893901  
764.000000      	0.894008  
767.000000      	0.894130  
771.000000      	0.894207  
773.000000      	0.894314  
777.000000      	0.894421  
782.000000      	0.894512  
787.000000      	0.894604  
795.000000      	0.894711  
800.000000      	0.894803  
805.000000      	0.894925  
808.000000      	0.895001  
812.000000      	0.895108  
815.000000      	0.895200  
822.000000      	0.895353  
824.000000      	0.895414  
832.000000      	0.895506  
836.000000      	0.895613  
839.000000      	0.895704  
846.000000      	0.895811  
852.000000      	0.895949  
855.000000      	0.896041  
859.000000      	0.896117  
862.000000      	0.896224  
867.000000      	0.896331  
870.000000      	0.896407  
874.000000      	0.896514  
877.000000      	0.896621  
881.000000      	0.896713  
888.000000      	0.896805  
895.000000      	0.896942  
898.000000      	0.897003  
903.000000      	0.897110  
905.000000      	0.897217  
913.000000      	0.897324  
916.000000      	0.897401  
919.000000      	0.897538  
922.000000      	0.897615  
926.000000      	0.897706  
938.000000      	0.897813  
940.000000      	0.897920  
946.000000      	0.898012  
949.000000      	0.898104  
955.000000      	0.898211  
961.000000      	0.898318  
965.000000      	0.898409  
971.000000      	0.898501  
976.000000      	0.898608  
983.000000      	0.898715  
992.000000      	0.898807  
1002.000000     	0.898929  
1006.000000     	0.899020  
1011.000000     	0.899112  
1015.000000     	0.899219  
1023.000000     	0.899311  
1028.000000     	0.899402  
1037.000000     	0.899525  
1041.000000     	0.899632  
1045.000000     	0.899739  
1047.000000     	0.899815  
1052.000000     	0.899907  
1056.000000     	0.900029  
1061.000000     	0.900121  
1066.000000     	0.900228  
1071.000000     	0.900335  
1077.000000     	0.900426  
1085.000000     	0.900503  
1095.000000     	0.900610  
1104.000000     	0.900717  
1108.000000     	0.900824  
1111.000000     	0.900900  
1123.000000     	0.901022  
1131.000000     	0.901129  
1134.000000     	0.901236  
1142.000000     	0.901313  
1147.000000     	0.901404  
1151.000000     	0.901511  
1166.000000     	0.901603  
1175.000000     	0.901710  
1184.000000     	0.901817  
1191.000000     	0.901954  
1200.000000     	0.902000  
1211.000000     	0.902107  
1218.000000     	0.902214  
1231.000000     	0.902306  
1239.000000     	0.902413  
1247.000000     	0.902505  
1256.000000     	0.902627  
1263.000000     	0.902719  
1268.000000     	0.902810  
1280.000000     	0.902902  
1286.000000     	0.903009  
1299.000000     	0.903101  
1312.000000     	0.903223  
1323.000000     	0.903330  
1327.000000     	0.903406  
1334.000000     	0.903513  
1342.000000     	0.903605  
1359.000000     	0.903712  
1365.000000     	0.903804  
1378.000000     	0.903911  
1398.000000     	0.904002  
1411.000000     	0.904109  
1421.000000     	0.904216  
1432.000000     	0.904338  
1441.000000     	0.904415  
1452.000000     	0.904506  
1472.000000     	0.904613  
1486.000000     	0.904705  
1494.000000     	0.904812  
1498.000000     	0.904904  
1505.000000     	0.905011  
1514.000000     	0.905118  
1524.000000     	0.905240  
1530.000000     	0.905301  
1543.000000     	0.905408  
1560.000000     	0.905515  
1572.000000     	0.905637  
1581.000000     	0.905729  
1598.000000     	0.905821  
1606.000000     	0.905912  
1620.000000     	0.906004  
1630.000000     	0.906111  
1643.000000     	0.906203  
1657.000000     	0.906310  
1664.000000     	0.906401  
1677.000000     	0.906508  
1690.000000     	0.906600  
1703.000000     	0.906707  
1713.000000     	0.906814  
1727.000000     	0.906906  
1745.000000     	0.907013  
1758.000000     	0.907104  
1774.000000     	0.907211  
1788.000000     	0.907303  
1818.000000     	0.907410  
1828.000000     	0.907502  
1841.000000     	0.907609  
1855.000000     	0.907716  
1871.000000     	0.907823  
1886.000000     	0.907914  
1896.000000     	0.908006  
1908.000000     	0.908113  
1924.000000     	0.908205  
1937.000000     	0.908312  
1949.000000     	0.908403  
1968.000000     	0.908510  
1975.000000     	0.908602  
1984.000000     	0.908709  
1998.000000     	0.908801  
2015.000000     	0.908908  
2025.000000     	0.909030  
2037.000000     	0.909106  
2056.000000     	0.909213  
2068.000000     	0.909305  
2089.000000     	0.909412  
2113.000000     	0.909504  
2132.000000     	0.909610  
2147.000000     	0.909717  
2166.000000     	0.909809  
2187.000000     	0.909901  
2218.000000     	0.910008  
2237.000000     	0.910115  
2267.000000     	0.910222  
2286.000000     	0.910313  
2292.000000     	0.910405  
2300.000000     	0.910512  
2323.000000     	0.910619  
2342.000000     	0.910711  
2351.000000     	0.910802  
2366.000000     	0.910909  
2371.000000     	0.911001  
2405.000000     	0.911108  
2423.000000     	0.911215  
2455.000000     	0.911322  
2473.000000     	0.911414  
2487.000000     	0.911505  
2506.000000     	0.911612  
2526.000000     	0.911719  
2543.000000     	0.911811  
2559.000000     	0.911903  
2573.000000     	0.912010  
2586.000000     	0.912101  
2617.000000     	0.912239  
2628.000000     	0.912300  
2650.000000     	0.912407  
2672.000000     	0.912514  
2681.000000     	0.912606  
2737.000000     	0.912713  
2760.000000     	0.912804  
2785.000000     	0.912911  
2805.000000     	0.913003  
2828.000000     	0.913110  
2836.000000     	0.913202  
2877.000000     	0.913309  
2890.000000     	0.913400  
2912.000000     	0.913507  
2933.000000     	0.913614  
2947.000000     	0.913706  
2967.000000     	0.913828  
2980.000000     	0.913905  
2993.000000     	0.914012  
3008.000000     	0.914103  
3018.000000     	0.914210  
3053.000000     	0.914302  
3069.000000     	0.914424  
3080.000000     	0.914501  
3096.000000     	0.914607  
3117.000000     	0.914730  
3132.000000     	0.914806  
3156.000000     	0.914913  
3170.000000     	0.915005  
3185.000000     	0.915112  
3208.000000     	0.915203  
3239.000000     	0.915310  
3269.000000     	0.915402  
3297.000000     	0.915524  
3321.000000     	0.915616  
3360.000000     	0.915708  
3396.000000     	0.915815  
3416.000000     	0.915906  
3441.000000     	0.916013  
3468.000000     	0.916105  
3509.000000     	0.916212  
3524.000000     	0.916304  
3567.000000     	0.916441  
3576.000000     	0.916502  
3611.000000     	0.916609  
3645.000000     	0.916701  
3668.000000     	0.916839  
3679.000000     	0.916915  
3701.000000     	0.917007  
3729.000000     	0.917114  
3763.000000     	0.917205  
3792.000000     	0.917312  
3822.000000     	0.917404  
3842.000000     	0.917511  
3870.000000     	0.917603  
3900.000000     	0.917740  
3924.000000     	0.917801  
3976.000000     	0.917908  
3997.000000     	0.918015  
4018.000000     	0.918122  
4040.000000     	0.918214  
4080.000000     	0.918306  
4116.000000     	0.918413  
4153.000000     	0.918504  
4207.000000     	0.918611  
4229.000000     	0.918703  
4259.000000     	0.918810  
4271.000000     	0.918902  
4286.000000     	0.919009  
4310.000000     	0.919100  
4351.000000     	0.919207  
4385.000000     	0.919314  
4418.000000     	0.919406  
4451.000000     	0.919513  
4487.000000     	0.919605  
4512.000000     	0.919711  
4540.000000     	0.919803  
4594.000000     	0.919910  
4633.000000     	0.920002  
4665.000000     	0.920124  
4683.000000     	0.920200  
4719.000000     	0.920307  
4756.000000     	0.920414  
4771.000000     	0.920506  
4823.000000     	0.920613  
4857.000000     	0.920735  
4906.000000     	0.920812  
4928.000000     	0.920903  
4949.000000     	0.921010  
4986.000000     	0.921117  
4999.000000     	0.921209  
5046.000000     	0.921301  
5102.000000     	0.921408  
5125.000000     	0.921515  
5172.000000     	0.921606  
5199.000000     	0.921713  
5245.000000     	0.921836  
5305.000000     	0.921912  
5330.000000     	0.922004  
5383.000000     	0.922111  
5400.000000     	0.922202  
5435.000000     	0.922309  
5481.000000     	0.922401  
5495.000000     	0.922523  
5530.000000     	0.922615  
5574.000000     	0.922707  
5601.000000     	0.922814  
5625.000000     	0.922905  
5734.000000     	0.923012  
5762.000000     	0.923119  
5774.000000     	0.923211  
5822.000000     	0.923303  
5870.000000     	0.923410  
5883.000000     	0.923501  
5946.000000     	0.923608  
5976.000000     	0.923730  
6025.000000     	0.923822  
6051.000000     	0.923914  
6098.000000     	0.924006  
6124.000000     	0.924113  
6161.000000     	0.924204  
6247.000000     	0.924311  
6284.000000     	0.924403  
6321.000000     	0.924510  
6364.000000     	0.924602  
6390.000000     	0.924709  
6424.000000     	0.924815  
6456.000000     	0.924907  
6497.000000     	0.925014  
6535.000000     	0.925106  
6562.000000     	0.925213  
6588.000000     	0.925304  
6626.000000     	0.925411  
6682.000000     	0.925503  
6716.000000     	0.925625  
6757.000000     	0.925702  
6828.000000     	0.925824  
6856.000000     	0.925900  
6909.000000     	0.926007  
6931.000000     	0.926114  
6989.000000     	0.926221  
7033.000000     	0.926313  
7053.000000     	0.926405  
7139.000000     	0.926527  
7162.000000     	0.926603  
7219.000000     	0.926710  
7261.000000     	0.926802  
7295.000000     	0.926909  
7335.000000     	0.927001  
7387.000000     	0.927108  
7457.000000     	0.927215  
7482.000000     	0.927306  
7509.000000     	0.927413  
7539.000000     	0.927505  
7580.000000     	0.927627  
7619.000000     	0.927704  
7664.000000     	0.927811  
7718.000000     	0.927902  
7737.000000     	0.928009  
7775.000000     	0.928101  
7826.000000     	0.928208  
7870.000000     	0.928315  
7905.000000     	0.928407  
7949.000000     	0.928514  
7995.000000     	0.928605  
8012.000000     	0.928712  
8045.000000     	0.928804  
8066.000000     	0.928911  
8109.000000     	0.929003  
8151.000000     	0.929110  
8206.000000     	0.929201  
8277.000000     	0.929308  
8337.000000     	0.929415  
8373.000000     	0.929522  
8401.000000     	0.929614  
8447.000000     	0.929706  
8510.000000     	0.929812  
8550.000000     	0.929904  
8581.000000     	0.930011  
8660.000000     	0.930118  
8715.000000     	0.930210  
8752.000000     	0.930302  
8792.000000     	0.930408  
8847.000000     	0.930500  
8903.000000     	0.930607  
8964.000000     	0.930714  
8990.000000     	0.930806  
9036.000000     	0.930913  
9088.000000     	0.931004  
9171.000000     	0.931111  
9209.000000     	0.931203  
9253.000000     	0.931325  
9306.000000     	0.931402  
9389.000000     	0.931509  
9432.000000     	0.931600  
9480.000000     	0.931723  
9526.000000     	0.931814  
9539.000000     	0.931906  
9590.000000     	0.932013  
9659.000000     	0.932105  
9729.000000     	0.932227  
9752.000000     	0.932303  
9803.000000     	0.932410  
9882.000000     	0.932502  
9941.000000     	0.932609  
9985.000000     	0.932701  
10025.000000    	0.932823  
10084.000000    	0.932915  
10133.000000    	0.933006  
10177.000000    	0.933113  
10250.000000    	0.933205  
10314.000000    	0.933312  
10368.000000    	0.933404  
10406.000000    	0.933511  
10429.000000    	0.933602  
10502.000000    	0.933709  
10573.000000    	0.933801  
10618.000000    	0.933908  
10667.000000    	0.934015  
10726.000000    	0.934107  
10777.000000    	0.934214  
10801.000000    	0.934305  
10850.000000    	0.934412  
10905.000000    	0.934504  
10944.000000    	0.934611  
10983.000000    	0.934703  
11054.000000    	0.934825  
11075.000000    	0.934901  
11099.000000    	0.935008  
11138.000000    	0.935115  
11185.000000    	0.935207  
11269.000000    	0.935314  
11315.000000    	0.935421  
11389.000000    	0.935512  
11448.000000    	0.935619  
11471.000000    	0.935711  
11509.000000    	0.935803  
11578.000000    	0.935925  
11620.000000    	0.936001  
11667.000000    	0.936108  
11746.000000    	0.936200  
11792.000000    	0.936307  
11835.000000    	0.936429  
11885.000000    	0.936506  
11939.000000    	0.936613  
11988.000000    	0.936704  
12043.000000    	0.936811  
12116.000000    	0.936903  
12160.000000    	0.937010  
12214.000000    	0.937102  
12261.000000    	0.937209  
12306.000000    	0.937300  
12366.000000    	0.937407  
12436.000000    	0.937514  
12510.000000    	0.937606  
12552.000000    	0.937713  
12584.000000    	0.937805  
12649.000000    	0.937912  
12683.000000    	0.938003  
12753.000000    	0.938110  
12792.000000    	0.938202  
12850.000000    	0.938309  
12903.000000    	0.938401  
12970.000000    	0.938508  
13042.000000    	0.938615  
13074.000000    	0.938706  
13107.000000    	0.938813  
13163.000000    	0.938905  
13223.000000    	0.939012  
13277.000000    	0.939104  
13313.000000    	0.939211  
13341.000000    	0.939302  
13392.000000    	0.939409  
13426.000000    	0.939501  
13486.000000    	0.939608  
13532.000000    	0.939715  
13570.000000    	0.939807  
13666.000000    	0.939914  
13673.000000    	0.940005  
13726.000000    	0.940112  
13765.000000    	0.940204  
13806.000000    	0.940326  
13858.000000    	0.940403  
13955.000000    	0.940509  
14013.000000    	0.940601  
14074.000000    	0.940708  
14112.000000    	0.940815  
14153.000000    	0.940907  
14196.000000    	0.941014  
14301.000000    	0.941105  
14347.000000    	0.941212  
14358.000000    	0.941304  
14425.000000    	0.941411  
14452.000000    	0.941503  
14490.000000    	0.941610  
14558.000000    	0.941701  
14633.000000    	0.941808  
14659.000000    	0.941900  
14733.000000    	0.942007  
14774.000000    	0.942114  
14827.000000    	0.942206  
14937.000000    	0.942313  
14963.000000    	0.942404  
15032.000000    	0.942511  
15080.000000    	0.942603  
15116.000000    	0.942710  
15198.000000    	0.942802  
15241.000000    	0.942909  
15266.000000    	0.943000  
15315.000000    	0.943107  
15349.000000    	0.943214  
15374.000000    	0.943306  
15413.000000    	0.943413  
15459.000000    	0.943505  
15482.000000    	0.943612  
15514.000000    	0.943703  
15593.000000    	0.943810  
15677.000000    	0.943902  
15719.000000    	0.944009  
15785.000000    	0.944101  
15886.000000    	0.944208  
15946.000000    	0.944315  
15994.000000    	0.944406  
16055.000000    	0.944513  
16108.000000    	0.944605  
16152.000000    	0.944727  
16227.000000    	0.944804  
16311.000000    	0.944911  
16333.000000    	0.945002  
16367.000000    	0.945109  
16421.000000    	0.945201  
16487.000000    	0.945308  
16570.000000    	0.945415  
16630.000000    	0.945507  
16679.000000    	0.945613  
16749.000000    	0.945705  
16807.000000    	0.945812  
16853.000000    	0.945904  
16898.000000    	0.946011  
16943.000000    	0.946102  
16993.000000    	0.946209  
17018.000000    	0.946332  
17048.000000    	0.946408  
17090.000000    	0.946515  
17162.000000    	0.946607  
17232.000000    	0.946714  
17279.000000    	0.946805  
17340.000000    	0.946912  
17375.000000    	0.947004  
17409.000000    	0.947111  
17474.000000    	0.947203  
17517.000000    	0.947310  
17618.000000    	0.947401  
17675.000000    	0.947508  
17715.000000    	0.947600  
17746.000000    	0.947707  
17791.000000    	0.947814  
17832.000000    	0.947906  
17866.000000    	0.948013  
17915.000000    	0.948104  
17993.000000    	0.948211  
18053.000000    	0.948303  
18111.000000    	0.948410  
18164.000000    	0.948502  
18225.000000    	0.948609  
18310.000000    	0.948700  
18377.000000    	0.948807  
18418.000000    	0.948914  
18479.000000    	0.949006  
18554.000000    	0.949113  
18602.000000    	0.949205  
18651.000000    	0.949312  
18730.000000    	0.949403  
18774.000000    	0.949510  
18842.000000    	0.949602  
18875.000000    	0.949709  
18923.000000    	0.949801  
18953.000000    	0.949908  
19042.000000    	0.950015  
19093.000000    	0.950106  
19162.000000    	0.950213  
19189.000000    	0.950305  
19216.000000    	0.950412  
19254.000000    	0.950504  
19284.000000    	0.950610  
19339.000000    	0.950702  
19393.000000    	0.950809  
19445.000000    	0.950901  
19513.000000    	0.951008  
19540.000000    	0.951115  
19610.000000    	0.951206  
19686.000000    	0.951313  
19771.000000    	0.951405  
19822.000000    	0.951512  
19846.000000    	0.951604  
19864.000000    	0.951711  
19901.000000    	0.951802  
19949.000000    	0.951925  
20009.000000    	0.952001  
20085.000000    	0.952108  
20151.000000    	0.952215  
20190.000000    	0.952307  
20244.000000    	0.952414  
20280.000000    	0.952505  
20343.000000    	0.952612  
20370.000000    	0.952704  
20408.000000    	0.952811  
20455.000000    	0.952903  
20552.000000    	0.953010  
20640.000000    	0.953101  
20688.000000    	0.953208  
20722.000000    	0.953300  
20804.000000    	0.953407  
20854.000000    	0.953514  
20892.000000    	0.953606  
20969.000000    	0.953713  
21039.000000    	0.953804  
21119.000000    	0.953911  
21160.000000    	0.954003  
21222.000000    	0.954110  
21267.000000    	0.954202  
21332.000000    	0.954309  
21400.000000    	0.954400  
21468.000000    	0.954507  
21532.000000    	0.954614  
21575.000000    	0.954706  
21603.000000    	0.954813  
21642.000000    	0.954905  
21665.000000    	0.955012  
21701.000000    	0.955103  
21809.000000    	0.955210  
21862.000000    	0.955302  
21919.000000    	0.955409  
21953.000000    	0.955501  
22019.000000    	0.955608  
22047.000000    	0.955714  
22095.000000    	0.955806  
22130.000000    	0.955928  
22199.000000    	0.956005  
22245.000000    	0.956112  
22264.000000    	0.956203  
22317.000000    	0.956310  
22360.000000    	0.956402  
22412.000000    	0.956509  
22450.000000    	0.956601  
22500.000000    	0.956708  
22548.000000    	0.956815  
22570.000000    	0.956906  
22639.000000    	0.957013  
22677.000000    	0.957105  
22723.000000    	0.957212  
22783.000000    	0.957304  
22842.000000    	0.957441  
22862.000000    	0.957502  
22905.000000    	0.957609  
22956.000000    	0.957701  
23034.000000    	0.957808  
23112.000000    	0.957915  
23161.000000    	0.958007  
23199.000000    	0.958114  
23258.000000    	0.958205  
23298.000000    	0.958312  
23371.000000    	0.958404  
23425.000000    	0.958511  
23462.000000    	0.958603  
23492.000000    	0.958710  
23540.000000    	0.958801  
23567.000000    	0.958908  
23632.000000    	0.959015  
23677.000000    	0.959107  
23732.000000    	0.959214  
23774.000000    	0.959306  
23804.000000    	0.959413  
23858.000000    	0.959504  
23904.000000    	0.959611  
23986.000000    	0.959718  
24028.000000    	0.959825  
24074.000000    	0.959902  
24129.000000    	0.960009  
24184.000000    	0.960100  
24244.000000    	0.960207  
24294.000000    	0.960314  
24329.000000    	0.960406  
24372.000000    	0.960513  
24416.000000    	0.960605  
24445.000000    	0.960712  
24487.000000    	0.960803  
24540.000000    	0.960910  
24591.000000    	0.961002  
24633.000000    	0.961109  
24725.000000    	0.961201  
24781.000000    	0.961323  
24813.000000    	0.961414  
24869.000000    	0.961506  
24934.000000    	0.961613  
24975.000000    	0.961705  
25039.000000    	0.961827  
25089.000000    	0.961903  
25154.000000    	0.962010  
25180.000000    	0.962102  
25193.000000    	0.962209  
25258.000000    	0.962301  
25345.000000    	0.962408  
25395.000000    	0.962515  
25439.000000    	0.962606  
25468.000000    	0.962713  
25521.000000    	0.962805  
25557.000000    	0.962912  
25592.000000    	0.963004  
25649.000000    	0.963111  
25708.000000    	0.963202  
25781.000000    	0.963309  
25823.000000    	0.963401  
25894.000000    	0.963508  
25953.000000    	0.963615  
26006.000000    	0.963707  
26051.000000    	0.963814  
26074.000000    	0.963905  
26125.000000    	0.964012  
26146.000000    	0.964104  
26207.000000    	0.964211  
26260.000000    	0.964303  
26281.000000    	0.964410  
26326.000000    	0.964501  
26369.000000    	0.964608  
26428.000000    	0.964715  
26489.000000    	0.964807  
26567.000000    	0.964914  
26619.000000    	0.965021  
26652.000000    	0.965113  
26681.000000    	0.965204  
26714.000000    	0.965311  
26741.000000    	0.965403  
26806.000000    	0.965510  
26847.000000    	0.965602  
26909.000000    	0.965709  
26970.000000    	0.965800  
27021.000000    	0.965907  
27082.000000    	0.966014  
27140.000000    	0.966106  
27200.000000    	0.966213  
27238.000000    	0.966304  
27273.000000    	0.966411  
27295.000000    	0.966503  
27397.000000    	0.966610  
27432.000000    	0.966702  
27473.000000    	0.966809  
27543.000000    	0.966900  
27619.000000    	0.967007  
27654.000000    	0.967114  
27710.000000    	0.967206  
27761.000000    	0.967313  
27778.000000    	0.967420  
27827.000000    	0.967512  
27905.000000    	0.967603  
27978.000000    	0.967710  
28008.000000    	0.967802  
28092.000000    	0.967909  
28138.000000    	0.968001  
28189.000000    	0.968108  
28239.000000    	0.968215  
28349.000000    	0.968306  
28394.000000    	0.968413  
28452.000000    	0.968505  
28507.000000    	0.968612  
28547.000000    	0.968704  
28616.000000    	0.968826  
28633.000000    	0.968902  
28687.000000    	0.969009  
28764.000000    	0.969101  
28841.000000    	0.969208  
28877.000000    	0.969315  
28928.000000    	0.969407  
28993.000000    	0.969514  
29021.000000    	0.969605  
29068.000000    	0.969712  
29133.000000    	0.969804  
29210.000000    	0.969911  
29243.000000    	0.970003  
29278.000000    	0.970110  
29320.000000    	0.970201  
29364.000000    	0.970308  
29402.000000    	0.970415  
29464.000000    	0.970507  
29501.000000    	0.970614  
29520.000000    	0.970706  
29619.000000    	0.970813  
29672.000000    	0.970904  
29725.000000    	0.971011  
29771.000000    	0.971103  
29805.000000    	0.971225  
29842.000000    	0.971302  
29913.000000    	0.971408  
29951.000000    	0.971500  
30022.000000    	0.971622  
30063.000000    	0.971714  
30094.000000    	0.971806  
30166.000000    	0.971913  
30197.000000    	0.972004  
30263.000000    	0.972111  
30282.000000    	0.972203  
30316.000000    	0.972310  
30350.000000    	0.972402  
30442.000000    	0.972509  
30532.000000    	0.972600  
30581.000000    	0.972707  
30635.000000    	0.972814  
30675.000000    	0.972906  
30730.000000    	0.973013  
30808.000000    	0.973105  
30861.000000    	0.973227  
30904.000000    	0.973303  
30945.000000    	0.973410  
30961.000000    	0.973502  
30988.000000    	0.973609  
31034.000000    	0.973701  
31108.000000    	0.973808  
31145.000000    	0.973915  
31176.000000    	0.974006  
31234.000000    	0.974113  
31295.000000    	0.974205  
31348.000000    	0.974312  
31401.000000    	0.974404  
31483.000000    	0.974511  
31532.000000    	0.974602  
31585.000000    	0.974709  
31627.000000    	0.974801  
31681.000000    	0.974908  
31718.000000    	0.975015  
31768.000000    	0.975107  
31837.000000    	0.975214  
31934.000000    	0.975305  
31996.000000    	0.975412  
32027.000000    	0.975504  
32077.000000    	0.975611  
32119.000000    	0.975703  
32188.000000    	0.975810  
32221.000000    	0.975901  
32268.000000    	0.976008  
32293.000000    	0.976115  
32314.000000    	0.976207  
32361.000000    	0.976314  
32400.000000    	0.976406  
32495.000000    	0.976512  
32518.000000    	0.976604  
32563.000000    	0.976711  
32644.000000    	0.976803  
32687.000000    	0.976910  
32737.000000    	0.977001  
32794.000000    	0.977108  
32814.000000    	0.977200  
32841.000000    	0.977307  
32920.000000    	0.977414  
32967.000000    	0.977521  
32999.000000    	0.977628  
33034.000000    	0.977704  
33074.000000    	0.977811  
33115.000000    	0.977903  
33143.000000    	0.978010  
33174.000000    	0.978102  
33210.000000    	0.978209  
33257.000000    	0.978316  
33316.000000    	0.978423  
33366.000000    	0.978514  
33427.000000    	0.978606  
33517.000000    	0.978728  
33584.000000    	0.978805  
33681.000000    	0.978912  
33737.000000    	0.979003  
33771.000000    	0.979110  
33823.000000    	0.979202  
33885.000000    	0.979309  
33941.000000    	0.979401  
33986.000000    	0.979508  
34071.000000    	0.979615  
34129.000000    	0.979706  
34166.000000    	0.979813  
34179.000000    	0.979920  
34207.000000    	0.980012  
34236.000000    	0.980104  
34313.000000    	0.980211  
34334.000000    	0.980302  
34419.000000    	0.980409  
34457.000000    	0.980501  
34501.000000    	0.980623  
34542.000000    	0.980715  
34601.000000    	0.980822  
34673.000000    	0.980914  
34730.000000    	0.981005  
34783.000000    	0.981112  
34827.000000    	0.981204  
34876.000000    	0.981311  
34926.000000    	0.981403  
35014.000000    	0.981509  
35039.000000    	0.981601  
35101.000000    	0.981708  
35137.000000    	0.981815  
35197.000000    	0.981907  
35254.000000    	0.982014  
35272.000000    	0.982105  
35310.000000    	0.982212  
35354.000000    	0.982319  
35409.000000    	0.982411  
35448.000000    	0.982503  
35491.000000    	0.982610  
35581.000000    	0.982701  
35630.000000    	0.982808  
35667.000000    	0.982900  
35753.000000    	0.983007  
35783.000000    	0.983114  
35819.000000    	0.983206  
35857.000000    	0.983313  
35885.000000    	0.983404  
35934.000000    	0.983511  
35976.000000    	0.983603  
36030.000000    	0.983710  
36080.000000    	0.983802  
36130.000000    	0.983909  
36149.000000    	0.984000  
36188.000000    	0.984107  
36279.000000    	0.984230  
36334.000000    	0.984306  
36370.000000    	0.984413  
36403.000000    	0.984505  
36471.000000    	0.984612  
36506.000000    	0.984703  
36579.000000    	0.984810  
36621.000000    	0.984902  
36687.000000    	0.985009  
36705.000000    	0.985101  
36769.000000    	0.985208  
36803.000000    	0.985315  
36834.000000    	0.985406  
36868.000000    	0.985513  
36891.000000    	0.985605  
36908.000000    	0.985712  
36977.000000    	0.985819  
37010.000000    	0.985911  
37024.000000    	0.986002  
37115.000000    	0.986109  
37158.000000    	0.986201  
37204.000000    	0.986308  
37239.000000    	0.986415  
37278.000000    	0.986507  
37320.000000    	0.986613  
37355.000000    	0.986720  
37386.000000    	0.986812  
37450.000000    	0.986904  
37521.000000    	0.987011  
37592.000000    	0.987102  
37623.000000    	0.987209  
37668.000000    	0.987301  
37710.000000    	0.987408  
37757.000000    	0.987515  
37797.000000    	0.987607  
37833.000000    	0.987714  
37900.000000    	0.987805  
37959.000000    	0.987912  
38000.000000    	0.988004  
38086.000000    	0.988111  
38134.000000    	0.988203  
38198.000000    	0.988325  
38239.000000    	0.988401  
38264.000000    	0.988508  
38289.000000    	0.988600  
38346.000000    	0.988707  
38417.000000    	0.988814  
38474.000000    	0.988906  
38540.000000    	0.989013  
38653.000000    	0.989104  
38688.000000    	0.989211  
38778.000000    	0.989303  
38822.000000    	0.989410  
38916.000000    	0.989502  
38969.000000    	0.989609  
38992.000000    	0.989700  
39054.000000    	0.989807  
39101.000000    	0.989914  
39113.000000    	0.990006  
39159.000000    	0.990113  
39201.000000    	0.990205  
39224.000000    	0.990312  
39268.000000    	0.990403  
39304.000000    	0.990510  
39393.000000    	0.990602  
39448.000000    	0.990709  
39526.000000    	0.990801  
39565.000000    	0.990908  
39600.000000    	0.991015  
39629.000000    	0.991106  
39709.000000    	0.991213  
39728.000000    	0.991305  
39770.000000    	0.991412  
39797.000000    	0.991504  
39819.000000    	0.991611  
39927.000000    	0.991702  
39969.000000    	0.991809  
40037.000000    	0.991901  
40072.000000    	0.992008  
40148.000000    	0.992115  
40203.000000    	0.992206  
40309.000000    	0.992313  
40347.000000    	0.992405  
40397.000000    	0.992512  
40424.000000    	0.992604  
40490.000000    	0.992711  
40522.000000    	0.992802  
40606.000000    	0.992909  
40670.000000    	0.993001  
40755.000000    	0.993108  
40803.000000    	0.993215  
40904.000000    	0.993307  
40970.000000    	0.993444  
41020.000000    	0.993505  
41065.000000    	0.993628  
41123.000000    	0.993704  
41207.000000    	0.993811  
41293.000000    	0.993903  
41334.000000    	0.994010  
41361.000000    	0.994101  
41416.000000    	0.994208  
41495.000000    	0.994300  
41529.000000    	0.994407  
41613.000000    	0.994514  
41699.000000    	0.994606  
41783.000000    	0.994713  
41815.000000    	0.994804  
41920.000000    	0.994911  
41980.000000    	0.995003  
42022.000000    	0.995110  
42103.000000    	0.995202  
42147.000000    	0.995309  
42199.000000    	0.995400  
42292.000000    	0.995507  
42349.000000    	0.995614  
42404.000000    	0.995706  
42475.000000    	0.995813  
42574.000000    	0.995905  
42626.000000    	0.996012  
42683.000000    	0.996103  
42807.000000    	0.996210  
42852.000000    	0.996302  
42909.000000    	0.996409  
42954.000000    	0.996501  
43019.000000    	0.996608  
43138.000000    	0.996714  
43171.000000    	0.996806  
43246.000000    	0.996913  
43315.000000    	0.997005  
43442.000000    	0.997112  
43515.000000    	0.997204  
43620.000000    	0.997310  
43668.000000    	0.997402  
43751.000000    	0.997509  
43859.000000    	0.997601  
43878.000000    	0.997708  
43945.000000    	0.997815  
44070.000000    	0.997906  
44147.000000    	0.998013  
44259.000000    	0.998105  
44350.000000    	0.998212  
44452.000000    	0.998304  
44547.000000    	0.998411  
44668.000000    	0.998518  
44766.000000    	0.998609  
44862.000000    	0.998701  
44978.000000    	0.998808  
45152.000000    	0.998915  
45232.000000    	0.999007  
45326.000000    	0.999114  
45491.000000    	0.999205  
45632.000000    	0.999312  
45848.000000    	0.999404  
45968.000000    	0.999511  
46040.000000    	0.999603  
46418.000000    	0.999710  
46699.000000    	0.999801  
47085.000000    	0.999908  
47641.000000    	1.000000  
47641.000000    	1.000000  
