6.000000        	0.000031  
7.000000        	0.000351  
8.000000        	0.000856  
9.000000        	0.001116  
10.000000       	0.001238  
18.000000       	0.001329  
20.000000       	0.001406  
21.000000       	0.001941  
22.000000       	0.003484  
23.000000       	0.005532  
24.000000       	0.006816  
25.000000       	0.007503  
26.000000       	0.007671  
27.000000       	0.007732  
28.000000       	0.007824  
30.000000       	0.007900  
35.000000       	0.008007  
38.000000       	0.008114  
44.000000       	0.008206  
51.000000       	0.008313  
57.000000       	0.008405  
60.000000       	0.008665  
61.000000       	0.009413  
62.000000       	0.010590  
63.000000       	0.011324  
64.000000       	0.012286  
65.000000       	0.013142  
66.000000       	0.013432  
67.000000       	0.013539  
68.000000       	0.013707  
69.000000       	0.013876  
70.000000       	0.014105  
71.000000       	0.014380  
72.000000       	0.014777  
73.000000       	0.015266  
74.000000       	0.016703  
75.000000       	0.020767  
76.000000       	0.027063  
77.000000       	0.034337  
78.000000       	0.041168  
79.000000       	0.045768  
80.000000       	0.049221  
81.000000       	0.052339  
82.000000       	0.055349  
83.000000       	0.057871  
84.000000       	0.060407  
85.000000       	0.063937  
86.000000       	0.069882  
87.000000       	0.080289  
88.000000       	0.100139  
89.000000       	0.129510  
90.000000       	0.161937  
91.000000       	0.196015  
92.000000       	0.221153  
93.000000       	0.237167  
94.000000       	0.249331  
95.000000       	0.260716  
96.000000       	0.271703  
97.000000       	0.281942  
98.000000       	0.293434  
99.000000       	0.308409  
100.000000      	0.328352  
101.000000      	0.371140  
102.000000      	0.444551  
103.000000      	0.528523  
104.000000      	0.595776  
105.000000      	0.639328  
106.000000      	0.666865  
107.000000      	0.686105  
108.000000      	0.703694  
109.000000      	0.722597  
110.000000      	0.746573  
111.000000      	0.771650  
112.000000      	0.798774  
113.000000      	0.826296  
114.000000      	0.849631  
115.000000      	0.865738  
116.000000      	0.875839  
117.000000      	0.882853  
118.000000      	0.888323  
119.000000      	0.892526  
120.000000      	0.895888  
121.000000      	0.898791  
122.000000      	0.901083  
123.000000      	0.903513  
124.000000      	0.905729  
125.000000      	0.908250  
126.000000      	0.910512  
127.000000      	0.912545  
128.000000      	0.914363  
129.000000      	0.916334  
130.000000      	0.917740  
131.000000      	0.918886  
132.000000      	0.919956  
133.000000      	0.920980  
134.000000      	0.921927  
135.000000      	0.922921  
136.000000      	0.923761  
137.000000      	0.924586  
138.000000      	0.925442  
139.000000      	0.925946  
140.000000      	0.926680  
141.000000      	0.927291  
142.000000      	0.927795  
143.000000      	0.928300  
144.000000      	0.928941  
145.000000      	0.929553  
146.000000      	0.930363  
147.000000      	0.931264  
148.000000      	0.932120  
149.000000      	0.933067  
150.000000      	0.933725  
151.000000      	0.934275  
152.000000      	0.934901  
153.000000      	0.935451  
154.000000      	0.936078  
155.000000      	0.936429  
156.000000      	0.936781  
157.000000      	0.937178  
158.000000      	0.937637  
159.000000      	0.938019  
160.000000      	0.938401  
161.000000      	0.938752  
162.000000      	0.939104  
163.000000      	0.939470  
164.000000      	0.939715  
165.000000      	0.939959  
166.000000      	0.940219  
167.000000      	0.940479  
168.000000      	0.940601  
169.000000      	0.940846  
170.000000      	0.941044  
171.000000      	0.941228  
172.000000      	0.941319  
173.000000      	0.941457  
174.000000      	0.941549  
175.000000      	0.941656  
176.000000      	0.941747  
177.000000      	0.941976  
178.000000      	0.942145  
179.000000      	0.942267  
180.000000      	0.942359  
181.000000      	0.942542  
182.000000      	0.942710  
183.000000      	0.942832  
184.000000      	0.942955  
185.000000      	0.943077  
186.000000      	0.943199  
187.000000      	0.943275  
188.000000      	0.943428  
189.000000      	0.943566  
190.000000      	0.943688  
191.000000      	0.943795  
192.000000      	0.943917  
193.000000      	0.944116  
195.000000      	0.944315  
196.000000      	0.944437  
198.000000      	0.944666  
199.000000      	0.944773  
200.000000      	0.944849  
201.000000      	0.944956  
202.000000      	0.945063  
203.000000      	0.945201  
205.000000      	0.945507  
207.000000      	0.945705  
208.000000      	0.945904  
209.000000      	0.946011  
211.000000      	0.946316  
212.000000      	0.946423  
213.000000      	0.946576  
214.000000      	0.946668  
215.000000      	0.946790  
216.000000      	0.946851  
217.000000      	0.946958  
218.000000      	0.947096  
219.000000      	0.947172  
220.000000      	0.947356  
221.000000      	0.947508  
222.000000      	0.947600  
223.000000      	0.947738  
224.000000      	0.947906  
225.000000      	0.948074  
226.000000      	0.948242  
227.000000      	0.948410  
228.000000      	0.948639  
229.000000      	0.948823  
230.000000      	0.949037  
231.000000      	0.949220  
232.000000      	0.949342  
233.000000      	0.949556  
234.000000      	0.949739  
235.000000      	0.949923  
236.000000      	0.950015  
237.000000      	0.950106  
238.000000      	0.950305  
239.000000      	0.950442  
240.000000      	0.950519  
241.000000      	0.950656  
242.000000      	0.950840  
243.000000      	0.950993  
244.000000      	0.951099  
245.000000      	0.951237  
246.000000      	0.951436  
247.000000      	0.951558  
248.000000      	0.951650  
249.000000      	0.951894  
250.000000      	0.952062  
251.000000      	0.952184  
252.000000      	0.952398  
253.000000      	0.952628  
254.000000      	0.952811  
255.000000      	0.952964  
256.000000      	0.953193  
257.000000      	0.953392  
258.000000      	0.953468  
259.000000      	0.953575  
260.000000      	0.953728  
261.000000      	0.953957  
262.000000      	0.954110  
264.000000      	0.954293  
265.000000      	0.954538  
266.000000      	0.954843  
267.000000      	0.954935  
268.000000      	0.955195  
269.000000      	0.955439  
270.000000      	0.955577  
271.000000      	0.955714  
272.000000      	0.955821  
273.000000      	0.956020  
274.000000      	0.956127  
275.000000      	0.956203  
276.000000      	0.956356  
277.000000      	0.956494  
278.000000      	0.956616  
279.000000      	0.956784  
280.000000      	0.956998  
281.000000      	0.957090  
282.000000      	0.957273  
283.000000      	0.957334  
284.000000      	0.957518  
286.000000      	0.957747  
287.000000      	0.957854  
288.000000      	0.958007  
289.000000      	0.958282  
290.000000      	0.958404  
291.000000      	0.958557  
292.000000      	0.958725  
293.000000      	0.958908  
294.000000      	0.959076  
295.000000      	0.959260  
296.000000      	0.959351  
297.000000      	0.959489  
298.000000      	0.959581  
299.000000      	0.959856  
300.000000      	0.960024  
301.000000      	0.960253  
302.000000      	0.960528  
303.000000      	0.960757  
304.000000      	0.960941  
305.000000      	0.961155  
306.000000      	0.961323  
307.000000      	0.961598  
308.000000      	0.961888  
309.000000      	0.962056  
310.000000      	0.962240  
311.000000      	0.962408  
312.000000      	0.962606  
314.000000      	0.962912  
315.000000      	0.963111  
316.000000      	0.963263  
317.000000      	0.963401  
318.000000      	0.963600  
319.000000      	0.963814  
320.000000      	0.963982  
321.000000      	0.964119  
322.000000      	0.964242  
323.000000      	0.964471  
324.000000      	0.964669  
325.000000      	0.964807  
327.000000      	0.965021  
328.000000      	0.965174  
329.000000      	0.965388  
330.000000      	0.965540  
331.000000      	0.965693  
332.000000      	0.965800  
333.000000      	0.965999  
334.000000      	0.966106  
335.000000      	0.966320  
336.000000      	0.966564  
337.000000      	0.966717  
338.000000      	0.966870  
339.000000      	0.966977  
340.000000      	0.967221  
341.000000      	0.967451  
342.000000      	0.967619  
343.000000      	0.967726  
344.000000      	0.967833  
345.000000      	0.968001  
346.000000      	0.968184  
347.000000      	0.968367  
348.000000      	0.968474  
349.000000      	0.968551  
350.000000      	0.968704  
352.000000      	0.968872  
353.000000      	0.968994  
354.000000      	0.969132  
355.000000      	0.969223  
356.000000      	0.969437  
357.000000      	0.969636  
358.000000      	0.969712  
359.000000      	0.969835  
360.000000      	0.969941  
362.000000      	0.970094  
363.000000      	0.970201  
364.000000      	0.970308  
365.000000      	0.970430  
366.000000      	0.970537  
368.000000      	0.970690  
369.000000      	0.970828  
370.000000      	0.971011  
371.000000      	0.971179  
372.000000      	0.971332  
373.000000      	0.971546  
374.000000      	0.971653  
375.000000      	0.971745  
376.000000      	0.971821  
378.000000      	0.972004  
380.000000      	0.972234  
381.000000      	0.972371  
382.000000      	0.972478  
383.000000      	0.972600  
385.000000      	0.972753  
386.000000      	0.972891  
387.000000      	0.972967  
388.000000      	0.973089  
389.000000      	0.973196  
390.000000      	0.973273  
391.000000      	0.973303  
392.000000      	0.973410  
393.000000      	0.973548  
394.000000      	0.973624  
395.000000      	0.973716  
396.000000      	0.973869  
397.000000      	0.973960  
398.000000      	0.974037  
399.000000      	0.974113  
400.000000      	0.974312  
401.000000      	0.974465  
402.000000      	0.974526  
403.000000      	0.974679  
404.000000      	0.974725  
405.000000      	0.974801  
408.000000      	0.974984  
409.000000      	0.975030  
411.000000      	0.975229  
412.000000      	0.975321  
413.000000      	0.975443  
414.000000      	0.975534  
416.000000      	0.975687  
417.000000      	0.975764  
418.000000      	0.975825  
420.000000      	0.975962  
421.000000      	0.976039  
422.000000      	0.976161  
423.000000      	0.976237  
424.000000      	0.976436  
426.000000      	0.976635  
428.000000      	0.976818  
430.000000      	0.976940  
431.000000      	0.977017  
432.000000      	0.977108  
433.000000      	0.977231  
434.000000      	0.977307  
435.000000      	0.977414  
437.000000      	0.977567  
438.000000      	0.977659  
439.000000      	0.977720  
441.000000      	0.977827  
443.000000      	0.977903  
445.000000      	0.978025  
447.000000      	0.978132  
448.000000      	0.978209  
449.000000      	0.978316  
451.000000      	0.978438  
453.000000      	0.978575  
454.000000      	0.978606  
457.000000      	0.978789  
458.000000      	0.978881  
459.000000      	0.979034  
461.000000      	0.979126  
463.000000      	0.979309  
465.000000      	0.979523  
466.000000      	0.979615  
468.000000      	0.979752  
469.000000      	0.979859  
470.000000      	0.979966  
471.000000      	0.980088  
472.000000      	0.980104  
474.000000      	0.980348  
476.000000      	0.980409  
479.000000      	0.980547  
480.000000      	0.980623  
481.000000      	0.980745  
483.000000      	0.980852  
484.000000      	0.980929  
486.000000      	0.981082  
487.000000      	0.981158  
488.000000      	0.981250  
490.000000      	0.981341  
492.000000      	0.981464  
493.000000      	0.981555  
494.000000      	0.981601  
496.000000      	0.981785  
498.000000      	0.981815  
499.000000      	0.981907  
501.000000      	0.982029  
503.000000      	0.982136  
506.000000      	0.982289  
507.000000      	0.982350  
509.000000      	0.982442  
511.000000      	0.982518  
513.000000      	0.982656  
514.000000      	0.982717  
516.000000      	0.982839  
518.000000      	0.982931  
520.000000      	0.983022  
521.000000      	0.983160  
522.000000      	0.983252  
523.000000      	0.983313  
525.000000      	0.983450  
526.000000      	0.983511  
528.000000      	0.983603  
531.000000      	0.983725  
533.000000      	0.983832  
535.000000      	0.983955  
536.000000      	0.984046  
540.000000      	0.984107  
541.000000      	0.984214  
544.000000      	0.984306  
547.000000      	0.984444  
551.000000      	0.984520  
555.000000      	0.984612  
558.000000      	0.984703  
561.000000      	0.984810  
565.000000      	0.984902  
570.000000      	0.985009  
574.000000      	0.985116  
576.000000      	0.985223  
581.000000      	0.985360  
584.000000      	0.985422  
587.000000      	0.985513  
591.000000      	0.985605  
595.000000      	0.985727  
599.000000      	0.985804  
602.000000      	0.985926  
607.000000      	0.986002  
611.000000      	0.986140  
614.000000      	0.986201  
616.000000      	0.986323  
619.000000      	0.986430  
625.000000      	0.986507  
628.000000      	0.986629  
630.000000      	0.986720  
634.000000      	0.986858  
635.000000      	0.986919  
640.000000      	0.987011  
644.000000      	0.987102  
649.000000      	0.987209  
652.000000      	0.987301  
656.000000      	0.987439  
661.000000      	0.987530  
666.000000      	0.987607  
673.000000      	0.987744  
675.000000      	0.987821  
677.000000      	0.987912  
682.000000      	0.988004  
688.000000      	0.988126  
696.000000      	0.988203  
700.000000      	0.988310  
707.000000      	0.988432  
713.000000      	0.988508  
718.000000      	0.988600  
723.000000      	0.988707  
729.000000      	0.988814  
732.000000      	0.988906  
737.000000      	0.989028  
740.000000      	0.989135  
747.000000      	0.989211  
754.000000      	0.989318  
757.000000      	0.989456  
760.000000      	0.989502  
764.000000      	0.989609  
780.000000      	0.989716  
786.000000      	0.989823  
790.000000      	0.989914  
798.000000      	0.990021  
803.000000      	0.990113  
809.000000      	0.990205  
817.000000      	0.990342  
822.000000      	0.990403  
830.000000      	0.990510  
833.000000      	0.990602  
843.000000      	0.990709  
850.000000      	0.990801  
854.000000      	0.990908  
865.000000      	0.991015  
872.000000      	0.991106  
884.000000      	0.991213  
896.000000      	0.991305  
917.000000      	0.991412  
933.000000      	0.991504  
956.000000      	0.991611  
971.000000      	0.991702  
990.000000      	0.991809  
998.000000      	0.991901  
1006.000000     	0.992008  
1018.000000     	0.992115  
1032.000000     	0.992206  
1059.000000     	0.992313  
1070.000000     	0.992405  
1091.000000     	0.992512  
1111.000000     	0.992604  
1137.000000     	0.992726  
1152.000000     	0.992802  
1175.000000     	0.992909  
1193.000000     	0.993001  
1215.000000     	0.993108  
1246.000000     	0.993215  
1280.000000     	0.993307  
1322.000000     	0.993414  
1342.000000     	0.993505  
1362.000000     	0.993628  
1383.000000     	0.993704  
1414.000000     	0.993811  
1434.000000     	0.993903  
1477.000000     	0.994010  
1519.000000     	0.994101  
1547.000000     	0.994208  
1593.000000     	0.994300  
1623.000000     	0.994407  
1663.000000     	0.994514  
1711.000000     	0.994606  
1771.000000     	0.994713  
1800.000000     	0.994804  
1851.000000     	0.994911  
1887.000000     	0.995003  
1943.000000     	0.995110  
1971.000000     	0.995202  
2023.000000     	0.995324  
2053.000000     	0.995400  
2123.000000     	0.995507  
2155.000000     	0.995614  
2188.000000     	0.995706  
2306.000000     	0.995813  
2336.000000     	0.995905  
2400.000000     	0.996012  
2467.000000     	0.996103  
2511.000000     	0.996210  
2535.000000     	0.996302  
2567.000000     	0.996409  
2613.000000     	0.996501  
2684.000000     	0.996608  
2706.000000     	0.996714  
2763.000000     	0.996806  
2814.000000     	0.996913  
2873.000000     	0.997005  
2934.000000     	0.997112  
2973.000000     	0.997219  
3026.000000     	0.997310  
3065.000000     	0.997402  
3249.000000     	0.997509  
3366.000000     	0.997601  
3480.000000     	0.997708  
3645.000000     	0.997815  
3735.000000     	0.997906  
3853.000000     	0.998029  
3915.000000     	0.998105  
4147.000000     	0.998212  
4275.000000     	0.998304  
4519.000000     	0.998411  
4679.000000     	0.998502  
4926.000000     	0.998609  
5203.000000     	0.998701  
5512.000000     	0.998808  
5898.000000     	0.998915  
6080.000000     	0.999007  
6391.000000     	0.999114  
7422.000000     	0.999205  
8385.000000     	0.999312  
8990.000000     	0.999404  
10136.000000    	0.999511  
10818.000000    	0.999603  
13480.000000    	0.999710  
15745.000000    	0.999801  
19797.000000    	0.999908  
22636.000000    	1.000000  
22636.000000    	1.000000  
