6.000000        	0.000031  
7.000000        	0.000504  
8.000000        	0.000871  
9.000000        	0.001024  
11.000000       	0.001131  
16.000000       	0.001238  
18.000000       	0.001314  
21.000000       	0.002017  
22.000000       	0.004050  
23.000000       	0.005975  
24.000000       	0.007106  
25.000000       	0.007473  
26.000000       	0.007732  
27.000000       	0.007839  
28.000000       	0.007962  
30.000000       	0.008038  
34.000000       	0.008130  
38.000000       	0.008221  
45.000000       	0.008328  
50.000000       	0.008405  
57.000000       	0.008512  
59.000000       	0.008695  
60.000000       	0.009138  
61.000000       	0.009826  
62.000000       	0.010514  
63.000000       	0.011232  
64.000000       	0.011736  
65.000000       	0.012057  
66.000000       	0.012195  
67.000000       	0.012363  
68.000000       	0.012561  
69.000000       	0.012653  
70.000000       	0.012867  
71.000000       	0.013142  
72.000000       	0.014028  
73.000000       	0.016473  
74.000000       	0.020645  
75.000000       	0.027858  
76.000000       	0.036202  
77.000000       	0.046211  
78.000000       	0.055624  
79.000000       	0.065985  
80.000000       	0.075062  
81.000000       	0.083513  
82.000000       	0.091199  
83.000000       	0.096854  
84.000000       	0.101346  
85.000000       	0.106068  
86.000000       	0.113480  
87.000000       	0.127416  
88.000000       	0.151408  
89.000000       	0.178181  
90.000000       	0.204481  
91.000000       	0.229970  
92.000000       	0.257064  
93.000000       	0.288406  
94.000000       	0.329375  
95.000000       	0.377665  
96.000000       	0.425557  
97.000000       	0.469216  
98.000000       	0.503629  
99.000000       	0.529409  
100.000000      	0.555510  
101.000000      	0.591941  
102.000000      	0.633720  
103.000000      	0.672489  
104.000000      	0.702211  
105.000000      	0.726463  
106.000000      	0.745060  
107.000000      	0.762298  
108.000000      	0.779474  
109.000000      	0.796727  
110.000000      	0.814560  
111.000000      	0.830911  
112.000000      	0.845077  
113.000000      	0.857348  
114.000000      	0.867052  
115.000000      	0.874509  
116.000000      	0.879537  
117.000000      	0.884106  
118.000000      	0.888094  
119.000000      	0.891471  
120.000000      	0.895032  
121.000000      	0.897584  
122.000000      	0.900212  
123.000000      	0.902688  
124.000000      	0.904858  
125.000000      	0.906432  
126.000000      	0.907838  
127.000000      	0.909580  
128.000000      	0.911001  
129.000000      	0.912086  
130.000000      	0.913171  
131.000000      	0.914470  
132.000000      	0.915555  
133.000000      	0.916548  
134.000000      	0.917328  
135.000000      	0.918107  
136.000000      	0.918749  
137.000000      	0.919391  
138.000000      	0.920109  
139.000000      	0.920491  
140.000000      	0.921041  
141.000000      	0.921744  
142.000000      	0.922340  
143.000000      	0.922905  
144.000000      	0.923348  
145.000000      	0.923730  
146.000000      	0.924235  
147.000000      	0.924922  
148.000000      	0.925411  
149.000000      	0.926023  
150.000000      	0.926680  
151.000000      	0.927367  
152.000000      	0.927933  
153.000000      	0.928498  
154.000000      	0.929323  
155.000000      	0.929782  
156.000000      	0.930118  
157.000000      	0.930454  
158.000000      	0.931096  
159.000000      	0.931509  
160.000000      	0.931937  
161.000000      	0.932410  
162.000000      	0.932685  
163.000000      	0.933067  
164.000000      	0.933388  
165.000000      	0.933755  
166.000000      	0.934030  
167.000000      	0.934244  
168.000000      	0.934596  
169.000000      	0.934871  
170.000000      	0.935054  
171.000000      	0.935283  
172.000000      	0.935512  
173.000000      	0.935833  
174.000000      	0.935986  
175.000000      	0.936215  
176.000000      	0.936338  
177.000000      	0.936552  
178.000000      	0.936704  
179.000000      	0.936903  
180.000000      	0.937071  
181.000000      	0.937178  
182.000000      	0.937300  
183.000000      	0.937591  
184.000000      	0.937774  
185.000000      	0.937866  
186.000000      	0.938019  
187.000000      	0.938248  
188.000000      	0.938385  
189.000000      	0.938584  
190.000000      	0.938645  
191.000000      	0.938722  
192.000000      	0.938905  
193.000000      	0.939042  
194.000000      	0.939272  
195.000000      	0.939425  
196.000000      	0.939623  
197.000000      	0.939715  
198.000000      	0.939898  
199.000000      	0.940158  
200.000000      	0.940357  
201.000000      	0.940540  
202.000000      	0.940723  
203.000000      	0.940907  
204.000000      	0.941014  
205.000000      	0.941197  
206.000000      	0.941426  
207.000000      	0.941625  
208.000000      	0.941824  
209.000000      	0.941976  
210.000000      	0.942297  
211.000000      	0.942496  
212.000000      	0.942756  
213.000000      	0.942955  
214.000000      	0.943107  
215.000000      	0.943306  
216.000000      	0.943489  
217.000000      	0.943764  
218.000000      	0.944039  
219.000000      	0.944330  
220.000000      	0.944574  
221.000000      	0.944773  
222.000000      	0.944926  
223.000000      	0.945048  
224.000000      	0.945155  
225.000000      	0.945369  
226.000000      	0.945583  
227.000000      	0.945797  
228.000000      	0.945965  
229.000000      	0.946118  
230.000000      	0.946255  
231.000000      	0.946393  
232.000000      	0.946591  
233.000000      	0.946836  
234.000000      	0.946958  
235.000000      	0.947096  
236.000000      	0.947203  
238.000000      	0.947447  
239.000000      	0.947646  
240.000000      	0.947845  
241.000000      	0.947982  
242.000000      	0.948196  
243.000000      	0.948364  
244.000000      	0.948532  
245.000000      	0.948685  
246.000000      	0.948807  
247.000000      	0.948914  
248.000000      	0.949098  
249.000000      	0.949312  
250.000000      	0.949449  
251.000000      	0.949617  
252.000000      	0.949801  
253.000000      	0.950045  
254.000000      	0.950152  
255.000000      	0.950228  
256.000000      	0.950397  
257.000000      	0.950641  
258.000000      	0.950733  
259.000000      	0.950916  
260.000000      	0.951130  
261.000000      	0.951237  
262.000000      	0.951390  
263.000000      	0.951543  
264.000000      	0.951757  
265.000000      	0.951909  
266.000000      	0.952123  
267.000000      	0.952322  
268.000000      	0.952460  
269.000000      	0.952612  
270.000000      	0.952750  
271.000000      	0.952949  
272.000000      	0.953178  
273.000000      	0.953361  
274.000000      	0.953651  
275.000000      	0.953728  
276.000000      	0.953927  
277.000000      	0.954110  
278.000000      	0.954278  
279.000000      	0.954492  
280.000000      	0.954630  
281.000000      	0.954813  
282.000000      	0.954966  
283.000000      	0.955149  
284.000000      	0.955256  
285.000000      	0.955348  
286.000000      	0.955501  
287.000000      	0.955608  
288.000000      	0.955776  
289.000000      	0.955944  
290.000000      	0.956081  
291.000000      	0.956234  
292.000000      	0.956479  
293.000000      	0.956586  
294.000000      	0.956799  
295.000000      	0.957059  
296.000000      	0.957319  
297.000000      	0.957533  
298.000000      	0.957839  
299.000000      	0.958098  
300.000000      	0.958266  
301.000000      	0.958435  
302.000000      	0.958633  
303.000000      	0.958862  
304.000000      	0.959000  
305.000000      	0.959214  
306.000000      	0.959413  
307.000000      	0.959611  
308.000000      	0.959856  
309.000000      	0.960024  
310.000000      	0.960146  
311.000000      	0.960314  
312.000000      	0.960421  
313.000000      	0.960681  
314.000000      	0.960834  
315.000000      	0.961078  
316.000000      	0.961216  
317.000000      	0.961353  
318.000000      	0.961521  
319.000000      	0.961674  
320.000000      	0.961796  
321.000000      	0.962041  
322.000000      	0.962133  
323.000000      	0.962331  
324.000000      	0.962454  
325.000000      	0.962622  
326.000000      	0.962820  
328.000000      	0.963050  
329.000000      	0.963325  
330.000000      	0.963477  
331.000000      	0.963722  
332.000000      	0.963921  
333.000000      	0.964089  
334.000000      	0.964196  
335.000000      	0.964318  
336.000000      	0.964440  
337.000000      	0.964562  
338.000000      	0.964700  
339.000000      	0.964837  
340.000000      	0.965082  
341.000000      	0.965158  
342.000000      	0.965265  
343.000000      	0.965418  
344.000000      	0.965540  
345.000000      	0.965647  
346.000000      	0.965877  
347.000000      	0.965968  
348.000000      	0.966121  
349.000000      	0.966243  
350.000000      	0.966366  
351.000000      	0.966503  
353.000000      	0.966625  
354.000000      	0.966763  
355.000000      	0.966839  
356.000000      	0.966962  
357.000000      	0.967038  
358.000000      	0.967283  
359.000000      	0.967420  
361.000000      	0.967542  
362.000000      	0.967634  
363.000000      	0.967741  
364.000000      	0.967878  
365.000000      	0.967985  
366.000000      	0.968031  
367.000000      	0.968154  
368.000000      	0.968306  
369.000000      	0.968429  
370.000000      	0.968536  
371.000000      	0.968704  
372.000000      	0.968841  
373.000000      	0.968994  
374.000000      	0.969086  
375.000000      	0.969284  
376.000000      	0.969407  
377.000000      	0.969559  
378.000000      	0.969682  
379.000000      	0.969758  
380.000000      	0.969819  
382.000000      	0.969926  
384.000000      	0.970110  
385.000000      	0.970232  
386.000000      	0.970354  
387.000000      	0.970446  
388.000000      	0.970553  
389.000000      	0.970690  
390.000000      	0.970797  
391.000000      	0.970874  
392.000000      	0.970981  
393.000000      	0.971149  
395.000000      	0.971286  
396.000000      	0.971363  
397.000000      	0.971424  
398.000000      	0.971531  
400.000000      	0.971622  
402.000000      	0.971760  
403.000000      	0.971913  
404.000000      	0.972096  
405.000000      	0.972188  
406.000000      	0.972310  
407.000000      	0.972463  
408.000000      	0.972616  
410.000000      	0.972814  
412.000000      	0.972982  
413.000000      	0.973089  
414.000000      	0.973258  
415.000000      	0.973380  
416.000000      	0.973471  
417.000000      	0.973548  
418.000000      	0.973609  
420.000000      	0.973747  
423.000000      	0.973899  
424.000000      	0.973976  
425.000000      	0.974067  
426.000000      	0.974144  
428.000000      	0.974236  
430.000000      	0.974388  
431.000000      	0.974511  
433.000000      	0.974694  
434.000000      	0.974709  
435.000000      	0.974816  
437.000000      	0.975000  
438.000000      	0.975137  
440.000000      	0.975244  
441.000000      	0.975336  
443.000000      	0.975473  
444.000000      	0.975519  
446.000000      	0.975718  
448.000000      	0.975810  
449.000000      	0.975917  
451.000000      	0.976069  
452.000000      	0.976161  
453.000000      	0.976237  
454.000000      	0.976314  
456.000000      	0.976482  
457.000000      	0.976558  
458.000000      	0.976711  
460.000000      	0.976879  
461.000000      	0.977001  
463.000000      	0.977154  
464.000000      	0.977231  
465.000000      	0.977322  
466.000000      	0.977445  
467.000000      	0.977536  
468.000000      	0.977643  
471.000000      	0.977750  
472.000000      	0.977827  
474.000000      	0.977949  
476.000000      	0.978025  
478.000000      	0.978102  
480.000000      	0.978209  
482.000000      	0.978331  
483.000000      	0.978407  
485.000000      	0.978667  
487.000000      	0.978744  
489.000000      	0.978866  
490.000000      	0.978942  
492.000000      	0.979034  
493.000000      	0.979126  
495.000000      	0.979217  
497.000000      	0.979401  
499.000000      	0.979538  
502.000000      	0.979706  
504.000000      	0.979829  
505.000000      	0.979920  
507.000000      	0.980027  
510.000000      	0.980104  
512.000000      	0.980211  
515.000000      	0.980302  
519.000000      	0.980455  
521.000000      	0.980516  
523.000000      	0.980608  
527.000000      	0.980715  
530.000000      	0.980868  
531.000000      	0.980914  
533.000000      	0.981036  
536.000000      	0.981127  
538.000000      	0.981250  
539.000000      	0.981326  
540.000000      	0.981418  
543.000000      	0.981540  
545.000000      	0.981601  
549.000000      	0.981785  
550.000000      	0.981830  
551.000000      	0.981907  
553.000000      	0.982014  
555.000000      	0.982105  
561.000000      	0.982243  
563.000000      	0.982319  
566.000000      	0.982442  
568.000000      	0.982533  
572.000000      	0.982625  
573.000000      	0.982701  
575.000000      	0.982808  
577.000000      	0.982931  
579.000000      	0.983007  
583.000000      	0.983114  
586.000000      	0.983221  
590.000000      	0.983313  
593.000000      	0.983420  
596.000000      	0.983542  
599.000000      	0.983618  
601.000000      	0.983710  
603.000000      	0.983802  
608.000000      	0.983924  
610.000000      	0.984000  
613.000000      	0.984107  
617.000000      	0.984214  
620.000000      	0.984321  
623.000000      	0.984444  
629.000000      	0.984520  
636.000000      	0.984627  
640.000000      	0.984719  
643.000000      	0.984810  
648.000000      	0.984902  
655.000000      	0.985009  
660.000000      	0.985162  
664.000000      	0.985208  
667.000000      	0.985315  
671.000000      	0.985422  
676.000000      	0.985559  
681.000000      	0.985666  
684.000000      	0.985758  
689.000000      	0.985804  
694.000000      	0.985911  
699.000000      	0.986002  
707.000000      	0.986109  
713.000000      	0.986201  
719.000000      	0.986308  
727.000000      	0.986415  
733.000000      	0.986507  
740.000000      	0.986613  
744.000000      	0.986705  
752.000000      	0.986827  
757.000000      	0.986904  
765.000000      	0.987026  
770.000000      	0.987102  
778.000000      	0.987209  
786.000000      	0.987301  
801.000000      	0.987408  
812.000000      	0.987530  
818.000000      	0.987622  
826.000000      	0.987714  
833.000000      	0.987821  
837.000000      	0.987912  
843.000000      	0.988004  
853.000000      	0.988111  
863.000000      	0.988218  
869.000000      	0.988310  
879.000000      	0.988417  
894.000000      	0.988524  
899.000000      	0.988615  
912.000000      	0.988707  
921.000000      	0.988814  
929.000000      	0.988921  
938.000000      	0.989013  
951.000000      	0.989104  
962.000000      	0.989211  
974.000000      	0.989303  
982.000000      	0.989410  
987.000000      	0.989502  
999.000000      	0.989639  
1005.000000     	0.989700  
1018.000000     	0.989807  
1036.000000     	0.989930  
1059.000000     	0.990006  
1075.000000     	0.990113  
1084.000000     	0.990205  
1101.000000     	0.990312  
1110.000000     	0.990403  
1122.000000     	0.990510  
1131.000000     	0.990602  
1153.000000     	0.990709  
1164.000000     	0.990801  
1181.000000     	0.990908  
1194.000000     	0.991015  
1201.000000     	0.991106  
1215.000000     	0.991228  
1226.000000     	0.991305  
1256.000000     	0.991412  
1277.000000     	0.991504  
1291.000000     	0.991611  
1301.000000     	0.991702  
1325.000000     	0.991809  
1336.000000     	0.991916  
1355.000000     	0.992008  
1366.000000     	0.992115  
1375.000000     	0.992206  
1396.000000     	0.992329  
1406.000000     	0.992405  
1416.000000     	0.992512  
1431.000000     	0.992604  
1444.000000     	0.992711  
1460.000000     	0.992802  
1483.000000     	0.992909  
1503.000000     	0.993001  
1519.000000     	0.993108  
1546.000000     	0.993215  
1554.000000     	0.993307  
1588.000000     	0.993414  
1609.000000     	0.993521  
1658.000000     	0.993612  
1676.000000     	0.993704  
1697.000000     	0.993811  
1713.000000     	0.993903  
1747.000000     	0.994010  
1776.000000     	0.994101  
1814.000000     	0.994208  
1841.000000     	0.994300  
1869.000000     	0.994407  
1895.000000     	0.994514  
1913.000000     	0.994606  
1955.000000     	0.994713  
1990.000000     	0.994804  
2039.000000     	0.994927  
2056.000000     	0.995003  
2072.000000     	0.995125  
2112.000000     	0.995202  
2157.000000     	0.995309  
2207.000000     	0.995400  
2236.000000     	0.995507  
2283.000000     	0.995614  
2321.000000     	0.995706  
2366.000000     	0.995828  
2398.000000     	0.995905  
2421.000000     	0.996012  
2442.000000     	0.996103  
2486.000000     	0.996210  
2528.000000     	0.996302  
2579.000000     	0.996409  
2616.000000     	0.996501  
2653.000000     	0.996608  
2702.000000     	0.996714  
2729.000000     	0.996806  
2806.000000     	0.996913  
2838.000000     	0.997005  
2902.000000     	0.997112  
2954.000000     	0.997204  
3074.000000     	0.997310  
3102.000000     	0.997402  
3174.000000     	0.997509  
3226.000000     	0.997601  
3382.000000     	0.997708  
3444.000000     	0.997815  
3532.000000     	0.997906  
3618.000000     	0.998013  
3725.000000     	0.998105  
3995.000000     	0.998212  
4214.000000     	0.998319  
4340.000000     	0.998411  
4475.000000     	0.998502  
4754.000000     	0.998609  
5079.000000     	0.998701  
5376.000000     	0.998808  
5716.000000     	0.998915  
6289.000000     	0.999007  
6559.000000     	0.999114  
8000.000000     	0.999205  
10098.000000    	0.999312  
14157.000000    	0.999404  
28322.000000    	0.999511  
32028.000000    	0.999603  
36000.000000    	0.999710  
36682.000000    	0.999801  
39799.000000    	0.999908  
48416.000000    	1.000000  
48416.000000    	1.000000  
