5.000000        	0.000015  
7.000000        	0.000413  
8.000000        	0.000886  
9.000000        	0.001192  
10.000000       	0.001268  
12.000000       	0.001314  
21.000000       	0.001742  
22.000000       	0.002751  
23.000000       	0.004264  
24.000000       	0.005471  
25.000000       	0.006067  
26.000000       	0.006372  
27.000000       	0.006571  
28.000000       	0.006602  
29.000000       	0.006770  
30.000000       	0.006938  
31.000000       	0.007106  
32.000000       	0.007213  
33.000000       	0.007305  
37.000000       	0.007411  
42.000000       	0.007503  
50.000000       	0.007625  
52.000000       	0.007702  
59.000000       	0.007855  
60.000000       	0.008084  
61.000000       	0.008420  
62.000000       	0.009092  
63.000000       	0.009795  
64.000000       	0.010468  
65.000000       	0.011171  
66.000000       	0.011629  
67.000000       	0.011950  
68.000000       	0.012118  
69.000000       	0.012302  
70.000000       	0.012546  
71.000000       	0.012745  
72.000000       	0.012943  
73.000000       	0.013799  
74.000000       	0.015893  
75.000000       	0.019866  
76.000000       	0.025856  
77.000000       	0.032656  
78.000000       	0.040282  
79.000000       	0.047143  
80.000000       	0.053164  
81.000000       	0.058665  
82.000000       	0.063785  
83.000000       	0.070218  
84.000000       	0.076667  
85.000000       	0.082474  
86.000000       	0.087975  
87.000000       	0.094302  
88.000000       	0.103577  
89.000000       	0.116414  
90.000000       	0.132918  
91.000000       	0.153059  
92.000000       	0.175278  
93.000000       	0.197543  
94.000000       	0.221489  
95.000000       	0.248002  
96.000000       	0.275554  
97.000000       	0.309433  
98.000000       	0.346659  
99.000000       	0.381409  
100.000000      	0.411406  
101.000000      	0.440441  
102.000000      	0.466068  
103.000000      	0.492932  
104.000000      	0.520118  
105.000000      	0.544385  
106.000000      	0.565305  
107.000000      	0.583673  
108.000000      	0.603509  
109.000000      	0.626721  
110.000000      	0.649322  
111.000000      	0.671312  
112.000000      	0.691423  
113.000000      	0.709424  
114.000000      	0.726937  
115.000000      	0.740186  
116.000000      	0.751249  
117.000000      	0.761473  
118.000000      	0.773331  
119.000000      	0.786779  
120.000000      	0.799844  
121.000000      	0.811229  
122.000000      	0.818763  
123.000000      	0.824096  
124.000000      	0.828176  
125.000000      	0.831309  
126.000000      	0.834273  
127.000000      	0.836672  
128.000000      	0.839484  
129.000000      	0.841730  
130.000000      	0.843916  
131.000000      	0.846223  
132.000000      	0.848332  
133.000000      	0.850135  
134.000000      	0.851938  
135.000000      	0.853726  
136.000000      	0.855270  
137.000000      	0.857012  
138.000000      	0.858586  
139.000000      	0.860450  
140.000000      	0.862039  
141.000000      	0.863613  
142.000000      	0.865065  
143.000000      	0.866700  
144.000000      	0.868427  
145.000000      	0.870230  
146.000000      	0.871728  
147.000000      	0.873027  
148.000000      	0.874647  
149.000000      	0.876144  
150.000000      	0.877581  
151.000000      	0.879292  
152.000000      	0.880836  
153.000000      	0.882196  
154.000000      	0.883632  
155.000000      	0.885114  
156.000000      	0.886444  
157.000000      	0.888140  
158.000000      	0.889577  
159.000000      	0.890937  
160.000000      	0.892220  
161.000000      	0.893458  
162.000000      	0.894772  
163.000000      	0.896132  
164.000000      	0.897431  
165.000000      	0.898623  
166.000000      	0.899785  
167.000000      	0.900701  
168.000000      	0.901725  
169.000000      	0.902749  
170.000000      	0.903605  
171.000000      	0.904506  
172.000000      	0.905484  
173.000000      	0.906569  
174.000000      	0.907624  
175.000000      	0.908388  
176.000000      	0.909351  
177.000000      	0.910176  
178.000000      	0.911169  
179.000000      	0.911949  
180.000000      	0.912636  
181.000000      	0.913232  
182.000000      	0.913935  
183.000000      	0.914806  
184.000000      	0.915586  
185.000000      	0.916090  
186.000000      	0.916839  
187.000000      	0.917542  
188.000000      	0.918122  
189.000000      	0.918627  
190.000000      	0.919070  
191.000000      	0.919543  
192.000000      	0.920002  
193.000000      	0.920628  
194.000000      	0.921056  
195.000000      	0.921652  
196.000000      	0.922111  
197.000000      	0.922569  
198.000000      	0.922966  
199.000000      	0.923425  
200.000000      	0.923883  
201.000000      	0.924281  
202.000000      	0.924617  
203.000000      	0.924999  
204.000000      	0.925289  
205.000000      	0.925778  
206.000000      	0.926069  
207.000000      	0.926496  
208.000000      	0.926802  
209.000000      	0.927062  
210.000000      	0.927398  
211.000000      	0.927643  
212.000000      	0.927963  
213.000000      	0.928223  
214.000000      	0.928529  
215.000000      	0.928789  
216.000000      	0.929125  
217.000000      	0.929354  
218.000000      	0.929599  
219.000000      	0.929874  
220.000000      	0.930195  
221.000000      	0.930408  
222.000000      	0.930668  
223.000000      	0.930836  
224.000000      	0.931066  
225.000000      	0.931356  
226.000000      	0.931646  
227.000000      	0.931860  
228.000000      	0.932013  
229.000000      	0.932181  
230.000000      	0.932441  
231.000000      	0.932624  
232.000000      	0.932716  
233.000000      	0.932899  
234.000000      	0.933067  
235.000000      	0.933205  
236.000000      	0.933327  
237.000000      	0.933541  
238.000000      	0.933740  
239.000000      	0.933984  
240.000000      	0.934168  
241.000000      	0.934351  
242.000000      	0.934427  
243.000000      	0.934596  
244.000000      	0.934779  
245.000000      	0.934916  
246.000000      	0.935023  
247.000000      	0.935161  
248.000000      	0.935237  
249.000000      	0.935421  
250.000000      	0.935696  
251.000000      	0.935910  
252.000000      	0.936093  
253.000000      	0.936277  
254.000000      	0.936399  
255.000000      	0.936490  
256.000000      	0.936597  
257.000000      	0.936643  
258.000000      	0.936781  
259.000000      	0.937025  
260.000000      	0.937148  
261.000000      	0.937255  
262.000000      	0.937423  
263.000000      	0.937621  
264.000000      	0.937728  
265.000000      	0.937896  
266.000000      	0.938019  
267.000000      	0.938217  
268.000000      	0.938370  
269.000000      	0.938492  
270.000000      	0.938630  
271.000000      	0.938829  
272.000000      	0.938981  
273.000000      	0.939088  
274.000000      	0.939318  
275.000000      	0.939470  
276.000000      	0.939593  
277.000000      	0.939715  
278.000000      	0.939868  
279.000000      	0.940005  
280.000000      	0.940265  
281.000000      	0.940464  
282.000000      	0.940632  
283.000000      	0.940769  
284.000000      	0.940892  
285.000000      	0.940983  
286.000000      	0.941243  
287.000000      	0.941381  
288.000000      	0.941579  
289.000000      	0.941732  
290.000000      	0.942007  
291.000000      	0.942252  
292.000000      	0.942435  
293.000000      	0.942572  
294.000000      	0.942802  
295.000000      	0.942985  
296.000000      	0.943184  
297.000000      	0.943321  
298.000000      	0.943489  
299.000000      	0.943734  
300.000000      	0.943887  
301.000000      	0.944085  
302.000000      	0.944269  
303.000000      	0.944422  
304.000000      	0.944559  
305.000000      	0.944788  
306.000000      	0.945002  
307.000000      	0.945186  
308.000000      	0.945415  
309.000000      	0.945552  
310.000000      	0.945720  
311.000000      	0.945980  
312.000000      	0.946148  
313.000000      	0.946393  
314.000000      	0.946591  
315.000000      	0.946821  
316.000000      	0.946928  
317.000000      	0.947019  
318.000000      	0.947142  
319.000000      	0.947340  
320.000000      	0.947478  
321.000000      	0.947707  
322.000000      	0.947906  
323.000000      	0.948150  
324.000000      	0.948349  
325.000000      	0.948578  
326.000000      	0.948777  
327.000000      	0.948884  
328.000000      	0.949037  
329.000000      	0.949205  
330.000000      	0.949403  
331.000000      	0.949526  
332.000000      	0.949678  
333.000000      	0.949801  
334.000000      	0.949984  
335.000000      	0.950167  
336.000000      	0.950320  
337.000000      	0.950549  
338.000000      	0.950610  
339.000000      	0.950809  
340.000000      	0.950962  
341.000000      	0.951130  
342.000000      	0.951298  
343.000000      	0.951497  
344.000000      	0.951589  
345.000000      	0.951665  
346.000000      	0.951894  
347.000000      	0.952062  
348.000000      	0.952200  
349.000000      	0.952368  
350.000000      	0.952475  
351.000000      	0.952612  
352.000000      	0.952796  
353.000000      	0.952933  
354.000000      	0.953086  
355.000000      	0.953254  
356.000000      	0.953300  
358.000000      	0.953545  
359.000000      	0.953820  
360.000000      	0.953972  
361.000000      	0.954064  
362.000000      	0.954293  
363.000000      	0.954507  
364.000000      	0.954614  
365.000000      	0.954752  
366.000000      	0.954828  
367.000000      	0.954966  
368.000000      	0.955088  
369.000000      	0.955149  
370.000000      	0.955302  
371.000000      	0.955470  
372.000000      	0.955592  
373.000000      	0.955730  
374.000000      	0.955806  
375.000000      	0.955913  
376.000000      	0.956066  
377.000000      	0.956219  
378.000000      	0.956372  
379.000000      	0.956509  
381.000000      	0.956738  
383.000000      	0.956937  
384.000000      	0.957075  
385.000000      	0.957181  
386.000000      	0.957288  
387.000000      	0.957319  
388.000000      	0.957426  
390.000000      	0.957594  
391.000000      	0.957671  
392.000000      	0.957747  
393.000000      	0.957884  
394.000000      	0.958022  
396.000000      	0.958160  
397.000000      	0.958236  
399.000000      	0.958435  
400.000000      	0.958633  
402.000000      	0.958817  
404.000000      	0.958985  
405.000000      	0.959046  
406.000000      	0.959107  
408.000000      	0.959229  
409.000000      	0.959306  
410.000000      	0.959428  
411.000000      	0.959565  
412.000000      	0.959672  
413.000000      	0.959733  
415.000000      	0.959886  
416.000000      	0.960024  
417.000000      	0.960116  
419.000000      	0.960375  
420.000000      	0.960421  
421.000000      	0.960528  
422.000000      	0.960681  
423.000000      	0.960757  
424.000000      	0.960834  
425.000000      	0.960910  
426.000000      	0.961063  
427.000000      	0.961170  
428.000000      	0.961231  
429.000000      	0.961353  
430.000000      	0.961445  
431.000000      	0.961567  
432.000000      	0.961613  
433.000000      	0.961735  
435.000000      	0.961903  
437.000000      	0.962117  
438.000000      	0.962209  
440.000000      	0.962331  
441.000000      	0.962469  
442.000000      	0.962530  
443.000000      	0.962606  
445.000000      	0.962744  
446.000000      	0.962851  
447.000000      	0.962943  
448.000000      	0.963034  
450.000000      	0.963126  
452.000000      	0.963248  
453.000000      	0.963340  
454.000000      	0.963432  
456.000000      	0.963554  
458.000000      	0.963707  
460.000000      	0.963905  
462.000000      	0.964058  
463.000000      	0.964135  
464.000000      	0.964226  
466.000000      	0.964303  
469.000000      	0.964471  
470.000000      	0.964547  
471.000000      	0.964669  
472.000000      	0.964715  
474.000000      	0.964807  
476.000000      	0.965006  
478.000000      	0.965113  
479.000000      	0.965204  
480.000000      	0.965342  
482.000000      	0.965449  
484.000000      	0.965556  
485.000000      	0.965647  
486.000000      	0.965709  
488.000000      	0.965800  
490.000000      	0.965922  
492.000000      	0.966075  
493.000000      	0.966106  
495.000000      	0.966228  
497.000000      	0.966350  
499.000000      	0.966427  
502.000000      	0.966503  
505.000000      	0.966625  
507.000000      	0.966717  
509.000000      	0.966855  
510.000000      	0.966900  
511.000000      	0.967038  
514.000000      	0.967145  
516.000000      	0.967221  
518.000000      	0.967344  
519.000000      	0.967420  
521.000000      	0.967527  
525.000000      	0.967619  
527.000000      	0.967710  
531.000000      	0.967833  
534.000000      	0.967924  
536.000000      	0.968047  
538.000000      	0.968169  
539.000000      	0.968245  
541.000000      	0.968322  
544.000000      	0.968429  
546.000000      	0.968520  
549.000000      	0.968658  
551.000000      	0.968734  
554.000000      	0.968856  
555.000000      	0.968902  
559.000000      	0.969025  
561.000000      	0.969147  
563.000000      	0.969239  
565.000000      	0.969407  
570.000000      	0.969544  
572.000000      	0.969636  
575.000000      	0.969712  
579.000000      	0.969804  
581.000000      	0.969911  
588.000000      	0.970033  
590.000000      	0.970140  
595.000000      	0.970247  
599.000000      	0.970354  
601.000000      	0.970415  
605.000000      	0.970522  
609.000000      	0.970614  
612.000000      	0.970706  
616.000000      	0.970828  
620.000000      	0.971011  
623.000000      	0.971103  
627.000000      	0.971210  
631.000000      	0.971317  
635.000000      	0.971424  
638.000000      	0.971515  
641.000000      	0.971653  
644.000000      	0.971714  
653.000000      	0.971806  
657.000000      	0.971913  
661.000000      	0.972004  
667.000000      	0.972111  
674.000000      	0.972203  
679.000000      	0.972310  
682.000000      	0.972402  
684.000000      	0.972539  
687.000000      	0.972631  
691.000000      	0.972723  
696.000000      	0.972814  
701.000000      	0.972921  
706.000000      	0.973028  
708.000000      	0.973105  
714.000000      	0.973242  
720.000000      	0.973319  
725.000000      	0.973456  
727.000000      	0.973502  
733.000000      	0.973624  
735.000000      	0.973701  
741.000000      	0.973808  
749.000000      	0.973930  
752.000000      	0.974037  
756.000000      	0.974129  
760.000000      	0.974220  
767.000000      	0.974312  
771.000000      	0.974434  
775.000000      	0.974511  
783.000000      	0.974602  
788.000000      	0.974709  
794.000000      	0.974801  
798.000000      	0.974908  
808.000000      	0.975030  
812.000000      	0.975107  
821.000000      	0.975214  
829.000000      	0.975305  
837.000000      	0.975427  
839.000000      	0.975504  
847.000000      	0.975657  
848.000000      	0.975703  
855.000000      	0.975810  
860.000000      	0.975901  
869.000000      	0.976008  
877.000000      	0.976115  
888.000000      	0.976207  
899.000000      	0.976406  
907.000000      	0.976528  
911.000000      	0.976619  
916.000000      	0.976711  
929.000000      	0.976803  
939.000000      	0.976910  
944.000000      	0.977017  
949.000000      	0.977108  
969.000000      	0.977215  
975.000000      	0.977322  
987.000000      	0.977414  
995.000000      	0.977506  
1009.000000     	0.977613  
1017.000000     	0.977704  
1027.000000     	0.977811  
1033.000000     	0.977918  
1042.000000     	0.978010  
1057.000000     	0.978132  
1068.000000     	0.978209  
1074.000000     	0.978300  
1080.000000     	0.978438  
1085.000000     	0.978514  
1092.000000     	0.978606  
1112.000000     	0.978728  
1116.000000     	0.978805  
1131.000000     	0.978912  
1139.000000     	0.979003  
1161.000000     	0.979126  
1166.000000     	0.979217  
1172.000000     	0.979309  
1177.000000     	0.979416  
1189.000000     	0.979508  
1203.000000     	0.979615  
1208.000000     	0.979706  
1217.000000     	0.979829  
1223.000000     	0.979905  
1231.000000     	0.980027  
1238.000000     	0.980104  
1244.000000     	0.980226  
1253.000000     	0.980302  
1269.000000     	0.980409  
1278.000000     	0.980501  
1291.000000     	0.980608  
1300.000000     	0.980715  
1305.000000     	0.980807  
1316.000000     	0.980914  
1327.000000     	0.981005  
1337.000000     	0.981127  
1345.000000     	0.981204  
1362.000000     	0.981372  
1368.000000     	0.981418  
1377.000000     	0.981509  
1387.000000     	0.981601  
1397.000000     	0.981723  
1412.000000     	0.981815  
1421.000000     	0.981907  
1429.000000     	0.982014  
1439.000000     	0.982105  
1449.000000     	0.982212  
1463.000000     	0.982304  
1497.000000     	0.982411  
1515.000000     	0.982518  
1526.000000     	0.982610  
1541.000000     	0.982701  
1553.000000     	0.982808  
1561.000000     	0.982900  
1572.000000     	0.983007  
1591.000000     	0.983129  
1605.000000     	0.983206  
1625.000000     	0.983313  
1634.000000     	0.983435  
1651.000000     	0.983511  
1662.000000     	0.983603  
1677.000000     	0.983710  
1690.000000     	0.983802  
1708.000000     	0.983909  
1722.000000     	0.984000  
1738.000000     	0.984107  
1748.000000     	0.984214  
1765.000000     	0.984306  
1783.000000     	0.984413  
1802.000000     	0.984505  
1816.000000     	0.984612  
1834.000000     	0.984703  
1856.000000     	0.984810  
1872.000000     	0.984917  
1880.000000     	0.985009  
1892.000000     	0.985101  
1902.000000     	0.985208  
1924.000000     	0.985315  
1940.000000     	0.985406  
1962.000000     	0.985513  
1978.000000     	0.985605  
1990.000000     	0.985727  
2000.000000     	0.985804  
2026.000000     	0.985911  
2033.000000     	0.986002  
2057.000000     	0.986124  
2067.000000     	0.986201  
2076.000000     	0.986308  
2089.000000     	0.986430  
2107.000000     	0.986507  
2129.000000     	0.986613  
2141.000000     	0.986705  
2151.000000     	0.986812  
2163.000000     	0.986904  
2192.000000     	0.987026  
2201.000000     	0.987102  
2236.000000     	0.987209  
2247.000000     	0.987301  
2267.000000     	0.987408  
2301.000000     	0.987530  
2313.000000     	0.987607  
2339.000000     	0.987714  
2360.000000     	0.987805  
2378.000000     	0.987912  
2398.000000     	0.988004  
2431.000000     	0.988126  
2447.000000     	0.988203  
2480.000000     	0.988325  
2501.000000     	0.988401  
2525.000000     	0.988508  
2541.000000     	0.988615  
2568.000000     	0.988707  
2587.000000     	0.988814  
2631.000000     	0.988906  
2662.000000     	0.989013  
2704.000000     	0.989104  
2755.000000     	0.989211  
2778.000000     	0.989303  
2793.000000     	0.989410  
2857.000000     	0.989517  
2878.000000     	0.989609  
2943.000000     	0.989700  
2978.000000     	0.989823  
3018.000000     	0.989914  
3044.000000     	0.990006  
3084.000000     	0.990113  
3123.000000     	0.990205  
3185.000000     	0.990312  
3211.000000     	0.990403  
3264.000000     	0.990510  
3326.000000     	0.990602  
3377.000000     	0.990724  
3397.000000     	0.990801  
3423.000000     	0.990938  
3453.000000     	0.991015  
3475.000000     	0.991106  
3506.000000     	0.991228  
3522.000000     	0.991320  
3538.000000     	0.991412  
3560.000000     	0.991504  
3638.000000     	0.991626  
3660.000000     	0.991702  
3703.000000     	0.991809  
3754.000000     	0.991901  
3783.000000     	0.992008  
3840.000000     	0.992115  
3861.000000     	0.992206  
3941.000000     	0.992313  
3960.000000     	0.992405  
4002.000000     	0.992512  
4015.000000     	0.992604  
4074.000000     	0.992726  
4102.000000     	0.992802  
4133.000000     	0.992909  
4162.000000     	0.993001  
4228.000000     	0.993108  
4271.000000     	0.993215  
4331.000000     	0.993307  
4402.000000     	0.993414  
4444.000000     	0.993505  
4534.000000     	0.993612  
4549.000000     	0.993704  
4630.000000     	0.993811  
4770.000000     	0.993903  
4828.000000     	0.994010  
4965.000000     	0.994101  
5029.000000     	0.994208  
5092.000000     	0.994300  
5178.000000     	0.994407  
5210.000000     	0.994514  
5287.000000     	0.994606  
5404.000000     	0.994713  
5494.000000     	0.994804  
5617.000000     	0.994927  
5686.000000     	0.995003  
5981.000000     	0.995110  
6115.000000     	0.995202  
6334.000000     	0.995309  
6759.000000     	0.995400  
7001.000000     	0.995507  
7227.000000     	0.995614  
7550.000000     	0.995706  
7918.000000     	0.995813  
8226.000000     	0.995905  
8446.000000     	0.996012  
8563.000000     	0.996103  
8756.000000     	0.996210  
9084.000000     	0.996302  
9685.000000     	0.996409  
10262.000000    	0.996501  
10879.000000    	0.996608  
11575.000000    	0.996714  
11989.000000    	0.996806  
12076.000000    	0.996913  
12733.000000    	0.997005  
13021.000000    	0.997112  
14193.000000    	0.997204  
14650.000000    	0.997310  
15352.000000    	0.997402  
15894.000000    	0.997509  
16025.000000    	0.997601  
16396.000000    	0.997708  
17260.000000    	0.997815  
18258.000000    	0.997906  
19284.000000    	0.998013  
20421.000000    	0.998105  
21376.000000    	0.998212  
22265.000000    	0.998304  
23394.000000    	0.998411  
24651.000000    	0.998502  
25314.000000    	0.998609  
27060.000000    	0.998701  
29536.000000    	0.998808  
31568.000000    	0.998915  
31917.000000    	0.999007  
32892.000000    	0.999114  
34135.000000    	0.999205  
35479.000000    	0.999312  
36254.000000    	0.999404  
37684.000000    	0.999511  
38809.000000    	0.999603  
40435.000000    	0.999710  
40897.000000    	0.999801  
42500.000000    	0.999908  
49088.000000    	1.000000  
49088.000000    	1.000000  
