4.000000        	0.000015  
6.000000        	0.000199  
7.000000        	0.000886  
8.000000        	0.001253  
9.000000        	0.001498  
10.000000       	0.001528  
12.000000       	0.001635  
15.000000       	0.001742  
17.000000       	0.001803  
19.000000       	0.002002  
20.000000       	0.002246  
21.000000       	0.002735  
22.000000       	0.003881  
23.000000       	0.005333  
24.000000       	0.006556  
25.000000       	0.007152  
26.000000       	0.007473  
27.000000       	0.007595  
28.000000       	0.007778  
29.000000       	0.007885  
30.000000       	0.007946  
32.000000       	0.008007  
34.000000       	0.008206  
39.000000       	0.008313  
42.000000       	0.008420  
48.000000       	0.008512  
56.000000       	0.008603  
65.000000       	0.008726  
74.000000       	0.008817  
79.000000       	0.008940  
80.000000       	0.009138  
81.000000       	0.009276  
82.000000       	0.009413  
83.000000       	0.009719  
84.000000       	0.010009  
85.000000       	0.010468  
86.000000       	0.011079  
87.000000       	0.011461  
88.000000       	0.011751  
89.000000       	0.012179  
90.000000       	0.012745  
91.000000       	0.013341  
92.000000       	0.014212  
93.000000       	0.015236  
94.000000       	0.016687  
95.000000       	0.018521  
96.000000       	0.020737  
97.000000       	0.022892  
98.000000       	0.025352  
99.000000       	0.028041  
100.000000      	0.031633  
101.000000      	0.035728  
102.000000      	0.040771  
103.000000      	0.047158  
104.000000      	0.054264  
105.000000      	0.062577  
106.000000      	0.071166  
107.000000      	0.080090  
108.000000      	0.089381  
109.000000      	0.098565  
110.000000      	0.107795  
111.000000      	0.118003  
112.000000      	0.128624  
113.000000      	0.138984  
114.000000      	0.150216  
115.000000      	0.161754  
116.000000      	0.172512  
117.000000      	0.182185  
118.000000      	0.192347  
119.000000      	0.202738  
120.000000      	0.212182  
121.000000      	0.221412  
122.000000      	0.230459  
123.000000      	0.239169  
124.000000      	0.247268  
125.000000      	0.256162  
126.000000      	0.264980  
127.000000      	0.274424  
128.000000      	0.283623  
129.000000      	0.292471  
130.000000      	0.302801  
131.000000      	0.312658  
132.000000      	0.322438  
133.000000      	0.332554  
134.000000      	0.342487  
135.000000      	0.352252  
136.000000      	0.361879  
137.000000      	0.370834  
138.000000      	0.379223  
139.000000      	0.387949  
140.000000      	0.396186  
141.000000      	0.403719  
142.000000      	0.412033  
143.000000      	0.420835  
144.000000      	0.429148  
145.000000      	0.439127  
146.000000      	0.448509  
147.000000      	0.457770  
148.000000      	0.466923  
149.000000      	0.475496  
150.000000      	0.483794  
151.000000      	0.492031  
152.000000      	0.498923  
153.000000      	0.506166  
154.000000      	0.513287  
155.000000      	0.521646  
156.000000      	0.529592  
157.000000      	0.538119  
158.000000      	0.546234  
159.000000      	0.554486  
160.000000      	0.562279  
161.000000      	0.570210  
162.000000      	0.576567  
163.000000      	0.583612  
164.000000      	0.590519  
165.000000      	0.597182  
166.000000      	0.603600  
167.000000      	0.609988  
168.000000      	0.616299  
169.000000      	0.622733  
170.000000      	0.629090  
171.000000      	0.636073  
172.000000      	0.642476  
173.000000      	0.649643  
174.000000      	0.657391  
175.000000      	0.665139  
176.000000      	0.672825  
177.000000      	0.680878  
178.000000      	0.688947  
179.000000      	0.696572  
180.000000      	0.703831  
181.000000      	0.710967  
182.000000      	0.717493  
183.000000      	0.723926  
184.000000      	0.729641  
185.000000      	0.734669  
186.000000      	0.739513  
187.000000      	0.743807  
188.000000      	0.748025  
189.000000      	0.752243  
190.000000      	0.756460  
191.000000      	0.759853  
192.000000      	0.763291  
193.000000      	0.766607  
194.000000      	0.769679  
195.000000      	0.773102  
196.000000      	0.776357  
197.000000      	0.779825  
198.000000      	0.784089  
199.000000      	0.787909  
200.000000      	0.792142  
201.000000      	0.796498  
202.000000      	0.801174  
203.000000      	0.805926  
204.000000      	0.810908  
205.000000      	0.816302  
206.000000      	0.821758  
207.000000      	0.825868  
208.000000      	0.830224  
209.000000      	0.834013  
210.000000      	0.836963  
211.000000      	0.840202  
212.000000      	0.843503  
213.000000      	0.846590  
214.000000      	0.849585  
215.000000      	0.852580  
216.000000      	0.854766  
217.000000      	0.856523  
218.000000      	0.858509  
219.000000      	0.860618  
220.000000      	0.861994  
221.000000      	0.863552  
222.000000      	0.865279  
223.000000      	0.866991  
224.000000      	0.868427  
225.000000      	0.870062  
226.000000      	0.871606  
227.000000      	0.873332  
228.000000      	0.874509  
229.000000      	0.875915  
230.000000      	0.877458  
231.000000      	0.878696  
232.000000      	0.880377  
233.000000      	0.881600  
234.000000      	0.882593  
235.000000      	0.884106  
236.000000      	0.885252  
237.000000      	0.886566  
238.000000      	0.887819  
239.000000      	0.888965  
240.000000      	0.890234  
241.000000      	0.891563  
242.000000      	0.892893  
243.000000      	0.894130  
244.000000      	0.895353  
245.000000      	0.896835  
246.000000      	0.898149  
247.000000      	0.899219  
248.000000      	0.900350  
249.000000      	0.901649  
250.000000      	0.902703  
251.000000      	0.903681  
252.000000      	0.904461  
253.000000      	0.905469  
254.000000      	0.906340  
255.000000      	0.907058  
256.000000      	0.907700  
257.000000      	0.908602  
258.000000      	0.909504  
259.000000      	0.910420  
260.000000      	0.911368  
261.000000      	0.912254  
262.000000      	0.912865  
263.000000      	0.913538  
264.000000      	0.914348  
265.000000      	0.915219  
266.000000      	0.915799  
267.000000      	0.916365  
268.000000      	0.916839  
269.000000      	0.917526  
270.000000      	0.918244  
271.000000      	0.918764  
272.000000      	0.919421  
273.000000      	0.920094  
274.000000      	0.920674  
275.000000      	0.921209  
276.000000      	0.921683  
277.000000      	0.922157  
278.000000      	0.922707  
279.000000      	0.923150  
280.000000      	0.923608  
281.000000      	0.923960  
282.000000      	0.924525  
283.000000      	0.925121  
284.000000      	0.925549  
285.000000      	0.925900  
286.000000      	0.926282  
287.000000      	0.926741  
288.000000      	0.927123  
289.000000      	0.927505  
290.000000      	0.927887  
291.000000      	0.928254  
292.000000      	0.928590  
293.000000      	0.928880  
294.000000      	0.929339  
295.000000      	0.929675  
296.000000      	0.930011  
297.000000      	0.930378  
298.000000      	0.930699  
299.000000      	0.930882  
300.000000      	0.931203  
301.000000      	0.931478  
302.000000      	0.931952  
303.000000      	0.932288  
304.000000      	0.932731  
305.000000      	0.933159  
306.000000      	0.933449  
307.000000      	0.933816  
308.000000      	0.934152  
309.000000      	0.934611  
310.000000      	0.934886  
311.000000      	0.935161  
312.000000      	0.935528  
313.000000      	0.935986  
314.000000      	0.936277  
315.000000      	0.936567  
316.000000      	0.936857  
317.000000      	0.937193  
318.000000      	0.937484  
319.000000      	0.937744  
320.000000      	0.938019  
321.000000      	0.938294  
322.000000      	0.938660  
323.000000      	0.938890  
324.000000      	0.939195  
325.000000      	0.939440  
326.000000      	0.939669  
327.000000      	0.939944  
328.000000      	0.940296  
329.000000      	0.940601  
330.000000      	0.940983  
331.000000      	0.941274  
332.000000      	0.941457  
333.000000      	0.941732  
334.000000      	0.941915  
335.000000      	0.942099  
336.000000      	0.942252  
337.000000      	0.942542  
338.000000      	0.942863  
339.000000      	0.943000  
340.000000      	0.943230  
341.000000      	0.943505  
342.000000      	0.943856  
343.000000      	0.944070  
344.000000      	0.944299  
345.000000      	0.944544  
346.000000      	0.944697  
347.000000      	0.944911  
348.000000      	0.945170  
349.000000      	0.945369  
350.000000      	0.945613  
351.000000      	0.945934  
352.000000      	0.946209  
353.000000      	0.946408  
354.000000      	0.946729  
355.000000      	0.946943  
356.000000      	0.947142  
357.000000      	0.947371  
358.000000      	0.947585  
359.000000      	0.947814  
360.000000      	0.948028  
361.000000      	0.948318  
362.000000      	0.948502  
363.000000      	0.948700  
364.000000      	0.948823  
365.000000      	0.949006  
366.000000      	0.949250  
367.000000      	0.949388  
368.000000      	0.949602  
369.000000      	0.949846  
370.000000      	0.950045  
371.000000      	0.950244  
372.000000      	0.950442  
373.000000      	0.950672  
374.000000      	0.950886  
375.000000      	0.951084  
376.000000      	0.951313  
377.000000      	0.951527  
378.000000      	0.951757  
379.000000      	0.951971  
380.000000      	0.952291  
381.000000      	0.952551  
382.000000      	0.952780  
383.000000      	0.952964  
384.000000      	0.953162  
385.000000      	0.953285  
386.000000      	0.953392  
387.000000      	0.953621  
388.000000      	0.953804  
389.000000      	0.954003  
390.000000      	0.954202  
391.000000      	0.954354  
392.000000      	0.954507  
394.000000      	0.954782  
395.000000      	0.954966  
396.000000      	0.955073  
397.000000      	0.955287  
398.000000      	0.955470  
399.000000      	0.955608  
400.000000      	0.955791  
401.000000      	0.955974  
402.000000      	0.956158  
403.000000      	0.956326  
404.000000      	0.956479  
405.000000      	0.956723  
406.000000      	0.956876  
407.000000      	0.957013  
408.000000      	0.957181  
409.000000      	0.957350  
410.000000      	0.957457  
411.000000      	0.957564  
412.000000      	0.957686  
413.000000      	0.957793  
414.000000      	0.957991  
415.000000      	0.958114  
416.000000      	0.958282  
417.000000      	0.958389  
418.000000      	0.958480  
419.000000      	0.958679  
420.000000      	0.958801  
421.000000      	0.958924  
422.000000      	0.959199  
423.000000      	0.959382  
424.000000      	0.959474  
425.000000      	0.959611  
426.000000      	0.959810  
428.000000      	0.959978  
429.000000      	0.960100  
430.000000      	0.960299  
431.000000      	0.960452  
432.000000      	0.960543  
433.000000      	0.960635  
434.000000      	0.960742  
435.000000      	0.960818  
436.000000      	0.960971  
437.000000      	0.961078  
438.000000      	0.961246  
439.000000      	0.961369  
440.000000      	0.961552  
441.000000      	0.961674  
442.000000      	0.961858  
443.000000      	0.961980  
444.000000      	0.962133  
446.000000      	0.962285  
447.000000      	0.962377  
448.000000      	0.962484  
449.000000      	0.962591  
450.000000      	0.962713  
451.000000      	0.962866  
452.000000      	0.962988  
453.000000      	0.963095  
454.000000      	0.963157  
455.000000      	0.963279  
456.000000      	0.963355  
457.000000      	0.963554  
458.000000      	0.963722  
459.000000      	0.963921  
461.000000      	0.964119  
462.000000      	0.964242  
463.000000      	0.964425  
464.000000      	0.964517  
465.000000      	0.964608  
466.000000      	0.964731  
467.000000      	0.964853  
468.000000      	0.964929  
469.000000      	0.965006  
470.000000      	0.965158  
471.000000      	0.965296  
472.000000      	0.965418  
474.000000      	0.965586  
475.000000      	0.965647  
477.000000      	0.965846  
478.000000      	0.965907  
479.000000      	0.966014  
481.000000      	0.966167  
482.000000      	0.966350  
483.000000      	0.966457  
484.000000      	0.966564  
485.000000      	0.966656  
486.000000      	0.966763  
487.000000      	0.966900  
489.000000      	0.967053  
490.000000      	0.967130  
491.000000      	0.967237  
493.000000      	0.967405  
494.000000      	0.967542  
495.000000      	0.967619  
496.000000      	0.967726  
497.000000      	0.967848  
498.000000      	0.967924  
500.000000      	0.968077  
501.000000      	0.968154  
502.000000      	0.968322  
504.000000      	0.968474  
505.000000      	0.968551  
506.000000      	0.968673  
507.000000      	0.968780  
508.000000      	0.968887  
509.000000      	0.968979  
510.000000      	0.969055  
511.000000      	0.969177  
512.000000      	0.969300  
513.000000      	0.969376  
514.000000      	0.969498  
515.000000      	0.969575  
516.000000      	0.969651  
517.000000      	0.969789  
518.000000      	0.969880  
519.000000      	0.969957  
520.000000      	0.970110  
522.000000      	0.970232  
523.000000      	0.970324  
525.000000      	0.970446  
527.000000      	0.970583  
528.000000      	0.970644  
529.000000      	0.970721  
530.000000      	0.970828  
531.000000      	0.970904  
532.000000      	0.971057  
533.000000      	0.971103  
535.000000      	0.971332  
537.000000      	0.971470  
538.000000      	0.971515  
540.000000      	0.971638  
541.000000      	0.971745  
542.000000      	0.971806  
543.000000      	0.971913  
544.000000      	0.972020  
546.000000      	0.972111  
547.000000      	0.972203  
550.000000      	0.972371  
551.000000      	0.972478  
552.000000      	0.972555  
554.000000      	0.972616  
557.000000      	0.972799  
558.000000      	0.972906  
560.000000      	0.973059  
561.000000      	0.973105  
564.000000      	0.973334  
565.000000      	0.973426  
567.000000      	0.973548  
568.000000      	0.973670  
569.000000      	0.973762  
570.000000      	0.973838  
571.000000      	0.973945  
573.000000      	0.974006  
575.000000      	0.974159  
577.000000      	0.974220  
579.000000      	0.974373  
580.000000      	0.974434  
582.000000      	0.974541  
584.000000      	0.974602  
586.000000      	0.974725  
588.000000      	0.974847  
589.000000      	0.974923  
591.000000      	0.975076  
592.000000      	0.975152  
594.000000      	0.975229  
595.000000      	0.975305  
598.000000      	0.975458  
599.000000      	0.975504  
601.000000      	0.975626  
604.000000      	0.975703  
605.000000      	0.975825  
607.000000      	0.975901  
609.000000      	0.976008  
611.000000      	0.976192  
612.000000      	0.976237  
614.000000      	0.976329  
616.000000      	0.976406  
617.000000      	0.976512  
619.000000      	0.976650  
621.000000      	0.976788  
622.000000      	0.976818  
625.000000      	0.976910  
628.000000      	0.977017  
629.000000      	0.977108  
631.000000      	0.977231  
633.000000      	0.977353  
635.000000      	0.977490  
636.000000      	0.977536  
638.000000      	0.977643  
640.000000      	0.977750  
643.000000      	0.977811  
645.000000      	0.977918  
649.000000      	0.978056  
653.000000      	0.978148  
655.000000      	0.978239  
658.000000      	0.978362  
660.000000      	0.978423  
662.000000      	0.978560  
663.000000      	0.978637  
667.000000      	0.978728  
669.000000      	0.978820  
671.000000      	0.978927  
673.000000      	0.979019  
677.000000      	0.979110  
679.000000      	0.979202  
682.000000      	0.979324  
683.000000      	0.979401  
685.000000      	0.979523  
689.000000      	0.979630  
695.000000      	0.979706  
700.000000      	0.979813  
705.000000      	0.979966  
711.000000      	0.980027  
714.000000      	0.980104  
718.000000      	0.980211  
722.000000      	0.980302  
725.000000      	0.980409  
728.000000      	0.980516  
731.000000      	0.980654  
732.000000      	0.980715  
735.000000      	0.980837  
737.000000      	0.980929  
739.000000      	0.981005  
747.000000      	0.981143  
749.000000      	0.981204  
753.000000      	0.981311  
756.000000      	0.981448  
758.000000      	0.981525  
761.000000      	0.981601  
767.000000      	0.981708  
769.000000      	0.981815  
773.000000      	0.981907  
779.000000      	0.982044  
781.000000      	0.982105  
784.000000      	0.982212  
792.000000      	0.982304  
798.000000      	0.982442  
803.000000      	0.982518  
810.000000      	0.982610  
813.000000      	0.982701  
818.000000      	0.982839  
820.000000      	0.982900  
828.000000      	0.983022  
832.000000      	0.983129  
840.000000      	0.983206  
850.000000      	0.983313  
857.000000      	0.983404  
867.000000      	0.983527  
874.000000      	0.983618  
882.000000      	0.983710  
889.000000      	0.983832  
896.000000      	0.983909  
905.000000      	0.984000  
911.000000      	0.984107  
916.000000      	0.984214  
921.000000      	0.984321  
927.000000      	0.984413  
940.000000      	0.984520  
945.000000      	0.984612  
953.000000      	0.984703  
959.000000      	0.984826  
966.000000      	0.984933  
969.000000      	0.985009  
980.000000      	0.985101  
992.000000      	0.985223  
1008.000000     	0.985315  
1017.000000     	0.985406  
1029.000000     	0.985513  
1035.000000     	0.985620  
1042.000000     	0.985742  
1046.000000     	0.985804  
1057.000000     	0.985911  
1069.000000     	0.986002  
1082.000000     	0.986109  
1093.000000     	0.986216  
1103.000000     	0.986323  
1117.000000     	0.986445  
1123.000000     	0.986507  
1141.000000     	0.986644  
1150.000000     	0.986705  
1163.000000     	0.986812  
1170.000000     	0.986904  
1179.000000     	0.987057  
1184.000000     	0.987102  
1195.000000     	0.987209  
1200.000000     	0.987301  
1214.000000     	0.987408  
1223.000000     	0.987530  
1235.000000     	0.987622  
1256.000000     	0.987714  
1264.000000     	0.987805  
1281.000000     	0.987928  
1299.000000     	0.988004  
1310.000000     	0.988111  
1319.000000     	0.988218  
1340.000000     	0.988310  
1361.000000     	0.988401  
1373.000000     	0.988508  
1387.000000     	0.988600  
1394.000000     	0.988707  
1428.000000     	0.988829  
1436.000000     	0.988906  
1452.000000     	0.989013  
1461.000000     	0.989104  
1474.000000     	0.989211  
1489.000000     	0.989318  
1512.000000     	0.989410  
1531.000000     	0.989502  
1551.000000     	0.989609  
1563.000000     	0.989700  
1591.000000     	0.989807  
1634.000000     	0.989914  
1666.000000     	0.990006  
1709.000000     	0.990113  
1736.000000     	0.990205  
1765.000000     	0.990327  
1773.000000     	0.990403  
1786.000000     	0.990510  
1801.000000     	0.990602  
1822.000000     	0.990709  
1836.000000     	0.990801  
1858.000000     	0.990923  
1880.000000     	0.991015  
1906.000000     	0.991106  
1931.000000     	0.991213  
1948.000000     	0.991305  
1964.000000     	0.991412  
2004.000000     	0.991504  
2015.000000     	0.991611  
2026.000000     	0.991702  
2060.000000     	0.991809  
2083.000000     	0.991916  
2106.000000     	0.992008  
2131.000000     	0.992115  
2148.000000     	0.992206  
2169.000000     	0.992313  
2194.000000     	0.992405  
2204.000000     	0.992512  
2236.000000     	0.992604  
2263.000000     	0.992711  
2290.000000     	0.992802  
2324.000000     	0.992909  
2370.000000     	0.993001  
2431.000000     	0.993108  
2467.000000     	0.993215  
2504.000000     	0.993307  
2562.000000     	0.993414  
2608.000000     	0.993505  
2681.000000     	0.993612  
2735.000000     	0.993704  
2793.000000     	0.993811  
2832.000000     	0.993903  
2861.000000     	0.994010  
2908.000000     	0.994101  
2935.000000     	0.994208  
2965.000000     	0.994300  
3003.000000     	0.994407  
3053.000000     	0.994514  
3097.000000     	0.994606  
3126.000000     	0.994713  
3165.000000     	0.994804  
3207.000000     	0.994911  
3275.000000     	0.995003  
3327.000000     	0.995110  
3391.000000     	0.995202  
3475.000000     	0.995309  
3498.000000     	0.995416  
3540.000000     	0.995507  
3613.000000     	0.995614  
3643.000000     	0.995706  
3694.000000     	0.995813  
3731.000000     	0.995905  
3815.000000     	0.996012  
3857.000000     	0.996103  
3971.000000     	0.996210  
4012.000000     	0.996302  
4093.000000     	0.996409  
4149.000000     	0.996501  
4304.000000     	0.996608  
4381.000000     	0.996730  
4516.000000     	0.996806  
4565.000000     	0.996913  
4735.000000     	0.997020  
4855.000000     	0.997112  
4961.000000     	0.997204  
5089.000000     	0.997310  
5244.000000     	0.997402  
5427.000000     	0.997509  
5567.000000     	0.997601  
5824.000000     	0.997708  
6122.000000     	0.997815  
6255.000000     	0.997922  
6428.000000     	0.998013  
6525.000000     	0.998120  
6653.000000     	0.998212  
7074.000000     	0.998304  
7358.000000     	0.998411  
7622.000000     	0.998502  
8096.000000     	0.998609  
8287.000000     	0.998701  
9083.000000     	0.998808  
9455.000000     	0.998915  
9710.000000     	0.999007  
10082.000000    	0.999114  
10292.000000    	0.999205  
10767.000000    	0.999312  
11213.000000    	0.999404  
11584.000000    	0.999511  
12236.000000    	0.999603  
13334.000000    	0.999710  
14349.000000    	0.999801  
15736.000000    	0.999908  
18800.000000    	1.000000  
18800.000000    	1.000000  
