0.000000        	0.003052  
1.000000        	0.011500  
2.000000        	0.011886  
4.000000        	0.011924  
6.000000        	0.012056  
7.000000        	0.012112  
18.000000       	0.012206  
21.000000       	0.012470  
22.000000       	0.012687  
23.000000       	0.012800  
24.000000       	0.012866  
25.000000       	0.012903  
27.000000       	0.013035  
28.000000       	0.013186  
29.000000       	0.013290  
30.000000       	0.013356  
31.000000       	0.013421  
34.000000       	0.013544  
36.000000       	0.013619  
41.000000       	0.013704  
55.000000       	0.013808  
57.000000       	0.013940  
58.000000       	0.014034  
59.000000       	0.014373  
60.000000       	0.016398  
61.000000       	0.020325  
62.000000       	0.025892  
63.000000       	0.032193  
64.000000       	0.038013  
65.000000       	0.042930  
66.000000       	0.045040  
67.000000       	0.046047  
68.000000       	0.047291  
69.000000       	0.048760  
70.000000       	0.050088  
71.000000       	0.051623  
72.000000       	0.053272  
73.000000       	0.055268  
74.000000       	0.058584  
75.000000       	0.065506  
76.000000       	0.078071  
77.000000       	0.094525  
78.000000       	0.116009  
79.000000       	0.135515  
80.000000       	0.149756  
81.000000       	0.160540  
82.000000       	0.170411  
83.000000       	0.180460  
84.000000       	0.190924  
85.000000       	0.204204  
86.000000       	0.218832  
87.000000       	0.232724  
88.000000       	0.244092  
89.000000       	0.251844  
90.000000       	0.256817  
91.000000       	0.260961  
92.000000       	0.264399  
93.000000       	0.267884  
94.000000       	0.271171  
95.000000       	0.274533  
96.000000       	0.277961  
97.000000       	0.280533  
98.000000       	0.282916  
99.000000       	0.284865  
100.000000      	0.286702  
101.000000      	0.288548  
102.000000      	0.290573  
103.000000      	0.292984  
104.000000      	0.295169  
105.000000      	0.297533  
106.000000      	0.300086  
107.000000      	0.302459  
108.000000      	0.304870  
109.000000      	0.307187  
110.000000      	0.309250  
111.000000      	0.311435  
112.000000      	0.313601  
113.000000      	0.315928  
114.000000      	0.318650  
115.000000      	0.321504  
116.000000      	0.324734  
117.000000      	0.328341  
118.000000      	0.331892  
119.000000      	0.335575  
120.000000      	0.339437  
121.000000      	0.343053  
122.000000      	0.346971  
123.000000      	0.350984  
124.000000      	0.355250  
125.000000      	0.359903  
126.000000      	0.364057  
127.000000      	0.368041  
128.000000      	0.372194  
129.000000      	0.376791  
130.000000      	0.381670  
131.000000      	0.387923  
132.000000      	0.394083  
133.000000      	0.401204  
134.000000      	0.409388  
135.000000      	0.416660  
136.000000      	0.423319  
137.000000      	0.430420  
138.000000      	0.437305  
139.000000      	0.443531  
140.000000      	0.450096  
141.000000      	0.455888  
142.000000      	0.461200  
143.000000      	0.466588  
144.000000      	0.471777  
145.000000      	0.477362  
146.000000      	0.482637  
147.000000      	0.488429  
148.000000      	0.494806  
149.000000      	0.501465  
150.000000      	0.507954  
151.000000      	0.514104  
152.000000      	0.519680  
153.000000      	0.524851  
154.000000      	0.529739  
155.000000      	0.533921  
156.000000      	0.538207  
157.000000      	0.542125  
158.000000      	0.546551  
159.000000      	0.550545  
160.000000      	0.554708  
161.000000      	0.558306  
162.000000      	0.562036  
163.000000      	0.565728  
164.000000      	0.569486  
165.000000      	0.573592  
166.000000      	0.577661  
167.000000      	0.580826  
168.000000      	0.583877  
169.000000      	0.586995  
170.000000      	0.589981  
171.000000      	0.593192  
172.000000      	0.595942  
173.000000      	0.599522  
174.000000      	0.604287  
175.000000      	0.610080  
176.000000      	0.615467  
177.000000      	0.620450  
178.000000      	0.624631  
179.000000      	0.628135  
180.000000      	0.631422  
181.000000      	0.634785  
182.000000      	0.638759  
183.000000      	0.643073  
184.000000      	0.647924  
185.000000      	0.653019  
186.000000      	0.658152  
187.000000      	0.662880  
188.000000      	0.667571  
189.000000      	0.672242  
190.000000      	0.677197  
191.000000      	0.682038  
192.000000      	0.687567  
193.000000      	0.694357  
194.000000      	0.701996  
195.000000      	0.710557  
196.000000      	0.719053  
197.000000      	0.727548  
198.000000      	0.735931  
199.000000      	0.744266  
200.000000      	0.752715  
201.000000      	0.761408  
202.000000      	0.769810  
203.000000      	0.779558  
204.000000      	0.788562  
205.000000      	0.798188  
206.000000      	0.808106  
207.000000      	0.818184  
208.000000      	0.827320  
209.000000      	0.836446  
210.000000      	0.844556  
211.000000      	0.851798  
212.000000      	0.858806  
213.000000      	0.865032  
214.000000      	0.871135  
215.000000      	0.877059  
216.000000      	0.882343  
217.000000      	0.888013  
218.000000      	0.893523  
219.000000      	0.898863  
220.000000      	0.903365  
221.000000      	0.908178  
222.000000      	0.911785  
223.000000      	0.914847  
224.000000      	0.917700  
225.000000      	0.920300  
226.000000      	0.922626  
227.000000      	0.924585  
228.000000      	0.926422  
229.000000      	0.928277  
230.000000      	0.929747  
231.000000      	0.930981  
232.000000      	0.932488  
233.000000      	0.933712  
234.000000      	0.934965  
235.000000      	0.935991  
236.000000      	0.937027  
237.000000      	0.938063  
238.000000      	0.938986  
239.000000      	0.940051  
240.000000      	0.940917  
241.000000      	0.941520  
242.000000      	0.942358  
243.000000      	0.943178  
244.000000      	0.943762  
245.000000      	0.944411  
246.000000      	0.944911  
247.000000      	0.945391  
248.000000      	0.945758  
249.000000      	0.946192  
250.000000      	0.946549  
251.000000      	0.946917  
252.000000      	0.947294  
253.000000      	0.947604  
254.000000      	0.947878  
255.000000      	0.948169  
256.000000      	0.948490  
257.000000      	0.948725  
258.000000      	0.948951  
259.000000      	0.949234  
260.000000      	0.949460  
261.000000      	0.949780  
262.000000      	0.949968  
263.000000      	0.950166  
264.000000      	0.950421  
265.000000      	0.950675  
266.000000      	0.950929  
267.000000      	0.951155  
268.000000      	0.951372  
269.000000      	0.951588  
270.000000      	0.951843  
271.000000      	0.951975  
272.000000      	0.952154  
273.000000      	0.952427  
274.000000      	0.952681  
275.000000      	0.952907  
276.000000      	0.953105  
277.000000      	0.953284  
278.000000      	0.953425  
279.000000      	0.953566  
280.000000      	0.953726  
281.000000      	0.953877  
282.000000      	0.953971  
283.000000      	0.954066  
284.000000      	0.954197  
285.000000      	0.954310  
286.000000      	0.954433  
287.000000      	0.954574  
288.000000      	0.954697  
289.000000      	0.954772  
290.000000      	0.954876  
291.000000      	0.954941  
292.000000      	0.955054  
293.000000      	0.955139  
294.000000      	0.955252  
295.000000      	0.955346  
296.000000      	0.955497  
297.000000      	0.955629  
298.000000      	0.955714  
299.000000      	0.955874  
300.000000      	0.955968  
301.000000      	0.956062  
302.000000      	0.956185  
303.000000      	0.956307  
304.000000      	0.956401  
305.000000      	0.956561  
306.000000      	0.956722  
308.000000      	0.956985  
309.000000      	0.957155  
310.000000      	0.957240  
311.000000      	0.957353  
312.000000      	0.957409  
313.000000      	0.957569  
314.000000      	0.957748  
315.000000      	0.957852  
316.000000      	0.957955  
317.000000      	0.958116  
318.000000      	0.958200  
319.000000      	0.958313  
321.000000      	0.958549  
322.000000      	0.958662  
323.000000      	0.958747  
324.000000      	0.958878  
325.000000      	0.958982  
326.000000      	0.959161  
327.000000      	0.959227  
328.000000      	0.959368  
329.000000      	0.959481  
330.000000      	0.959585  
331.000000      	0.959792  
332.000000      	0.959943  
333.000000      	0.960037  
334.000000      	0.960159  
335.000000      	0.960291  
336.000000      	0.960451  
337.000000      	0.960564  
338.000000      	0.960659  
339.000000      	0.960856  
340.000000      	0.961016  
341.000000      	0.961148  
342.000000      	0.961290  
343.000000      	0.961478  
344.000000      	0.961591  
345.000000      	0.961695  
346.000000      	0.961836  
347.000000      	0.961939  
348.000000      	0.962109  
349.000000      	0.962241  
350.000000      	0.962410  
351.000000      	0.962571  
352.000000      	0.962665  
353.000000      	0.962825  
354.000000      	0.962910  
355.000000      	0.963041  
356.000000      	0.963249  
357.000000      	0.963409  
358.000000      	0.963578  
359.000000      	0.963804  
360.000000      	0.963964  
361.000000      	0.964115  
362.000000      	0.964304  
363.000000      	0.964407  
364.000000      	0.964539  
365.000000      	0.964727  
366.000000      	0.964850  
367.000000      	0.964963  
368.000000      	0.965066  
369.000000      	0.965189  
370.000000      	0.965387  
371.000000      	0.965500  
372.000000      	0.965650  
373.000000      	0.965820  
374.000000      	0.965942  
375.000000      	0.966150  
376.000000      	0.966253  
377.000000      	0.966404  
378.000000      	0.966573  
379.000000      	0.966668  
380.000000      	0.966865  
381.000000      	0.967016  
382.000000      	0.967110  
383.000000      	0.967233  
384.000000      	0.967402  
386.000000      	0.967600  
387.000000      	0.967722  
388.000000      	0.967854  
389.000000      	0.967911  
390.000000      	0.968052  
391.000000      	0.968184  
392.000000      	0.968278  
393.000000      	0.968344  
394.000000      	0.968438  
396.000000      	0.968598  
397.000000      	0.968683  
398.000000      	0.968749  
399.000000      	0.968843  
401.000000      	0.968956  
402.000000      	0.969051  
403.000000      	0.969107  
405.000000      	0.969248  
406.000000      	0.969333  
408.000000      	0.969484  
409.000000      	0.969559  
410.000000      	0.969616  
412.000000      	0.969766  
413.000000      	0.969842  
414.000000      	0.969926  
415.000000      	0.970030  
416.000000      	0.970152  
418.000000      	0.970322  
419.000000      	0.970416  
421.000000      	0.970595  
422.000000      	0.970689  
423.000000      	0.970784  
424.000000      	0.970878  
425.000000      	0.970981  
426.000000      	0.971028  
427.000000      	0.971113  
429.000000      	0.971245  
430.000000      	0.971339  
432.000000      	0.971405  
434.000000      	0.971584  
435.000000      	0.971659  
436.000000      	0.971735  
437.000000      	0.971829  
438.000000      	0.971904  
439.000000      	0.972036  
440.000000      	0.972140  
441.000000      	0.972206  
443.000000      	0.972422  
446.000000      	0.972554  
447.000000      	0.972601  
449.000000      	0.972714  
450.000000      	0.972818  
451.000000      	0.972931  
452.000000      	0.973016  
454.000000      	0.973138  
456.000000      	0.973242  
457.000000      	0.973336  
458.000000      	0.973402  
460.000000      	0.973515  
462.000000      	0.973628  
463.000000      	0.973732  
464.000000      	0.973845  
466.000000      	0.973911  
469.000000      	0.974014  
473.000000      	0.974137  
475.000000      	0.974278  
477.000000      	0.974372  
478.000000      	0.974400  
482.000000      	0.974523  
484.000000      	0.974636  
487.000000      	0.974749  
488.000000      	0.974852  
489.000000      	0.974928  
492.000000      	0.975022  
495.000000      	0.975116  
498.000000      	0.975248  
500.000000      	0.975352  
502.000000      	0.975417  
505.000000      	0.975502  
509.000000      	0.975615  
512.000000      	0.975719  
514.000000      	0.975822  
517.000000      	0.975917  
519.000000      	0.976001  
522.000000      	0.976105  
527.000000      	0.976237  
530.000000      	0.976331  
532.000000      	0.976416  
535.000000      	0.976501  
538.000000      	0.976604  
541.000000      	0.976708  
545.000000      	0.976821  
548.000000      	0.976924  
552.000000      	0.977009  
559.000000      	0.977103  
563.000000      	0.977207  
571.000000      	0.977301  
577.000000      	0.977442  
580.000000      	0.977518  
587.000000      	0.977603  
595.000000      	0.977716  
600.000000      	0.977800  
615.000000      	0.977904  
626.000000      	0.978008  
637.000000      	0.978111  
652.000000      	0.978205  
660.000000      	0.978318  
669.000000      	0.978403  
681.000000      	0.978507  
694.000000      	0.978610  
707.000000      	0.978714  
719.000000      	0.978818  
736.000000      	0.978902  
750.000000      	0.979006  
761.000000      	0.979100  
783.000000      	0.979213  
799.000000      	0.979317  
822.000000      	0.979402  
840.000000      	0.979505  
865.000000      	0.979618  
873.000000      	0.979712  
891.000000      	0.979807  
914.000000      	0.979910  
932.000000      	0.980004  
953.000000      	0.980108  
975.000000      	0.980202  
991.000000      	0.980306  
1021.000000     	0.980409  
1037.000000     	0.980504  
1060.000000     	0.980607  
1079.000000     	0.980701  
1098.000000     	0.980805  
1121.000000     	0.980909  
1130.000000     	0.981003  
1141.000000     	0.981116  
1158.000000     	0.981200  
1187.000000     	0.981304  
1208.000000     	0.981408  
1237.000000     	0.981502  
1261.000000     	0.981605  
1293.000000     	0.981709  
1323.000000     	0.981803  
1350.000000     	0.981907  
1373.000000     	0.982001  
1394.000000     	0.982105  
1445.000000     	0.982218  
1466.000000     	0.982302  
1507.000000     	0.982415  
1536.000000     	0.982500  
1561.000000     	0.982604  
1580.000000     	0.982707  
1621.000000     	0.982802  
1657.000000     	0.982905  
1688.000000     	0.983009  
1713.000000     	0.983103  
1752.000000     	0.983207  
1777.000000     	0.983301  
1817.000000     	0.983414  
1829.000000     	0.983508  
1846.000000     	0.983612  
1867.000000     	0.983706  
1889.000000     	0.983800  
1925.000000     	0.983904  
1945.000000     	0.984007  
1979.000000     	0.984101  
2016.000000     	0.984205  
2044.000000     	0.984309  
2080.000000     	0.984403  
2124.000000     	0.984506  
2144.000000     	0.984601  
2164.000000     	0.984704  
2198.000000     	0.984808  
2233.000000     	0.984902  
2259.000000     	0.985006  
2293.000000     	0.985109  
2321.000000     	0.985203  
2363.000000     	0.985307  
2393.000000     	0.985401  
2431.000000     	0.985505  
2471.000000     	0.985608  
2515.000000     	0.985703  
2544.000000     	0.985806  
2589.000000     	0.985900  
2634.000000     	0.986004  
2689.000000     	0.986117  
2749.000000     	0.986202  
2818.000000     	0.986305  
2889.000000     	0.986409  
2921.000000     	0.986503  
2965.000000     	0.986607  
2988.000000     	0.986701  
3025.000000     	0.986805  
3068.000000     	0.986908  
3115.000000     	0.987002  
3148.000000     	0.987106  
3191.000000     	0.987200  
3237.000000     	0.987304  
3276.000000     	0.987407  
3322.000000     	0.987502  
3393.000000     	0.987605  
3440.000000     	0.987718  
3501.000000     	0.987803  
3531.000000     	0.987907  
3608.000000     	0.988001  
3644.000000     	0.988104  
3698.000000     	0.988208  
3766.000000     	0.988302  
3813.000000     	0.988406  
3849.000000     	0.988509  
3892.000000     	0.988604  
3984.000000     	0.988707  
4068.000000     	0.988801  
4122.000000     	0.988905  
4166.000000     	0.989009  
4204.000000     	0.989103  
4294.000000     	0.989206  
4338.000000     	0.989300  
4394.000000     	0.989404  
4452.000000     	0.989508  
4502.000000     	0.989602  
4557.000000     	0.989705  
4631.000000     	0.989809  
4693.000000     	0.989903  
4757.000000     	0.990007  
4770.000000     	0.990101  
4812.000000     	0.990205  
4858.000000     	0.990308  
4944.000000     	0.990402  
5023.000000     	0.990506  
5072.000000     	0.990600  
5124.000000     	0.990723  
5186.000000     	0.990807  
5237.000000     	0.990902  
5328.000000     	0.991005  
5371.000000     	0.991118  
5425.000000     	0.991203  
5475.000000     	0.991307  
5577.000000     	0.991401  
5675.000000     	0.991504  
5747.000000     	0.991608  
5818.000000     	0.991712  
5879.000000     	0.991806  
5944.000000     	0.991900  
6019.000000     	0.992004  
6077.000000     	0.992107  
6119.000000     	0.992201  
6263.000000     	0.992305  
6323.000000     	0.992409  
6379.000000     	0.992503  
6518.000000     	0.992606  
6631.000000     	0.992701  
6924.000000     	0.992804  
7101.000000     	0.992908  
7514.000000     	0.993002  
7787.000000     	0.993106  
8253.000000     	0.993209  
8475.000000     	0.993303  
8921.000000     	0.993407  
9173.000000     	0.993501  
9570.000000     	0.993605  
10035.000000    	0.993708  
10419.000000    	0.993803  
10811.000000    	0.993906  
11281.000000    	0.994000  
11774.000000    	0.994104  
11973.000000    	0.994208  
12219.000000    	0.994302  
12500.000000    	0.994405  
12940.000000    	0.994509  
13410.000000    	0.994603  
13822.000000    	0.994707  
14170.000000    	0.994801  
14642.000000    	0.994905  
15006.000000    	0.995008  
15537.000000    	0.995102  
16060.000000    	0.995206  
16349.000000    	0.995300  
17022.000000    	0.995404  
17381.000000    	0.995507  
17786.000000    	0.995602  
18091.000000    	0.995705  
18596.000000    	0.995809  
18996.000000    	0.995903  
19335.000000    	0.996007  
19805.000000    	0.996101  
20065.000000    	0.996204  
20341.000000    	0.996308  
20685.000000    	0.996402  
21090.000000    	0.996506  
21436.000000    	0.996609  
21815.000000    	0.996703  
22163.000000    	0.996807  
22584.000000    	0.996901  
22968.000000    	0.997005  
23738.000000    	0.997108  
24094.000000    	0.997203  
24476.000000    	0.997306  
24950.000000    	0.997400  
25324.000000    	0.997504  
25590.000000    	0.997608  
26145.000000    	0.997702  
26431.000000    	0.997805  
26935.000000    	0.997909  
27165.000000    	0.998003  
27739.000000    	0.998107  
28274.000000    	0.998201  
28628.000000    	0.998305  
28900.000000    	0.998408  
29549.000000    	0.998502  
30154.000000    	0.998606  
31041.000000    	0.998700  
31879.000000    	0.998804  
32604.000000    	0.998907  
33072.000000    	0.999002  
33633.000000    	0.999105  
34217.000000    	0.999209  
34668.000000    	0.999303  
35461.000000    	0.999407  
35934.000000    	0.999501  
37401.000000    	0.999604  
38450.000000    	0.999708  
39522.000000    	0.999802  
41023.000000    	0.999906  
46668.000000    	1.000000  
46668.000000    	1.000000  
