0.000000        	0.003306  
1.000000        	0.011726  
2.000000        	0.011896  
3.000000        	0.011915  
6.000000        	0.012009  
14.000000       	0.012103  
19.000000       	0.012206  
20.000000       	0.012338  
21.000000       	0.012527  
22.000000       	0.012753  
23.000000       	0.012809  
25.000000       	0.012932  
26.000000       	0.013035  
27.000000       	0.013120  
28.000000       	0.013271  
29.000000       	0.013346  
30.000000       	0.013431  
33.000000       	0.013553  
35.000000       	0.013600  
43.000000       	0.013732  
47.000000       	0.013808  
55.000000       	0.013911  
57.000000       	0.014043  
58.000000       	0.014260  
59.000000       	0.014797  
60.000000       	0.016840  
61.000000       	0.021380  
62.000000       	0.027757  
63.000000       	0.034915  
64.000000       	0.041131  
65.000000       	0.045247  
66.000000       	0.047046  
67.000000       	0.048007  
68.000000       	0.049353  
69.000000       	0.051011  
70.000000       	0.052942  
71.000000       	0.055042  
72.000000       	0.056804  
73.000000       	0.058979  
74.000000       	0.062963  
75.000000       	0.071449  
76.000000       	0.085314  
77.000000       	0.104198  
78.000000       	0.125004  
79.000000       	0.141863  
80.000000       	0.153617  
81.000000       	0.163893  
82.000000       	0.173594  
83.000000       	0.184397  
84.000000       	0.197555  
85.000000       	0.213265  
86.000000       	0.227732  
87.000000       	0.240692  
88.000000       	0.249206  
89.000000       	0.255272  
90.000000       	0.259331  
91.000000       	0.263494  
92.000000       	0.267224  
93.000000       	0.271359  
94.000000       	0.275013  
95.000000       	0.278762  
96.000000       	0.281804  
97.000000       	0.284338  
98.000000       	0.286240  
99.000000       	0.288049  
100.000000      	0.289669  
101.000000      	0.291364  
102.000000      	0.293154  
103.000000      	0.295442  
104.000000      	0.297995  
105.000000      	0.300378  
106.000000      	0.302855  
107.000000      	0.305304  
108.000000      	0.308308  
109.000000      	0.311209  
110.000000      	0.314289  
111.000000      	0.317077  
112.000000      	0.319893  
113.000000      	0.322728  
114.000000      	0.325318  
115.000000      	0.328031  
116.000000      	0.330932  
117.000000      	0.334285  
118.000000      	0.338080  
119.000000      	0.342385  
120.000000      	0.347056  
121.000000      	0.351982  
122.000000      	0.357539  
123.000000      	0.363369  
124.000000      	0.370038  
125.000000      	0.377017  
126.000000      	0.384731  
127.000000      	0.392265  
128.000000      	0.398858  
129.000000      	0.405574  
130.000000      	0.413373  
131.000000      	0.421840  
132.000000      	0.432973  
133.000000      	0.445923  
134.000000      	0.460155  
135.000000      	0.475243  
136.000000      	0.489494  
137.000000      	0.502632  
138.000000      	0.514236  
139.000000      	0.526424  
140.000000      	0.538715  
141.000000      	0.550658  
142.000000      	0.563429  
143.000000      	0.577134  
144.000000      	0.593541  
145.000000      	0.610692  
146.000000      	0.627561  
147.000000      	0.643949  
148.000000      	0.659311  
149.000000      	0.672902  
150.000000      	0.686060  
151.000000      	0.697428  
152.000000      	0.708193  
153.000000      	0.718629  
154.000000      	0.728989  
155.000000      	0.739359  
156.000000      	0.749324  
157.000000      	0.760900  
158.000000      	0.773728  
159.000000      	0.786528  
160.000000      	0.799610  
161.000000      	0.810554  
162.000000      	0.819691  
163.000000      	0.827838  
164.000000      	0.835184  
165.000000      	0.842305  
166.000000      	0.848869  
167.000000      	0.854897  
168.000000      	0.860624  
169.000000      	0.865578  
170.000000      	0.870410  
171.000000      	0.874271  
172.000000      	0.877709  
173.000000      	0.881241  
174.000000      	0.884519  
175.000000      	0.887429  
176.000000      	0.890452  
177.000000      	0.893099  
178.000000      	0.895538  
179.000000      	0.898166  
180.000000      	0.900530  
181.000000      	0.902659  
182.000000      	0.904599  
183.000000      	0.906916  
184.000000      	0.909073  
185.000000      	0.910928  
186.000000      	0.912624  
187.000000      	0.914206  
188.000000      	0.915704  
189.000000      	0.916994  
190.000000      	0.918021  
191.000000      	0.919160  
192.000000      	0.920366  
193.000000      	0.921562  
194.000000      	0.922711  
195.000000      	0.923794  
196.000000      	0.924877  
197.000000      	0.925998  
198.000000      	0.927213  
199.000000      	0.928174  
200.000000      	0.929257  
201.000000      	0.930199  
202.000000      	0.931282  
203.000000      	0.932356  
204.000000      	0.933411  
205.000000      	0.934522  
206.000000      	0.935793  
207.000000      	0.937140  
208.000000      	0.938346  
209.000000      	0.939410  
210.000000      	0.940305  
211.000000      	0.941247  
212.000000      	0.942113  
213.000000      	0.943159  
214.000000      	0.943969  
215.000000      	0.944703  
216.000000      	0.945551  
217.000000      	0.946286  
218.000000      	0.947171  
219.000000      	0.948094  
220.000000      	0.948979  
221.000000      	0.949601  
222.000000      	0.950298  
223.000000      	0.950891  
224.000000      	0.951447  
225.000000      	0.952050  
226.000000      	0.952643  
227.000000      	0.953218  
228.000000      	0.953811  
229.000000      	0.954423  
230.000000      	0.954979  
231.000000      	0.955554  
232.000000      	0.955996  
233.000000      	0.956354  
234.000000      	0.956769  
235.000000      	0.957098  
236.000000      	0.957513  
237.000000      	0.957833  
238.000000      	0.958144  
239.000000      	0.958521  
240.000000      	0.958860  
241.000000      	0.959293  
242.000000      	0.959670  
243.000000      	0.959933  
244.000000      	0.960244  
245.000000      	0.960489  
246.000000      	0.960762  
247.000000      	0.961139  
248.000000      	0.961393  
249.000000      	0.961713  
250.000000      	0.961902  
251.000000      	0.962137  
252.000000      	0.962344  
253.000000      	0.962580  
254.000000      	0.962702  
255.000000      	0.962957  
256.000000      	0.963117  
257.000000      	0.963277  
258.000000      	0.963409  
259.000000      	0.963607  
260.000000      	0.963767  
261.000000      	0.963927  
262.000000      	0.964077  
263.000000      	0.964143  
264.000000      	0.964294  
265.000000      	0.964454  
266.000000      	0.964567  
267.000000      	0.964671  
268.000000      	0.964784  
269.000000      	0.964878  
270.000000      	0.965057  
271.000000      	0.965170  
272.000000      	0.965292  
273.000000      	0.965434  
274.000000      	0.965509  
275.000000      	0.965632  
277.000000      	0.965782  
278.000000      	0.965895  
279.000000      	0.966018  
280.000000      	0.966112  
281.000000      	0.966206  
282.000000      	0.966310  
284.000000      	0.966413  
286.000000      	0.966507  
288.000000      	0.966630  
290.000000      	0.966818  
291.000000      	0.966903  
293.000000      	0.967063  
294.000000      	0.967101  
295.000000      	0.967204  
297.000000      	0.967402  
300.000000      	0.967553  
302.000000      	0.967704  
304.000000      	0.967817  
305.000000      	0.967930  
307.000000      	0.968062  
308.000000      	0.968109  
310.000000      	0.968269  
311.000000      	0.968306  
313.000000      	0.968476  
314.000000      	0.968532  
316.000000      	0.968740  
317.000000      	0.968815  
319.000000      	0.968985  
320.000000      	0.969116  
321.000000      	0.969248  
322.000000      	0.969333  
323.000000      	0.969474  
324.000000      	0.969578  
325.000000      	0.969634  
326.000000      	0.969804  
327.000000      	0.969908  
328.000000      	0.970077  
329.000000      	0.970190  
330.000000      	0.970266  
331.000000      	0.970341  
332.000000      	0.970463  
333.000000      	0.970557  
334.000000      	0.970633  
335.000000      	0.970812  
336.000000      	0.970944  
337.000000      	0.971094  
338.000000      	0.971236  
339.000000      	0.971358  
340.000000      	0.971518  
341.000000      	0.971622  
342.000000      	0.971716  
344.000000      	0.971980  
345.000000      	0.972187  
346.000000      	0.972356  
347.000000      	0.972479  
348.000000      	0.972592  
349.000000      	0.972714  
350.000000      	0.972856  
351.000000      	0.972912  
352.000000      	0.973119  
353.000000      	0.973223  
354.000000      	0.973402  
355.000000      	0.973581  
356.000000      	0.973656  
357.000000      	0.973807  
358.000000      	0.973948  
359.000000      	0.974099  
360.000000      	0.974259  
361.000000      	0.974419  
362.000000      	0.974589  
363.000000      	0.974786  
364.000000      	0.974947  
365.000000      	0.975069  
366.000000      	0.975144  
367.000000      	0.975455  
368.000000      	0.975578  
369.000000      	0.975757  
370.000000      	0.975898  
371.000000      	0.976105  
372.000000      	0.976284  
373.000000      	0.976425  
374.000000      	0.976632  
375.000000      	0.976764  
376.000000      	0.976924  
377.000000      	0.977113  
378.000000      	0.977292  
379.000000      	0.977414  
380.000000      	0.977565  
381.000000      	0.977782  
382.000000      	0.977951  
383.000000      	0.978083  
384.000000      	0.978271  
385.000000      	0.978422  
386.000000      	0.978582  
387.000000      	0.978780  
388.000000      	0.978902  
390.000000      	0.979062  
391.000000      	0.979194  
392.000000      	0.979289  
393.000000      	0.979392  
394.000000      	0.979562  
395.000000      	0.979684  
396.000000      	0.979797  
397.000000      	0.979901  
398.000000      	0.980080  
399.000000      	0.980127  
400.000000      	0.980268  
401.000000      	0.980334  
402.000000      	0.980494  
403.000000      	0.980626  
404.000000      	0.980824  
405.000000      	0.980909  
406.000000      	0.981012  
407.000000      	0.981116  
409.000000      	0.981351  
410.000000      	0.981474  
411.000000      	0.981577  
412.000000      	0.981681  
413.000000      	0.981822  
415.000000      	0.981935  
416.000000      	0.982048  
417.000000      	0.982152  
419.000000      	0.982265  
420.000000      	0.982368  
421.000000      	0.982434  
422.000000      	0.982519  
424.000000      	0.982689  
425.000000      	0.982783  
426.000000      	0.982849  
427.000000      	0.982952  
428.000000      	0.983037  
430.000000      	0.983103  
431.000000      	0.983207  
433.000000      	0.983329  
435.000000      	0.983480  
436.000000      	0.983517  
438.000000      	0.983649  
439.000000      	0.983734  
440.000000      	0.983857  
442.000000      	0.983998  
443.000000      	0.984120  
446.000000      	0.984205  
448.000000      	0.984327  
450.000000      	0.984440  
452.000000      	0.984525  
454.000000      	0.984619  
456.000000      	0.984742  
457.000000      	0.984827  
458.000000      	0.984902  
460.000000      	0.985006  
463.000000      	0.985147  
465.000000      	0.985232  
466.000000      	0.985316  
468.000000      	0.985411  
471.000000      	0.985505  
473.000000      	0.985627  
475.000000      	0.985731  
477.000000      	0.985844  
479.000000      	0.985910  
483.000000      	0.986079  
484.000000      	0.986145  
487.000000      	0.986239  
489.000000      	0.986315  
492.000000      	0.986418  
496.000000      	0.986503  
499.000000      	0.986616  
503.000000      	0.986701  
507.000000      	0.986805  
512.000000      	0.986927  
516.000000      	0.987002  
520.000000      	0.987106  
525.000000      	0.987219  
528.000000      	0.987304  
535.000000      	0.987407  
540.000000      	0.987502  
545.000000      	0.987615  
551.000000      	0.987709  
559.000000      	0.987841  
563.000000      	0.987907  
573.000000      	0.988001  
580.000000      	0.988104  
587.000000      	0.988208  
592.000000      	0.988312  
598.000000      	0.988406  
606.000000      	0.988528  
617.000000      	0.988604  
630.000000      	0.988707  
646.000000      	0.988801  
664.000000      	0.988914  
679.000000      	0.989018  
685.000000      	0.989103  
707.000000      	0.989206  
722.000000      	0.989300  
739.000000      	0.989404  
753.000000      	0.989508  
784.000000      	0.989602  
816.000000      	0.989715  
830.000000      	0.989809  
845.000000      	0.989903  
870.000000      	0.990007  
881.000000      	0.990110  
900.000000      	0.990205  
932.000000      	0.990308  
953.000000      	0.990402  
978.000000      	0.990506  
1006.000000     	0.990600  
1028.000000     	0.990704  
1054.000000     	0.990817  
1078.000000     	0.990911  
1103.000000     	0.991005  
1149.000000     	0.991109  
1171.000000     	0.991203  
1197.000000     	0.991307  
1231.000000     	0.991401  
1296.000000     	0.991514  
1336.000000     	0.991608  
1365.000000     	0.991702  
1393.000000     	0.991806  
1425.000000     	0.991900  
1495.000000     	0.992013  
1548.000000     	0.992107  
1595.000000     	0.992201  
1638.000000     	0.992305  
1694.000000     	0.992418  
1736.000000     	0.992503  
1782.000000     	0.992606  
1824.000000     	0.992701  
1857.000000     	0.992804  
1909.000000     	0.992917  
1950.000000     	0.993002  
2037.000000     	0.993106  
2080.000000     	0.993209  
2114.000000     	0.993303  
2175.000000     	0.993407  
2209.000000     	0.993501  
2252.000000     	0.993605  
2297.000000     	0.993708  
2349.000000     	0.993803  
2387.000000     	0.993906  
2437.000000     	0.994000  
2510.000000     	0.994104  
2554.000000     	0.994208  
2606.000000     	0.994302  
2648.000000     	0.994415  
2681.000000     	0.994509  
2730.000000     	0.994603  
2794.000000     	0.994707  
2856.000000     	0.994801  
2939.000000     	0.994914  
3037.000000     	0.995008  
3084.000000     	0.995112  
3150.000000     	0.995206  
3224.000000     	0.995300  
3290.000000     	0.995413  
3355.000000     	0.995507  
3420.000000     	0.995602  
3522.000000     	0.995705  
3544.000000     	0.995809  
3588.000000     	0.995903  
3680.000000     	0.996007  
3718.000000     	0.996101  
3783.000000     	0.996204  
3832.000000     	0.996308  
3905.000000     	0.996402  
3960.000000     	0.996506  
4044.000000     	0.996609  
4078.000000     	0.996703  
4157.000000     	0.996807  
4212.000000     	0.996901  
4297.000000     	0.997005  
4376.000000     	0.997108  
4435.000000     	0.997203  
4503.000000     	0.997306  
4594.000000     	0.997400  
4688.000000     	0.997504  
4747.000000     	0.997608  
4807.000000     	0.997702  
4874.000000     	0.997805  
4969.000000     	0.997909  
5027.000000     	0.998003  
5117.000000     	0.998107  
5192.000000     	0.998201  
5259.000000     	0.998305  
5330.000000     	0.998408  
5374.000000     	0.998502  
5437.000000     	0.998606  
5523.000000     	0.998700  
5604.000000     	0.998804  
5680.000000     	0.998907  
5772.000000     	0.999002  
5889.000000     	0.999105  
5990.000000     	0.999209  
6143.000000     	0.999303  
6222.000000     	0.999407  
6364.000000     	0.999501  
6448.000000     	0.999604  
6665.000000     	0.999708  
7209.000000     	0.999802  
8406.000000     	0.999906  
14438.000000    	1.000000  
14438.000000    	1.000000  
