0.000000        	0.003005  
1.000000        	0.011679  
2.000000        	0.011896  
3.000000        	0.011905  
5.000000        	0.012018  
6.000000        	0.012122  
12.000000       	0.012254  
15.000000       	0.012310  
20.000000       	0.012423  
21.000000       	0.012564  
22.000000       	0.012743  
23.000000       	0.012885  
24.000000       	0.012941  
25.000000       	0.013045  
26.000000       	0.013139  
27.000000       	0.013224  
28.000000       	0.013356  
29.000000       	0.013497  
30.000000       	0.013563  
31.000000       	0.013638  
35.000000       	0.013732  
37.000000       	0.013808  
46.000000       	0.013911  
55.000000       	0.014024  
56.000000       	0.014118  
57.000000       	0.014345  
58.000000       	0.015155  
59.000000       	0.017999  
60.000000       	0.023358  
61.000000       	0.029744  
62.000000       	0.036864  
63.000000       	0.043194  
64.000000       	0.048694  
65.000000       	0.052669  
66.000000       	0.054609  
67.000000       	0.055532  
68.000000       	0.056945  
69.000000       	0.058442  
70.000000       	0.060392  
71.000000       	0.062389  
72.000000       	0.064414  
73.000000       	0.067795  
74.000000       	0.073635  
75.000000       	0.083844  
76.000000       	0.098396  
77.000000       	0.116046  
78.000000       	0.135204  
79.000000       	0.150773  
80.000000       	0.162781  
81.000000       	0.172454  
82.000000       	0.181779  
83.000000       	0.192384  
84.000000       	0.204722  
85.000000       	0.218671  
86.000000       	0.231613  
87.000000       	0.242143  
88.000000       	0.250563  
89.000000       	0.256572  
90.000000       	0.260961  
91.000000       	0.264813  
92.000000       	0.268863  
93.000000       	0.273233  
94.000000       	0.277142  
95.000000       	0.281145  
96.000000       	0.284931  
97.000000       	0.287710  
98.000000       	0.289838  
99.000000       	0.291854  
100.000000      	0.293568  
101.000000      	0.295235  
102.000000      	0.296930  
103.000000      	0.298937  
104.000000      	0.301084  
105.000000      	0.303448  
106.000000      	0.305822  
107.000000      	0.308355  
108.000000      	0.311124  
109.000000      	0.313856  
110.000000      	0.316832  
111.000000      	0.319761  
112.000000      	0.322775  
113.000000      	0.325808  
114.000000      	0.328831  
115.000000      	0.332052  
116.000000      	0.335377  
117.000000      	0.338551  
118.000000      	0.342055  
119.000000      	0.345832  
120.000000      	0.349967  
121.000000      	0.355175  
122.000000      	0.360676  
123.000000      	0.366807  
124.000000      	0.372006  
125.000000      	0.377130  
126.000000      	0.382376  
127.000000      	0.388008  
128.000000      	0.394451  
129.000000      	0.400780  
130.000000      	0.407241  
131.000000      	0.414927  
132.000000      	0.422801  
133.000000      	0.431324  
134.000000      	0.441336  
135.000000      	0.451537  
136.000000      	0.461671  
137.000000      	0.471655  
138.000000      	0.482147  
139.000000      	0.493374  
140.000000      	0.504479  
141.000000      	0.516751  
142.000000      	0.527742  
143.000000      	0.538621  
144.000000      	0.549038  
145.000000      	0.559511  
146.000000      	0.569542  
147.000000      	0.578951  
148.000000      	0.587673  
149.000000      	0.596677  
150.000000      	0.604325  
151.000000      	0.611653  
152.000000      	0.618152  
153.000000      	0.624660  
154.000000      	0.630735  
155.000000      	0.636527  
156.000000      	0.642169  
157.000000      	0.647613  
158.000000      	0.652793  
159.000000      	0.657625  
160.000000      	0.662061  
161.000000      	0.666431  
162.000000      	0.670293  
163.000000      	0.673806  
164.000000      	0.677112  
165.000000      	0.681096  
166.000000      	0.684845  
167.000000      	0.688763  
168.000000      	0.692427  
169.000000      	0.695958  
170.000000      	0.698624  
171.000000      	0.700602  
172.000000      	0.702608  
173.000000      	0.704624  
174.000000      	0.706432  
175.000000      	0.708429  
176.000000      	0.710341  
177.000000      	0.712516  
178.000000      	0.714918  
179.000000      	0.717179  
180.000000      	0.719345  
181.000000      	0.721822  
182.000000      	0.724224  
183.000000      	0.726936  
184.000000      	0.729573  
185.000000      	0.732569  
186.000000      	0.735790  
187.000000      	0.738719  
188.000000      	0.742062  
189.000000      	0.745491  
190.000000      	0.748929  
191.000000      	0.752658  
192.000000      	0.756755  
193.000000      	0.760890  
194.000000      	0.765402  
195.000000      	0.770544  
196.000000      	0.776167  
197.000000      	0.781668  
198.000000      	0.787413  
199.000000      	0.793865  
200.000000      	0.800853  
201.000000      	0.807898  
202.000000      	0.815349  
203.000000      	0.822949  
204.000000      	0.830089  
205.000000      	0.837501  
206.000000      	0.845055  
207.000000      	0.851817  
208.000000      	0.858665  
209.000000      	0.864090  
210.000000      	0.869543  
211.000000      	0.874271  
212.000000      	0.879112  
213.000000      	0.884076  
214.000000      	0.888908  
215.000000      	0.893674  
216.000000      	0.898430  
217.000000      	0.902979  
218.000000      	0.907425  
219.000000      	0.911512  
220.000000      	0.915186  
221.000000      	0.918557  
222.000000      	0.921355  
223.000000      	0.924048  
224.000000      	0.926300  
225.000000      	0.928136  
226.000000      	0.929992  
227.000000      	0.931376  
228.000000      	0.932610  
229.000000      	0.933929  
230.000000      	0.935153  
231.000000      	0.936076  
232.000000      	0.937121  
233.000000      	0.937922  
234.000000      	0.938751  
235.000000      	0.939420  
236.000000      	0.940126  
237.000000      	0.940738  
238.000000      	0.941482  
239.000000      	0.942160  
240.000000      	0.942848  
241.000000      	0.943366  
242.000000      	0.943988  
243.000000      	0.944477  
244.000000      	0.944892  
245.000000      	0.945287  
246.000000      	0.945655  
247.000000      	0.946126  
248.000000      	0.946493  
249.000000      	0.946907  
250.000000      	0.947294  
251.000000      	0.947595  
252.000000      	0.947934  
253.000000      	0.948226  
254.000000      	0.948461  
255.000000      	0.948725  
256.000000      	0.948989  
257.000000      	0.949215  
258.000000      	0.949384  
259.000000      	0.949658  
260.000000      	0.949903  
261.000000      	0.950138  
262.000000      	0.950326  
263.000000      	0.950515  
264.000000      	0.950778  
265.000000      	0.950967  
266.000000      	0.951174  
267.000000      	0.951334  
268.000000      	0.951636  
269.000000      	0.951852  
270.000000      	0.952078  
271.000000      	0.952333  
272.000000      	0.952559  
273.000000      	0.952719  
274.000000      	0.952888  
275.000000      	0.953105  
276.000000      	0.953340  
277.000000      	0.953595  
278.000000      	0.953849  
279.000000      	0.954009  
280.000000      	0.954197  
281.000000      	0.954386  
282.000000      	0.954612  
283.000000      	0.954810  
284.000000      	0.955007  
285.000000      	0.955120  
286.000000      	0.955281  
287.000000      	0.955431  
288.000000      	0.955563  
289.000000      	0.955751  
290.000000      	0.955940  
291.000000      	0.956109  
292.000000      	0.956241  
293.000000      	0.956439  
294.000000      	0.956646  
295.000000      	0.956872  
296.000000      	0.957004  
297.000000      	0.957183  
298.000000      	0.957353  
299.000000      	0.957522  
300.000000      	0.957711  
301.000000      	0.957889  
302.000000      	0.958003  
303.000000      	0.958116  
304.000000      	0.958266  
305.000000      	0.958426  
306.000000      	0.958605  
307.000000      	0.958794  
308.000000      	0.958935  
309.000000      	0.959152  
310.000000      	0.959293  
311.000000      	0.959425  
312.000000      	0.959604  
313.000000      	0.959745  
314.000000      	0.959839  
315.000000      	0.959990  
316.000000      	0.960122  
317.000000      	0.960263  
318.000000      	0.960433  
319.000000      	0.960640  
320.000000      	0.960753  
321.000000      	0.960903  
322.000000      	0.961054  
323.000000      	0.961271  
324.000000      	0.961440  
325.000000      	0.961582  
326.000000      	0.961723  
327.000000      	0.961911  
328.000000      	0.962071  
329.000000      	0.962250  
330.000000      	0.962467  
331.000000      	0.962636  
332.000000      	0.962853  
333.000000      	0.963023  
334.000000      	0.963258  
335.000000      	0.963465  
336.000000      	0.963635  
337.000000      	0.963851  
338.000000      	0.964002  
339.000000      	0.964238  
340.000000      	0.964473  
341.000000      	0.964586  
342.000000      	0.964737  
343.000000      	0.964887  
344.000000      	0.965066  
345.000000      	0.965227  
346.000000      	0.965368  
347.000000      	0.965537  
348.000000      	0.965660  
349.000000      	0.965792  
350.000000      	0.965905  
351.000000      	0.966187  
352.000000      	0.966385  
353.000000      	0.966583  
354.000000      	0.966724  
355.000000      	0.966865  
356.000000      	0.967016  
357.000000      	0.967214  
358.000000      	0.967402  
359.000000      	0.967619  
360.000000      	0.967798  
361.000000      	0.968043  
362.000000      	0.968222  
363.000000      	0.968372  
364.000000      	0.968570  
365.000000      	0.968730  
366.000000      	0.968937  
367.000000      	0.969079  
368.000000      	0.969258  
369.000000      	0.969456  
370.000000      	0.969597  
371.000000      	0.969747  
372.000000      	0.969889  
373.000000      	0.970115  
374.000000      	0.970275  
375.000000      	0.970463  
376.000000      	0.970605  
377.000000      	0.970802  
378.000000      	0.970972  
379.000000      	0.971170  
380.000000      	0.971339  
381.000000      	0.971490  
382.000000      	0.971707  
383.000000      	0.971810  
384.000000      	0.971923  
385.000000      	0.972036  
386.000000      	0.972140  
387.000000      	0.972281  
388.000000      	0.972356  
389.000000      	0.972451  
390.000000      	0.972667  
391.000000      	0.972856  
392.000000      	0.973006  
393.000000      	0.973101  
394.000000      	0.973270  
395.000000      	0.973449  
396.000000      	0.973590  
397.000000      	0.973675  
398.000000      	0.973797  
399.000000      	0.973929  
400.000000      	0.974042  
401.000000      	0.974202  
403.000000      	0.974381  
404.000000      	0.974523  
405.000000      	0.974739  
406.000000      	0.974843  
407.000000      	0.974975  
408.000000      	0.975116  
409.000000      	0.975220  
410.000000      	0.975333  
411.000000      	0.975427  
412.000000      	0.975521  
413.000000      	0.975634  
414.000000      	0.975738  
415.000000      	0.975898  
416.000000      	0.976011  
418.000000      	0.976218  
419.000000      	0.976322  
420.000000      	0.976435  
421.000000      	0.976529  
422.000000      	0.976614  
423.000000      	0.976755  
424.000000      	0.976887  
425.000000      	0.977056  
426.000000      	0.977216  
428.000000      	0.977377  
429.000000      	0.977537  
430.000000      	0.977631  
432.000000      	0.977819  
434.000000      	0.977913  
435.000000      	0.978026  
437.000000      	0.978196  
438.000000      	0.978262  
439.000000      	0.978413  
440.000000      	0.978526  
442.000000      	0.978667  
443.000000      	0.978780  
444.000000      	0.978827  
445.000000      	0.978931  
446.000000      	0.979006  
448.000000      	0.979157  
449.000000      	0.979213  
451.000000      	0.979345  
452.000000      	0.979420  
455.000000      	0.979524  
457.000000      	0.979618  
459.000000      	0.979731  
461.000000      	0.979863  
462.000000      	0.979967  
463.000000      	0.980004  
466.000000      	0.980146  
468.000000      	0.980240  
470.000000      	0.980362  
472.000000      	0.980456  
473.000000      	0.980532  
474.000000      	0.980645  
475.000000      	0.980730  
476.000000      	0.980805  
478.000000      	0.980918  
480.000000      	0.981003  
482.000000      	0.981125  
484.000000      	0.981238  
486.000000      	0.981342  
488.000000      	0.981445  
490.000000      	0.981502  
492.000000      	0.981671  
493.000000      	0.981719  
495.000000      	0.981822  
496.000000      	0.981907  
497.000000      	0.982001  
500.000000      	0.982133  
502.000000      	0.982237  
504.000000      	0.982321  
506.000000      	0.982415  
510.000000      	0.982519  
513.000000      	0.982632  
515.000000      	0.982745  
517.000000      	0.982858  
519.000000      	0.982924  
521.000000      	0.983009  
523.000000      	0.983103  
525.000000      	0.983216  
528.000000      	0.983310  
530.000000      	0.983433  
532.000000      	0.983546  
534.000000      	0.983668  
536.000000      	0.983725  
539.000000      	0.983828  
542.000000      	0.983932  
546.000000      	0.984035  
550.000000      	0.984101  
553.000000      	0.984214  
555.000000      	0.984327  
559.000000      	0.984422  
563.000000      	0.984506  
567.000000      	0.984601  
572.000000      	0.984704  
577.000000      	0.984827  
583.000000      	0.984930  
587.000000      	0.985006  
592.000000      	0.985147  
595.000000      	0.985203  
600.000000      	0.985316  
606.000000      	0.985411  
612.000000      	0.985514  
619.000000      	0.985608  
624.000000      	0.985750  
626.000000      	0.985816  
631.000000      	0.985900  
639.000000      	0.986004  
650.000000      	0.986117  
661.000000      	0.986211  
668.000000      	0.986315  
675.000000      	0.986409  
682.000000      	0.986503  
693.000000      	0.986616  
700.000000      	0.986701  
710.000000      	0.986805  
721.000000      	0.986918  
731.000000      	0.987002  
739.000000      	0.987106  
750.000000      	0.987200  
765.000000      	0.987304  
784.000000      	0.987407  
798.000000      	0.987502  
816.000000      	0.987605  
833.000000      	0.987718  
856.000000      	0.987812  
884.000000      	0.987907  
896.000000      	0.988001  
913.000000      	0.988104  
924.000000      	0.988208  
938.000000      	0.988302  
958.000000      	0.988415  
980.000000      	0.988509  
1006.000000     	0.988604  
1043.000000     	0.988717  
1075.000000     	0.988801  
1095.000000     	0.988905  
1113.000000     	0.989009  
1139.000000     	0.989112  
1169.000000     	0.989216  
1188.000000     	0.989300  
1219.000000     	0.989404  
1245.000000     	0.989508  
1272.000000     	0.989602  
1295.000000     	0.989705  
1325.000000     	0.989819  
1352.000000     	0.989903  
1385.000000     	0.990007  
1404.000000     	0.990101  
1432.000000     	0.990205  
1467.000000     	0.990308  
1503.000000     	0.990402  
1578.000000     	0.990506  
1611.000000     	0.990600  
1680.000000     	0.990713  
1704.000000     	0.990807  
1728.000000     	0.990902  
1789.000000     	0.991005  
1819.000000     	0.991109  
1847.000000     	0.991212  
1884.000000     	0.991307  
1907.000000     	0.991401  
1966.000000     	0.991504  
1989.000000     	0.991608  
2018.000000     	0.991702  
2050.000000     	0.991806  
2074.000000     	0.991900  
2128.000000     	0.992004  
2192.000000     	0.992126  
2226.000000     	0.992201  
2268.000000     	0.992305  
2307.000000     	0.992409  
2367.000000     	0.992512  
2397.000000     	0.992616  
2442.000000     	0.992710  
2509.000000     	0.992804  
2546.000000     	0.992908  
2588.000000     	0.993002  
2642.000000     	0.993106  
2687.000000     	0.993209  
2738.000000     	0.993303  
2798.000000     	0.993407  
2851.000000     	0.993511  
2911.000000     	0.993605  
2974.000000     	0.993708  
3068.000000     	0.993803  
3161.000000     	0.993906  
3203.000000     	0.994000  
3296.000000     	0.994104  
3351.000000     	0.994208  
3383.000000     	0.994302  
3453.000000     	0.994405  
3500.000000     	0.994509  
3560.000000     	0.994603  
3610.000000     	0.994707  
3691.000000     	0.994801  
3762.000000     	0.994905  
3841.000000     	0.995008  
3895.000000     	0.995102  
3955.000000     	0.995206  
4000.000000     	0.995300  
4045.000000     	0.995404  
4142.000000     	0.995507  
4211.000000     	0.995602  
4291.000000     	0.995705  
4386.000000     	0.995809  
4459.000000     	0.995903  
4500.000000     	0.996007  
4602.000000     	0.996101  
4692.000000     	0.996204  
4726.000000     	0.996308  
4758.000000     	0.996402  
4829.000000     	0.996506  
4874.000000     	0.996609  
4906.000000     	0.996703  
4993.000000     	0.996807  
5071.000000     	0.996901  
5112.000000     	0.997005  
5159.000000     	0.997108  
5249.000000     	0.997203  
5331.000000     	0.997306  
5400.000000     	0.997400  
5453.000000     	0.997504  
5486.000000     	0.997608  
5530.000000     	0.997702  
5615.000000     	0.997805  
5678.000000     	0.997909  
5783.000000     	0.998003  
5846.000000     	0.998107  
5918.000000     	0.998201  
6043.000000     	0.998305  
6121.000000     	0.998408  
6207.000000     	0.998502  
6265.000000     	0.998606  
6334.000000     	0.998700  
6363.000000     	0.998804  
6486.000000     	0.998907  
6647.000000     	0.999002  
7273.000000     	0.999105  
8854.000000     	0.999209  
13399.000000    	0.999303  
23623.000000    	0.999407  
29264.000000    	0.999501  
32869.000000    	0.999604  
37049.000000    	0.999708  
39840.000000    	0.999802  
42729.000000    	0.999906  
46828.000000    	1.000000  
46828.000000    	1.000000  
