0.000000        	0.003504  
1.000000        	0.011679  
2.000000        	0.011886  
4.000000        	0.011905  
7.000000        	0.012056  
14.000000       	0.012112  
19.000000       	0.012254  
20.000000       	0.012414  
21.000000       	0.012696  
22.000000       	0.012932  
23.000000       	0.013064  
25.000000       	0.013158  
27.000000       	0.013308  
29.000000       	0.013469  
30.000000       	0.013544  
31.000000       	0.013610  
34.000000       	0.013732  
35.000000       	0.013817  
40.000000       	0.013911  
48.000000       	0.014005  
54.000000       	0.014222  
55.000000       	0.014618  
56.000000       	0.014938  
57.000000       	0.015305  
58.000000       	0.015955  
59.000000       	0.017716  
60.000000       	0.021079  
61.000000       	0.026334  
62.000000       	0.031976  
63.000000       	0.037090  
64.000000       	0.041065  
65.000000       	0.044107  
66.000000       	0.045464  
67.000000       	0.046330  
68.000000       	0.047441  
69.000000       	0.048835  
70.000000       	0.050955  
71.000000       	0.053403  
72.000000       	0.056041  
73.000000       	0.059987  
74.000000       	0.068351  
75.000000       	0.082469  
76.000000       	0.102069  
77.000000       	0.124966  
78.000000       	0.148418  
79.000000       	0.165786  
80.000000       	0.178529  
81.000000       	0.188814  
82.000000       	0.199156  
83.000000       	0.208904  
84.000000       	0.219199  
85.000000       	0.230793  
86.000000       	0.242114  
87.000000       	0.251392  
88.000000       	0.258380  
89.000000       	0.262835  
90.000000       	0.266659  
91.000000       	0.269598  
92.000000       	0.272725  
93.000000       	0.275871  
94.000000       	0.279026  
95.000000       	0.282511  
96.000000       	0.285430  
97.000000       	0.287898  
98.000000       	0.290093  
99.000000       	0.292174  
100.000000      	0.294312  
101.000000      	0.296469  
102.000000      	0.298372  
103.000000      	0.300538  
104.000000      	0.302619  
105.000000      	0.305492  
106.000000      	0.308289  
107.000000      	0.310889  
108.000000      	0.313912  
109.000000      	0.317105  
110.000000      	0.320515  
111.000000      	0.324744  
112.000000      	0.328737  
113.000000      	0.332844  
114.000000      	0.336884  
115.000000      	0.340972  
116.000000      	0.344617  
117.000000      	0.348290  
118.000000      	0.351973  
119.000000      	0.355881  
120.000000      	0.360252  
121.000000      	0.364857  
122.000000      	0.369981  
123.000000      	0.376075  
124.000000      	0.382706  
125.000000      	0.390222  
126.000000      	0.397917  
127.000000      	0.405725  
128.000000      	0.414239  
129.000000      	0.423432  
130.000000      	0.433980  
131.000000      	0.444878  
132.000000      	0.456726  
133.000000      	0.469300  
134.000000      	0.482326  
135.000000      	0.495484  
136.000000      	0.508604  
137.000000      	0.521027  
138.000000      	0.533299  
139.000000      	0.544234  
140.000000      	0.554180  
141.000000      	0.563298  
142.000000      	0.571605  
143.000000      	0.579648  
144.000000      	0.587306  
145.000000      	0.595283  
146.000000      	0.603280  
147.000000      	0.612180  
148.000000      	0.621071  
149.000000      	0.629595  
150.000000      	0.637808  
151.000000      	0.645852  
152.000000      	0.653123  
153.000000      	0.659584  
154.000000      	0.665866  
155.000000      	0.671065  
156.000000      	0.675963  
157.000000      	0.680474  
158.000000      	0.685278  
159.000000      	0.690336  
160.000000      	0.695987  
161.000000      	0.701308  
162.000000      	0.706620  
163.000000      	0.711603  
164.000000      	0.716190  
165.000000      	0.719486  
166.000000      	0.722943  
167.000000      	0.726277  
168.000000      	0.729187  
169.000000      	0.731749  
170.000000      	0.733934  
171.000000      	0.736101  
172.000000      	0.738521  
173.000000      	0.740650  
174.000000      	0.742967  
175.000000      	0.745340  
176.000000      	0.747610  
177.000000      	0.749880  
178.000000      	0.752140  
179.000000      	0.754118  
180.000000      	0.755889  
181.000000      	0.757735  
182.000000      	0.760071  
183.000000      	0.762181  
184.000000      	0.764554  
185.000000      	0.766805  
186.000000      	0.769367  
187.000000      	0.771910  
188.000000      	0.774425  
189.000000      	0.777090  
190.000000      	0.779906  
191.000000      	0.782977  
192.000000      	0.786236  
193.000000      	0.789862  
194.000000      	0.793874  
195.000000      	0.798065  
196.000000      	0.802436  
197.000000      	0.806975  
198.000000      	0.812033  
199.000000      	0.817430  
200.000000      	0.824390  
201.000000      	0.831520  
202.000000      	0.839074  
203.000000      	0.846119  
204.000000      	0.852514  
205.000000      	0.858853  
206.000000      	0.864438  
207.000000      	0.869854  
208.000000      	0.874752  
209.000000      	0.879348  
210.000000      	0.883878  
211.000000      	0.888051  
212.000000      	0.892176  
213.000000      	0.896452  
214.000000      	0.900728  
215.000000      	0.904891  
216.000000      	0.908828  
217.000000      	0.913396  
218.000000      	0.917437  
219.000000      	0.921402  
220.000000      	0.924962  
221.000000      	0.927929  
222.000000      	0.930802  
223.000000      	0.933043  
224.000000      	0.934889  
225.000000      	0.936641  
226.000000      	0.938158  
227.000000      	0.939373  
228.000000      	0.940456  
229.000000      	0.941539  
230.000000      	0.942462  
231.000000      	0.943413  
232.000000      	0.944138  
233.000000      	0.944845  
234.000000      	0.945476  
235.000000      	0.946116  
236.000000      	0.946719  
237.000000      	0.947388  
238.000000      	0.947953  
239.000000      	0.948537  
240.000000      	0.948961  
241.000000      	0.949516  
242.000000      	0.950006  
243.000000      	0.950449  
244.000000      	0.950826  
245.000000      	0.951193  
246.000000      	0.951438  
247.000000      	0.951918  
248.000000      	0.952342  
249.000000      	0.952690  
250.000000      	0.953039  
251.000000      	0.953387  
252.000000      	0.953679  
253.000000      	0.953934  
254.000000      	0.954169  
255.000000      	0.954442  
256.000000      	0.954649  
257.000000      	0.954913  
258.000000      	0.955102  
259.000000      	0.955318  
260.000000      	0.955431  
261.000000      	0.955686  
262.000000      	0.955855  
263.000000      	0.956081  
264.000000      	0.956307  
265.000000      	0.956486  
266.000000      	0.956703  
267.000000      	0.956891  
268.000000      	0.957004  
269.000000      	0.957193  
270.000000      	0.957258  
271.000000      	0.957390  
272.000000      	0.957522  
273.000000      	0.957720  
274.000000      	0.957899  
275.000000      	0.958153  
276.000000      	0.958332  
277.000000      	0.958483  
278.000000      	0.958652  
279.000000      	0.958747  
280.000000      	0.958897  
281.000000      	0.959029  
282.000000      	0.959189  
283.000000      	0.959274  
284.000000      	0.959462  
285.000000      	0.959623  
286.000000      	0.959754  
287.000000      	0.959877  
288.000000      	0.960056  
289.000000      	0.960319  
290.000000      	0.960508  
291.000000      	0.960687  
292.000000      	0.960875  
293.000000      	0.961045  
294.000000      	0.961177  
295.000000      	0.961365  
296.000000      	0.961459  
297.000000      	0.961572  
298.000000      	0.961770  
299.000000      	0.961911  
300.000000      	0.962024  
301.000000      	0.962109  
302.000000      	0.962260  
303.000000      	0.962410  
305.000000      	0.962655  
306.000000      	0.962806  
307.000000      	0.962910  
308.000000      	0.963098  
309.000000      	0.963258  
310.000000      	0.963371  
311.000000      	0.963475  
312.000000      	0.963625  
313.000000      	0.963710  
314.000000      	0.963842  
315.000000      	0.964049  
316.000000      	0.964191  
317.000000      	0.964313  
318.000000      	0.964454  
319.000000      	0.964577  
320.000000      	0.964756  
321.000000      	0.964925  
322.000000      	0.965019  
323.000000      	0.965170  
324.000000      	0.965302  
326.000000      	0.965471  
327.000000      	0.965613  
328.000000      	0.965745  
329.000000      	0.965895  
330.000000      	0.966046  
331.000000      	0.966234  
332.000000      	0.966423  
333.000000      	0.966611  
334.000000      	0.966781  
335.000000      	0.966997  
336.000000      	0.967148  
337.000000      	0.967289  
338.000000      	0.967440  
339.000000      	0.967609  
340.000000      	0.967770  
341.000000      	0.967967  
342.000000      	0.968109  
343.000000      	0.968278  
344.000000      	0.968476  
345.000000      	0.968636  
346.000000      	0.968806  
347.000000      	0.968947  
348.000000      	0.969145  
349.000000      	0.969248  
350.000000      	0.969399  
351.000000      	0.969503  
353.000000      	0.969691  
354.000000      	0.969861  
355.000000      	0.970002  
356.000000      	0.970162  
357.000000      	0.970331  
358.000000      	0.970426  
359.000000      	0.970642  
360.000000      	0.970887  
361.000000      	0.971047  
362.000000      	0.971179  
363.000000      	0.971339  
364.000000      	0.971546  
365.000000      	0.971707  
366.000000      	0.971980  
367.000000      	0.972159  
368.000000      	0.972366  
369.000000      	0.972545  
370.000000      	0.972733  
371.000000      	0.973006  
372.000000      	0.973223  
373.000000      	0.973411  
374.000000      	0.973524  
375.000000      	0.973675  
376.000000      	0.973845  
377.000000      	0.974024  
378.000000      	0.974221  
379.000000      	0.974363  
380.000000      	0.974513  
382.000000      	0.974692  
383.000000      	0.974862  
384.000000      	0.975050  
385.000000      	0.975144  
386.000000      	0.975314  
387.000000      	0.975483  
388.000000      	0.975615  
389.000000      	0.975728  
390.000000      	0.975917  
391.000000      	0.976105  
392.000000      	0.976265  
393.000000      	0.976369  
394.000000      	0.976501  
395.000000      	0.976623  
396.000000      	0.976774  
397.000000      	0.976887  
398.000000      	0.977000  
399.000000      	0.977169  
400.000000      	0.977311  
401.000000      	0.977490  
402.000000      	0.977603  
404.000000      	0.977782  
405.000000      	0.977932  
406.000000      	0.978026  
407.000000      	0.978121  
408.000000      	0.978243  
409.000000      	0.978375  
410.000000      	0.978535  
411.000000      	0.978610  
413.000000      	0.978818  
414.000000      	0.978931  
415.000000      	0.979025  
417.000000      	0.979157  
419.000000      	0.979279  
420.000000      	0.979336  
421.000000      	0.979458  
422.000000      	0.979524  
424.000000      	0.979637  
425.000000      	0.979731  
427.000000      	0.979816  
428.000000      	0.979901  
429.000000      	0.980014  
431.000000      	0.980221  
432.000000      	0.980325  
434.000000      	0.980447  
435.000000      	0.980541  
436.000000      	0.980626  
438.000000      	0.980739  
439.000000      	0.980871  
440.000000      	0.980974  
441.000000      	0.981050  
442.000000      	0.981106  
443.000000      	0.981210  
445.000000      	0.981342  
446.000000      	0.981408  
448.000000      	0.981549  
449.000000      	0.981615  
451.000000      	0.981728  
453.000000      	0.981832  
455.000000      	0.981926  
456.000000      	0.982020  
458.000000      	0.982152  
459.000000      	0.982237  
461.000000      	0.982340  
462.000000      	0.982406  
463.000000      	0.982500  
465.000000      	0.982604  
467.000000      	0.982783  
468.000000      	0.982830  
469.000000      	0.982905  
472.000000      	0.983018  
475.000000      	0.983112  
476.000000      	0.983207  
478.000000      	0.983301  
480.000000      	0.983423  
482.000000      	0.983508  
485.000000      	0.983659  
486.000000      	0.983725  
488.000000      	0.983809  
491.000000      	0.983922  
493.000000      	0.984054  
495.000000      	0.984177  
496.000000      	0.984214  
499.000000      	0.984346  
500.000000      	0.984422  
502.000000      	0.984516  
504.000000      	0.984619  
506.000000      	0.984723  
509.000000      	0.984827  
511.000000      	0.984911  
514.000000      	0.985006  
518.000000      	0.985119  
521.000000      	0.985203  
523.000000      	0.985316  
527.000000      	0.985401  
531.000000      	0.985514  
535.000000      	0.985608  
542.000000      	0.985712  
550.000000      	0.985806  
557.000000      	0.985900  
562.000000      	0.986023  
566.000000      	0.986108  
572.000000      	0.986202  
577.000000      	0.986315  
581.000000      	0.986409  
585.000000      	0.986503  
593.000000      	0.986607  
601.000000      	0.986701  
609.000000      	0.986805  
617.000000      	0.986908  
623.000000      	0.987002  
629.000000      	0.987106  
634.000000      	0.987210  
641.000000      	0.987304  
649.000000      	0.987407  
658.000000      	0.987502  
665.000000      	0.987605  
678.000000      	0.987709  
693.000000      	0.987812  
703.000000      	0.987907  
718.000000      	0.988001  
743.000000      	0.988114  
765.000000      	0.988217  
776.000000      	0.988321  
788.000000      	0.988415  
801.000000      	0.988509  
818.000000      	0.988604  
840.000000      	0.988707  
861.000000      	0.988801  
872.000000      	0.988905  
886.000000      	0.989009  
903.000000      	0.989103  
924.000000      	0.989216  
949.000000      	0.989300  
968.000000      	0.989404  
990.000000      	0.989508  
1003.000000     	0.989602  
1027.000000     	0.989705  
1073.000000     	0.989809  
1099.000000     	0.989903  
1128.000000     	0.990007  
1174.000000     	0.990110  
1214.000000     	0.990205  
1253.000000     	0.990318  
1282.000000     	0.990402  
1325.000000     	0.990525  
1365.000000     	0.990619  
1409.000000     	0.990704  
1431.000000     	0.990807  
1444.000000     	0.990902  
1497.000000     	0.991005  
1534.000000     	0.991109  
1578.000000     	0.991203  
1620.000000     	0.991307  
1667.000000     	0.991401  
1731.000000     	0.991514  
1776.000000     	0.991608  
1824.000000     	0.991702  
1866.000000     	0.991815  
1892.000000     	0.991900  
1973.000000     	0.992004  
2022.000000     	0.992107  
2073.000000     	0.992201  
2124.000000     	0.992305  
2163.000000     	0.992418  
2221.000000     	0.992512  
2281.000000     	0.992606  
2336.000000     	0.992701  
2385.000000     	0.992804  
2442.000000     	0.992908  
2479.000000     	0.993002  
2522.000000     	0.993106  
2589.000000     	0.993209  
2641.000000     	0.993303  
2722.000000     	0.993407  
2781.000000     	0.993501  
2842.000000     	0.993605  
2926.000000     	0.993708  
3018.000000     	0.993803  
3124.000000     	0.993906  
3149.000000     	0.994000  
3230.000000     	0.994113  
3261.000000     	0.994208  
3309.000000     	0.994302  
3363.000000     	0.994405  
3432.000000     	0.994509  
3485.000000     	0.994603  
3556.000000     	0.994707  
3615.000000     	0.994801  
3674.000000     	0.994905  
3725.000000     	0.995008  
3746.000000     	0.995102  
3801.000000     	0.995206  
3922.000000     	0.995300  
4000.000000     	0.995404  
4116.000000     	0.995517  
4181.000000     	0.995602  
4243.000000     	0.995705  
4315.000000     	0.995809  
4397.000000     	0.995903  
4471.000000     	0.996007  
4501.000000     	0.996101  
4593.000000     	0.996204  
4726.000000     	0.996308  
4798.000000     	0.996402  
4873.000000     	0.996506  
4931.000000     	0.996609  
4981.000000     	0.996703  
5043.000000     	0.996807  
5102.000000     	0.996901  
5170.000000     	0.997005  
5223.000000     	0.997108  
5277.000000     	0.997203  
5319.000000     	0.997306  
5415.000000     	0.997400  
5457.000000     	0.997504  
5494.000000     	0.997608  
5539.000000     	0.997702  
5579.000000     	0.997805  
5647.000000     	0.997909  
5747.000000     	0.998003  
5863.000000     	0.998107  
5918.000000     	0.998201  
6008.000000     	0.998305  
6069.000000     	0.998408  
6153.000000     	0.998502  
6270.000000     	0.998606  
6311.000000     	0.998700  
6368.000000     	0.998804  
6479.000000     	0.998907  
6696.000000     	0.999002  
7475.000000     	0.999105  
8516.000000     	0.999209  
9874.000000     	0.999303  
11781.000000    	0.999407  
15680.000000    	0.999501  
19454.000000    	0.999604  
27018.000000    	0.999708  
32133.000000    	0.999802  
38739.000000    	0.999906  
44474.000000    	1.000000  
44474.000000    	1.000000  
