20.000000       	0.000128  
27.000000       	0.000256  
31.000000       	0.000384  
33.000000       	0.000513  
36.000000       	0.000641  
37.000000       	0.000769  
39.000000       	0.001025  
40.000000       	0.001153  
41.000000       	0.001666  
42.000000       	0.002050  
43.000000       	0.002435  
44.000000       	0.002691  
45.000000       	0.003204  
46.000000       	0.003717  
47.000000       	0.004101  
48.000000       	0.004870  
49.000000       	0.005511  
50.000000       	0.005895  
51.000000       	0.006408  
52.000000       	0.007433  
53.000000       	0.008074  
54.000000       	0.008843  
55.000000       	0.009355  
56.000000       	0.010124  
57.000000       	0.010637  
58.000000       	0.011406  
59.000000       	0.012303  
60.000000       	0.013713  
61.000000       	0.014353  
62.000000       	0.015763  
63.000000       	0.016917  
64.000000       	0.017942  
65.000000       	0.018454  
66.000000       	0.019864  
67.000000       	0.020889  
68.000000       	0.021658  
69.000000       	0.023196  
70.000000       	0.024221  
71.000000       	0.025759  
72.000000       	0.027554  
73.000000       	0.028579  
74.000000       	0.029348  
75.000000       	0.030501  
76.000000       	0.032039  
77.000000       	0.033705  
78.000000       	0.035115  
79.000000       	0.036909  
80.000000       	0.038575  
81.000000       	0.039856  
82.000000       	0.041394  
83.000000       	0.042676  
84.000000       	0.044086  
85.000000       	0.046392  
86.000000       	0.047674  
87.000000       	0.049340  
88.000000       	0.051006  
89.000000       	0.052031  
90.000000       	0.053185  
91.000000       	0.054594  
92.000000       	0.056517  
93.000000       	0.058055  
94.000000       	0.059464  
95.000000       	0.060361  
96.000000       	0.061899  
97.000000       	0.064078  
98.000000       	0.065616  
99.000000       	0.067538  
100.000000      	0.070229  
101.000000      	0.072536  
102.000000      	0.075227  
103.000000      	0.076509  
104.000000      	0.078431  
105.000000      	0.079713  
106.000000      	0.081251  
107.000000      	0.082917  
108.000000      	0.083558  
109.000000      	0.085095  
110.000000      	0.087146  
111.000000      	0.088171  
112.000000      	0.089453  
113.000000      	0.090222  
114.000000      	0.091119  
115.000000      	0.092657  
116.000000      	0.093426  
117.000000      	0.094451  
118.000000      	0.095476  
119.000000      	0.097014  
120.000000      	0.097783  
121.000000      	0.098680  
122.000000      	0.099064  
123.000000      	0.099962  
124.000000      	0.100730  
125.000000      	0.102012  
126.000000      	0.103037  
127.000000      	0.103422  
128.000000      	0.104063  
129.000000      	0.104703  
130.000000      	0.105088  
131.000000      	0.106498  
132.000000      	0.107523  
133.000000      	0.108164  
134.000000      	0.108932  
135.000000      	0.109573  
136.000000      	0.110214  
137.000000      	0.111367  
138.000000      	0.112393  
139.000000      	0.112905  
140.000000      	0.113802  
141.000000      	0.114571  
142.000000      	0.115340  
143.000000      	0.115981  
145.000000      	0.116750  
146.000000      	0.117903  
147.000000      	0.118929  
148.000000      	0.119698  
149.000000      	0.120595  
150.000000      	0.121107  
151.000000      	0.122004  
152.000000      	0.122645  
153.000000      	0.123414  
154.000000      	0.124696  
155.000000      	0.125977  
156.000000      	0.127515  
157.000000      	0.128412  
158.000000      	0.129566  
159.000000      	0.130334  
160.000000      	0.131488  
161.000000      	0.132385  
162.000000      	0.133026  
163.000000      	0.134179  
164.000000      	0.134820  
165.000000      	0.135076  
166.000000      	0.135589  
167.000000      	0.136614  
168.000000      	0.137255  
169.000000      	0.137639  
170.000000      	0.137768  
171.000000      	0.138152  
172.000000      	0.139177  
173.000000      	0.139818  
174.000000      	0.140074  
175.000000      	0.140331  
176.000000      	0.140843  
177.000000      	0.141228  
178.000000      	0.141484  
179.000000      	0.141740  
180.000000      	0.141869  
181.000000      	0.142509  
182.000000      	0.142894  
183.000000      	0.143022  
184.000000      	0.143278  
185.000000      	0.143663  
186.000000      	0.143791  
187.000000      	0.144047  
188.000000      	0.144816  
189.000000      	0.145329  
190.000000      	0.145585  
191.000000      	0.145969  
192.000000      	0.146482  
193.000000      	0.146610  
194.000000      	0.146738  
195.000000      	0.146867  
197.000000      	0.147123  
198.000000      	0.147251  
199.000000      	0.147379  
200.000000      	0.147636  
203.000000      	0.147764  
204.000000      	0.148020  
205.000000      	0.148276  
206.000000      	0.148533  
207.000000      	0.148789  
208.000000      	0.149302  
212.000000      	0.149430  
213.000000      	0.149814  
214.000000      	0.150070  
216.000000      	0.150199  
218.000000      	0.150455  
220.000000      	0.150583  
221.000000      	0.150839  
222.000000      	0.151096  
223.000000      	0.151224  
224.000000      	0.151352  
226.000000      	0.151608  
227.000000      	0.152121  
229.000000      	0.152377  
231.000000      	0.152505  
233.000000      	0.152634  
234.000000      	0.152890  
236.000000      	0.153018  
237.000000      	0.153146  
238.000000      	0.153403  
239.000000      	0.153787  
240.000000      	0.154043  
241.000000      	0.154300  
242.000000      	0.154556  
243.000000      	0.154812  
244.000000      	0.154940  
245.000000      	0.155069  
246.000000      	0.155325  
247.000000      	0.155709  
248.000000      	0.156094  
249.000000      	0.156222  
250.000000      	0.156606  
251.000000      	0.156863  
252.000000      	0.156991  
253.000000      	0.157119  
255.000000      	0.157375  
256.000000      	0.157632  
257.000000      	0.157760  
258.000000      	0.158144  
259.000000      	0.158657  
260.000000      	0.159041  
261.000000      	0.159170  
262.000000      	0.159298  
263.000000      	0.159554  
264.000000      	0.159810  
265.000000      	0.159938  
266.000000      	0.160323  
267.000000      	0.160579  
268.000000      	0.160964  
270.000000      	0.161092  
271.000000      	0.161348  
272.000000      	0.161476  
273.000000      	0.161605  
275.000000      	0.161861  
276.000000      	0.162245  
277.000000      	0.162630  
278.000000      	0.163014  
279.000000      	0.163142  
280.000000      	0.163271  
281.000000      	0.163399  
283.000000      	0.163911  
284.000000      	0.164168  
285.000000      	0.164552  
286.000000      	0.164937  
288.000000      	0.165449  
289.000000      	0.165834  
290.000000      	0.166090  
291.000000      	0.166346  
292.000000      	0.166603  
293.000000      	0.166859  
294.000000      	0.166987  
295.000000      	0.167628  
296.000000      	0.167884  
297.000000      	0.168012  
298.000000      	0.168397  
300.000000      	0.168781  
301.000000      	0.169038  
302.000000      	0.169422  
303.000000      	0.169806  
304.000000      	0.169935  
305.000000      	0.170063  
306.000000      	0.170191  
307.000000      	0.170704  
308.000000      	0.170832  
309.000000      	0.171473  
310.000000      	0.171601  
311.000000      	0.171857  
312.000000      	0.172113  
313.000000      	0.172754  
314.000000      	0.173267  
315.000000      	0.173907  
316.000000      	0.174164  
317.000000      	0.174420  
318.000000      	0.174548  
319.000000      	0.174933  
320.000000      	0.175317  
321.000000      	0.175445  
322.000000      	0.175830  
323.000000      	0.176086  
324.000000      	0.176342  
325.000000      	0.176471  
326.000000      	0.176855  
327.000000      	0.176983  
328.000000      	0.177368  
329.000000      	0.177752  
330.000000      	0.178265  
331.000000      	0.178393  
332.000000      	0.178649  
333.000000      	0.179290  
334.000000      	0.180059  
335.000000      	0.180187  
336.000000      	0.180572  
337.000000      	0.180956  
339.000000      	0.181212  
340.000000      	0.181469  
342.000000      	0.181981  
343.000000      	0.182366  
344.000000      	0.183007  
345.000000      	0.183391  
346.000000      	0.184544  
347.000000      	0.185313  
349.000000      	0.185698  
350.000000      	0.186082  
351.000000      	0.186595  
352.000000      	0.186979  
353.000000      	0.187492  
354.000000      	0.187876  
355.000000      	0.188133  
356.000000      	0.188645  
357.000000      	0.189030  
358.000000      	0.189286  
359.000000      	0.190055  
360.000000      	0.190568  
361.000000      	0.190824  
362.000000      	0.191080  
363.000000      	0.191337  
364.000000      	0.191593  
365.000000      	0.192106  
366.000000      	0.192234  
367.000000      	0.192490  
368.000000      	0.193003  
369.000000      	0.193387  
370.000000      	0.193900  
371.000000      	0.194156  
372.000000      	0.194669  
373.000000      	0.194925  
374.000000      	0.195694  
375.000000      	0.196078  
376.000000      	0.196719  
377.000000      	0.197232  
378.000000      	0.197360  
379.000000      	0.198129  
380.000000      	0.199154  
381.000000      	0.199410  
382.000000      	0.199923  
383.000000      	0.200051  
384.000000      	0.200308  
385.000000      	0.200564  
386.000000      	0.201333  
387.000000      	0.201717  
388.000000      	0.201974  
389.000000      	0.202230  
390.000000      	0.202999  
391.000000      	0.203511  
392.000000      	0.204280  
393.000000      	0.204921  
394.000000      	0.205049  
395.000000      	0.205818  
396.000000      	0.206972  
397.000000      	0.207612  
398.000000      	0.208381  
399.000000      	0.209278  
400.000000      	0.209663  
401.000000      	0.209791  
402.000000      	0.210304  
403.000000      	0.210688  
404.000000      	0.210816  
405.000000      	0.211585  
406.000000      	0.212098  
407.000000      	0.212995  
408.000000      	0.214020  
409.000000      	0.215045  
410.000000      	0.215558  
411.000000      	0.216199  
412.000000      	0.216840  
413.000000      	0.217609  
414.000000      	0.218378  
415.000000      	0.218890  
416.000000      	0.219403  
417.000000      	0.219915  
418.000000      	0.220684  
419.000000      	0.221838  
420.000000      	0.222607  
421.000000      	0.223376  
422.000000      	0.224145  
423.000000      	0.224785  
424.000000      	0.225682  
425.000000      	0.226323  
427.000000      	0.227220  
428.000000      	0.228630  
429.000000      	0.229527  
430.000000      	0.230296  
431.000000      	0.231065  
432.000000      	0.231706  
433.000000      	0.232090  
434.000000      	0.232603  
435.000000      	0.233372  
436.000000      	0.233756  
437.000000      	0.234525  
438.000000      	0.235166  
439.000000      	0.235935  
440.000000      	0.236960  
441.000000      	0.237473  
442.000000      	0.237857  
443.000000      	0.238882  
444.000000      	0.239523  
445.000000      	0.239780  
446.000000      	0.240805  
447.000000      	0.241830  
448.000000      	0.243112  
449.000000      	0.243752  
450.000000      	0.244265  
451.000000      	0.245034  
452.000000      	0.246316  
453.000000      	0.247213  
454.000000      	0.248110  
455.000000      	0.249519  
456.000000      	0.250160  
457.000000      	0.251185  
458.000000      	0.252083  
459.000000      	0.253236  
460.000000      	0.254005  
461.000000      	0.255158  
462.000000      	0.256055  
463.000000      	0.257593  
464.000000      	0.258490  
465.000000      	0.259131  
466.000000      	0.259772  
467.000000      	0.260669  
468.000000      	0.261566  
469.000000      	0.262719  
470.000000      	0.263873  
471.000000      	0.264514  
472.000000      	0.265539  
473.000000      	0.266949  
474.000000      	0.267589  
475.000000      	0.269127  
476.000000      	0.270281  
477.000000      	0.271434  
478.000000      	0.272459  
479.000000      	0.273869  
480.000000      	0.275791  
481.000000      	0.277073  
482.000000      	0.278483  
483.000000      	0.279508  
484.000000      	0.280661  
485.000000      	0.281174  
486.000000      	0.282199  
487.000000      	0.283096  
488.000000      	0.283737  
489.000000      	0.285019  
490.000000      	0.286300  
491.000000      	0.287197  
492.000000      	0.288222  
493.000000      	0.288991  
494.000000      	0.290017  
495.000000      	0.290529  
496.000000      	0.291939  
497.000000      	0.292964  
498.000000      	0.294118  
499.000000      	0.295271  
500.000000      	0.296424  
501.000000      	0.297706  
502.000000      	0.299500  
503.000000      	0.300782  
504.000000      	0.302191  
505.000000      	0.303601  
506.000000      	0.304626  
507.000000      	0.305139  
508.000000      	0.305908  
509.000000      	0.306549  
510.000000      	0.307958  
511.000000      	0.308343  
512.000000      	0.308599  
513.000000      	0.309496  
514.000000      	0.310393  
515.000000      	0.311931  
516.000000      	0.312572  
517.000000      	0.313597  
518.000000      	0.314751  
519.000000      	0.315392  
520.000000      	0.317058  
521.000000      	0.318467  
522.000000      	0.319236  
523.000000      	0.320390  
524.000000      	0.321415  
525.000000      	0.322440  
526.000000      	0.323850  
527.000000      	0.324491  
528.000000      	0.325772  
529.000000      	0.326669  
530.000000      	0.327438  
531.000000      	0.328079  
532.000000      	0.329361  
533.000000      	0.330258  
534.000000      	0.331155  
535.000000      	0.332308  
536.000000      	0.333974  
537.000000      	0.335128  
538.000000      	0.336153  
539.000000      	0.337819  
540.000000      	0.338588  
541.000000      	0.339357  
542.000000      	0.340254  
543.000000      	0.341279  
544.000000      	0.342689  
545.000000      	0.343458  
546.000000      	0.344098  
547.000000      	0.345124  
548.000000      	0.345764  
549.000000      	0.346918  
550.000000      	0.347302  
551.000000      	0.348199  
552.000000      	0.350122  
553.000000      	0.351019  
554.000000      	0.352557  
555.000000      	0.353326  
556.000000      	0.353966  
557.000000      	0.354735  
558.000000      	0.355120  
559.000000      	0.355248  
560.000000      	0.355761  
561.000000      	0.356658  
562.000000      	0.357555  
563.000000      	0.358452  
564.000000      	0.360374  
565.000000      	0.360759  
566.000000      	0.361656  
567.000000      	0.362809  
568.000000      	0.363706  
569.000000      	0.364347  
570.000000      	0.364860  
571.000000      	0.365885  
572.000000      	0.366782  
573.000000      	0.367807  
574.000000      	0.368448  
575.000000      	0.369858  
576.000000      	0.370627  
577.000000      	0.371396  
578.000000      	0.371652  
579.000000      	0.373318  
580.000000      	0.373959  
581.000000      	0.374984  
582.000000      	0.376266  
583.000000      	0.376522  
584.000000      	0.377419  
585.000000      	0.377803  
586.000000      	0.378700  
587.000000      	0.379726  
588.000000      	0.380751  
589.000000      	0.381135  
590.000000      	0.381648  
591.000000      	0.381776  
592.000000      	0.382289  
593.000000      	0.383058  
594.000000      	0.383570  
595.000000      	0.384083  
596.000000      	0.384980  
597.000000      	0.385749  
598.000000      	0.386390  
599.000000      	0.386774  
600.000000      	0.387159  
601.000000      	0.387800  
602.000000      	0.388312  
603.000000      	0.388825  
604.000000      	0.389209  
605.000000      	0.389594  
606.000000      	0.390491  
607.000000      	0.390619  
608.000000      	0.391260  
609.000000      	0.391772  
610.000000      	0.392413  
611.000000      	0.393054  
612.000000      	0.393438  
613.000000      	0.393823  
614.000000      	0.395104  
615.000000      	0.396002  
616.000000      	0.396642  
617.000000      	0.397155  
618.000000      	0.397668  
619.000000      	0.398821  
620.000000      	0.399462  
621.000000      	0.400359  
622.000000      	0.401000  
623.000000      	0.401640  
624.000000      	0.402537  
625.000000      	0.403050  
626.000000      	0.403563  
627.000000      	0.404460  
628.000000      	0.406254  
629.000000      	0.407536  
630.000000      	0.408433  
631.000000      	0.409202  
632.000000      	0.409971  
633.000000      	0.410099  
634.000000      	0.410739  
635.000000      	0.412149  
636.000000      	0.412918  
637.000000      	0.413174  
638.000000      	0.414200  
639.000000      	0.415609  
640.000000      	0.416122  
641.000000      	0.416635  
642.000000      	0.417147  
643.000000      	0.417532  
644.000000      	0.418044  
645.000000      	0.418685  
646.000000      	0.419710  
647.000000      	0.420095  
648.000000      	0.420607  
649.000000      	0.421248  
650.000000      	0.422273  
651.000000      	0.423171  
652.000000      	0.423811  
653.000000      	0.424196  
654.000000      	0.424965  
655.000000      	0.425734  
656.000000      	0.426374  
657.000000      	0.427015  
658.000000      	0.427784  
659.000000      	0.428553  
660.000000      	0.428938  
661.000000      	0.429835  
662.000000      	0.430604  
663.000000      	0.431501  
664.000000      	0.432141  
665.000000      	0.432654  
666.000000      	0.433679  
667.000000      	0.433808  
668.000000      	0.434705  
669.000000      	0.436242  
670.000000      	0.437140  
671.000000      	0.437524  
672.000000      	0.438037  
673.000000      	0.438806  
674.000000      	0.439190  
675.000000      	0.439831  
676.000000      	0.440472  
677.000000      	0.440984  
678.000000      	0.441241  
679.000000      	0.441625  
680.000000      	0.442650  
681.000000      	0.443676  
682.000000      	0.444957  
683.000000      	0.445470  
684.000000      	0.445982  
685.000000      	0.446367  
686.000000      	0.447905  
687.000000      	0.449058  
688.000000      	0.449571  
689.000000      	0.450468  
690.000000      	0.450980  
691.000000      	0.452006  
692.000000      	0.453031  
693.000000      	0.453928  
694.000000      	0.455338  
695.000000      	0.456491  
696.000000      	0.457004  
697.000000      	0.458157  
698.000000      	0.459054  
699.000000      	0.459823  
700.000000      	0.461105  
701.000000      	0.462514  
702.000000      	0.463283  
703.000000      	0.463796  
704.000000      	0.464565  
705.000000      	0.466231  
706.000000      	0.467128  
707.000000      	0.468025  
708.000000      	0.468922  
709.000000      	0.470588  
710.000000      	0.471229  
711.000000      	0.472126  
712.000000      	0.472767  
713.000000      	0.473408  
714.000000      	0.474689  
715.000000      	0.475458  
716.000000      	0.477124  
717.000000      	0.478149  
718.000000      	0.478662  
719.000000      	0.479559  
720.000000      	0.480841  
721.000000      	0.481738  
722.000000      	0.482379  
723.000000      	0.483532  
724.000000      	0.484557  
725.000000      	0.485582  
726.000000      	0.485967  
727.000000      	0.486480  
728.000000      	0.487633  
729.000000      	0.487889  
730.000000      	0.489043  
731.000000      	0.489940  
732.000000      	0.490837  
733.000000      	0.491478  
734.000000      	0.492887  
735.000000      	0.493913  
736.000000      	0.494810  
737.000000      	0.495579  
738.000000      	0.496476  
739.000000      	0.497116  
740.000000      	0.498270  
741.000000      	0.498654  
742.000000      	0.499423  
743.000000      	0.499936  
744.000000      	0.500449  
745.000000      	0.501089  
746.000000      	0.501986  
747.000000      	0.503012  
748.000000      	0.504037  
749.000000      	0.504806  
750.000000      	0.505959  
751.000000      	0.506600  
752.000000      	0.507497  
753.000000      	0.508522  
754.000000      	0.509291  
755.000000      	0.510188  
756.000000      	0.510829  
757.000000      	0.511854  
758.000000      	0.512623  
759.000000      	0.513520  
760.000000      	0.514546  
761.000000      	0.515186  
762.000000      	0.515827  
763.000000      	0.516852  
764.000000      	0.517237  
765.000000      	0.518390  
766.000000      	0.519031  
767.000000      	0.519928  
768.000000      	0.521082  
769.000000      	0.522107  
770.000000      	0.522876  
771.000000      	0.523645  
772.000000      	0.524157  
773.000000      	0.524798  
774.000000      	0.525567  
775.000000      	0.525952  
776.000000      	0.526977  
777.000000      	0.527618  
778.000000      	0.528002  
779.000000      	0.528899  
780.000000      	0.530053  
781.000000      	0.531334  
782.000000      	0.531975  
783.000000      	0.532359  
784.000000      	0.533513  
785.000000      	0.534154  
786.000000      	0.534666  
787.000000      	0.535307  
788.000000      	0.536460  
789.000000      	0.537742  
790.000000      	0.538383  
791.000000      	0.539280  
792.000000      	0.539921  
793.000000      	0.540433  
794.000000      	0.541843  
795.000000      	0.542740  
796.000000      	0.543381  
797.000000      	0.545175  
798.000000      	0.546200  
799.000000      	0.546841  
800.000000      	0.547738  
801.000000      	0.548507  
802.000000      	0.549276  
803.000000      	0.550557  
804.000000      	0.551711  
805.000000      	0.552864  
806.000000      	0.553505  
807.000000      	0.554274  
808.000000      	0.555043  
809.000000      	0.556068  
810.000000      	0.556965  
811.000000      	0.557991  
812.000000      	0.559016  
813.000000      	0.560297  
814.000000      	0.560938  
815.000000      	0.561451  
816.000000      	0.561835  
817.000000      	0.562348  
818.000000      	0.562732  
819.000000      	0.563245  
820.000000      	0.564398  
821.000000      	0.565295  
822.000000      	0.566192  
823.000000      	0.567218  
824.000000      	0.568499  
825.000000      	0.569012  
826.000000      	0.569909  
827.000000      	0.570806  
828.000000      	0.571703  
829.000000      	0.572985  
830.000000      	0.574138  
831.000000      	0.575548  
832.000000      	0.575804  
833.000000      	0.576445  
834.000000      	0.576829  
835.000000      	0.577727  
836.000000      	0.578752  
837.000000      	0.579649  
838.000000      	0.580802  
839.000000      	0.581828  
840.000000      	0.583365  
841.000000      	0.584134  
842.000000      	0.584775  
843.000000      	0.585544  
844.000000      	0.585928  
845.000000      	0.586569  
846.000000      	0.587210  
847.000000      	0.587723  
848.000000      	0.588876  
849.000000      	0.589645  
850.000000      	0.590029  
851.000000      	0.591696  
852.000000      	0.593233  
853.000000      	0.594387  
854.000000      	0.595028  
855.000000      	0.596694  
856.000000      	0.597463  
857.000000      	0.597975  
858.000000      	0.599257  
859.000000      	0.600410  
860.000000      	0.601051  
861.000000      	0.601692  
862.000000      	0.602332  
863.000000      	0.602845  
864.000000      	0.604383  
865.000000      	0.604896  
866.000000      	0.606818  
867.000000      	0.607715  
868.000000      	0.608484  
869.000000      	0.610150  
870.000000      	0.611175  
871.000000      	0.612072  
872.000000      	0.613354  
873.000000      	0.613866  
874.000000      	0.615020  
875.000000      	0.615532  
876.000000      	0.616430  
877.000000      	0.617583  
878.000000      	0.618352  
879.000000      	0.619121  
880.000000      	0.619890  
881.000000      	0.620402  
882.000000      	0.621171  
883.000000      	0.621428  
884.000000      	0.622197  
885.000000      	0.622581  
886.000000      	0.623478  
887.000000      	0.624375  
888.000000      	0.624760  
889.000000      	0.625657  
890.000000      	0.626426  
891.000000      	0.626682  
892.000000      	0.627067  
893.000000      	0.628092  
894.000000      	0.629373  
895.000000      	0.629758  
896.000000      	0.630783  
897.000000      	0.632193  
898.000000      	0.632962  
899.000000      	0.633859  
900.000000      	0.634884  
901.000000      	0.635397  
902.000000      	0.636037  
903.000000      	0.637063  
904.000000      	0.638088  
905.000000      	0.639754  
906.000000      	0.641035  
907.000000      	0.642189  
908.000000      	0.643086  
909.000000      	0.643983  
910.000000      	0.644624  
911.000000      	0.645521  
912.000000      	0.646034  
913.000000      	0.646674  
914.000000      	0.647315  
915.000000      	0.647828  
916.000000      	0.648469  
917.000000      	0.649237  
918.000000      	0.649878  
919.000000      	0.650263  
920.000000      	0.650775  
921.000000      	0.651544  
922.000000      	0.652570  
923.000000      	0.653467  
924.000000      	0.653979  
925.000000      	0.654876  
926.000000      	0.655645  
927.000000      	0.655902  
928.000000      	0.656671  
929.000000      	0.658080  
930.000000      	0.658849  
931.000000      	0.659618  
932.000000      	0.660387  
933.000000      	0.661669  
934.000000      	0.662694  
935.000000      	0.663591  
936.000000      	0.664360  
937.000000      	0.666026  
938.000000      	0.667307  
939.000000      	0.668589  
940.000000      	0.668717  
941.000000      	0.669358  
942.000000      	0.669999  
943.000000      	0.671408  
944.000000      	0.672306  
945.000000      	0.673203  
946.000000      	0.674228  
947.000000      	0.674997  
948.000000      	0.676407  
949.000000      	0.677432  
950.000000      	0.678713  
951.000000      	0.679482  
952.000000      	0.679995  
953.000000      	0.680507  
954.000000      	0.681405  
955.000000      	0.682174  
956.000000      	0.683071  
957.000000      	0.684480  
958.000000      	0.685634  
959.000000      	0.686275  
960.000000      	0.687172  
961.000000      	0.688325  
962.000000      	0.688966  
963.000000      	0.689991  
964.000000      	0.691273  
965.000000      	0.692554  
966.000000      	0.693964  
967.000000      	0.694861  
968.000000      	0.695502  
969.000000      	0.696655  
970.000000      	0.697552  
971.000000      	0.698193  
972.000000      	0.698834  
973.000000      	0.699731  
974.000000      	0.700372  
975.000000      	0.700756  
976.000000      	0.701397  
977.000000      	0.701910  
978.000000      	0.703063  
979.000000      	0.704344  
980.000000      	0.705242  
981.000000      	0.706395  
982.000000      	0.706651  
983.000000      	0.707677  
984.000000      	0.708189  
985.000000      	0.708702  
986.000000      	0.709855  
987.000000      	0.710752  
988.000000      	0.712034  
989.000000      	0.713059  
990.000000      	0.713572  
991.000000      	0.714597  
992.000000      	0.715110  
993.000000      	0.715494  
994.000000      	0.716391  
995.000000      	0.717416  
996.000000      	0.718442  
997.000000      	0.719211  
998.000000      	0.720108  
999.000000      	0.720620  
1000.000000     	0.721517  
1001.000000     	0.722286  
1002.000000     	0.723696  
1003.000000     	0.724465  
1004.000000     	0.724849  
1005.000000     	0.725875  
1006.000000     	0.726515  
1007.000000     	0.727541  
1008.000000     	0.728181  
1009.000000     	0.728694  
1010.000000     	0.729335  
1011.000000     	0.730360  
1012.000000     	0.731642  
1013.000000     	0.731898  
1014.000000     	0.732539  
1015.000000     	0.734333  
1016.000000     	0.734846  
1017.000000     	0.735230  
1018.000000     	0.735871  
1019.000000     	0.736896  
1020.000000     	0.738049  
1021.000000     	0.738434  
1022.000000     	0.739331  
1023.000000     	0.741125  
1024.000000     	0.741510  
1025.000000     	0.742919  
1026.000000     	0.743816  
1027.000000     	0.744201  
1028.000000     	0.744585  
1029.000000     	0.745354  
1030.000000     	0.745995  
1031.000000     	0.746636  
1032.000000     	0.747149  
1033.000000     	0.748046  
1034.000000     	0.748815  
1035.000000     	0.749199  
1036.000000     	0.749712  
1037.000000     	0.750352  
1038.000000     	0.750609  
1039.000000     	0.752018  
1040.000000     	0.753300  
1041.000000     	0.753941  
1042.000000     	0.754325  
1043.000000     	0.754582  
1044.000000     	0.755479  
1045.000000     	0.756376  
1046.000000     	0.757017  
1047.000000     	0.757785  
1048.000000     	0.758426  
1049.000000     	0.758811  
1050.000000     	0.759708  
1051.000000     	0.760092  
1052.000000     	0.760861  
1053.000000     	0.761246  
1054.000000     	0.761630  
1055.000000     	0.762655  
1056.000000     	0.763809  
1057.000000     	0.764578  
1058.000000     	0.765347  
1059.000000     	0.765859  
1060.000000     	0.766628  
1061.000000     	0.767141  
1062.000000     	0.768294  
1063.000000     	0.769319  
1064.000000     	0.769832  
1065.000000     	0.770217  
1066.000000     	0.771626  
1067.000000     	0.771883  
1068.000000     	0.772267  
1069.000000     	0.772908  
1070.000000     	0.773805  
1071.000000     	0.774830  
1072.000000     	0.775599  
1073.000000     	0.776368  
1074.000000     	0.777137  
1075.000000     	0.777393  
1076.000000     	0.778034  
1077.000000     	0.778803  
1078.000000     	0.779572  
1079.000000     	0.779956  
1080.000000     	0.780469  
1081.000000     	0.780982  
1082.000000     	0.781879  
1083.000000     	0.782648  
1084.000000     	0.783801  
1085.000000     	0.784826  
1086.000000     	0.785467  
1087.000000     	0.786108  
1088.000000     	0.786492  
1089.000000     	0.787133  
1090.000000     	0.787518  
1091.000000     	0.788415  
1092.000000     	0.789055  
1093.000000     	0.789696  
1094.000000     	0.790465  
1095.000000     	0.790978  
1096.000000     	0.791106  
1097.000000     	0.792131  
1098.000000     	0.792772  
1099.000000     	0.793413  
1100.000000     	0.794310  
1101.000000     	0.794823  
1102.000000     	0.795591  
1103.000000     	0.796104  
1104.000000     	0.796873  
1105.000000     	0.797514  
1106.000000     	0.798026  
1107.000000     	0.798667  
1108.000000     	0.799180  
1109.000000     	0.799949  
1110.000000     	0.800461  
1111.000000     	0.800974  
1112.000000     	0.801743  
1113.000000     	0.802512  
1114.000000     	0.803024  
1115.000000     	0.803281  
1116.000000     	0.804050  
1117.000000     	0.804947  
1118.000000     	0.805459  
1119.000000     	0.806613  
1120.000000     	0.807382  
1121.000000     	0.808279  
1122.000000     	0.808663  
1123.000000     	0.809176  
1124.000000     	0.809689  
1125.000000     	0.809817  
1126.000000     	0.810842  
1127.000000     	0.811226  
1128.000000     	0.811739  
1129.000000     	0.812508  
1130.000000     	0.813021  
1131.000000     	0.814430  
1132.000000     	0.815199  
1133.000000     	0.815712  
1134.000000     	0.816737  
1136.000000     	0.816993  
1137.000000     	0.817378  
1138.000000     	0.818659  
1139.000000     	0.819172  
1140.000000     	0.819428  
1141.000000     	0.820069  
1142.000000     	0.821094  
1143.000000     	0.821607  
1144.000000     	0.822248  
1145.000000     	0.823017  
1146.000000     	0.823529  
1147.000000     	0.824042  
1148.000000     	0.824811  
1149.000000     	0.825324  
1150.000000     	0.825836  
1151.000000     	0.826349  
1152.000000     	0.827118  
1153.000000     	0.827887  
1154.000000     	0.828527  
1155.000000     	0.829168  
1156.000000     	0.829681  
1157.000000     	0.830322  
1158.000000     	0.830578  
1159.000000     	0.831091  
1160.000000     	0.831475  
1161.000000     	0.831988  
1162.000000     	0.832628  
1163.000000     	0.832885  
1164.000000     	0.833269  
1165.000000     	0.833782  
1166.000000     	0.834166  
1167.000000     	0.834935  
1168.000000     	0.835063  
1169.000000     	0.835961  
1170.000000     	0.836729  
1171.000000     	0.837370  
1172.000000     	0.837498  
1173.000000     	0.838139  
1174.000000     	0.839036  
1175.000000     	0.839805  
1176.000000     	0.840062  
1177.000000     	0.840574  
1178.000000     	0.840959  
1179.000000     	0.841087  
1180.000000     	0.841471  
1181.000000     	0.841984  
1182.000000     	0.842368  
1183.000000     	0.842881  
1184.000000     	0.843265  
1185.000000     	0.843906  
1186.000000     	0.844419  
1187.000000     	0.844675  
1188.000000     	0.845316  
1189.000000     	0.845572  
1190.000000     	0.845700  
1191.000000     	0.846085  
1192.000000     	0.846469  
1193.000000     	0.846726  
1194.000000     	0.847110  
1195.000000     	0.847495  
1196.000000     	0.847751  
1197.000000     	0.848263  
1198.000000     	0.848904  
1199.000000     	0.849417  
1200.000000     	0.849673  
1201.000000     	0.849930  
1202.000000     	0.850314  
1203.000000     	0.850698  
1204.000000     	0.851467  
1205.000000     	0.851724  
1207.000000     	0.852364  
1208.000000     	0.853005  
1210.000000     	0.853390  
1211.000000     	0.853646  
1212.000000     	0.854415  
1213.000000     	0.854671  
1214.000000     	0.855312  
1215.000000     	0.855953  
1216.000000     	0.856722  
1217.000000     	0.856978  
1218.000000     	0.857234  
1219.000000     	0.857491  
1220.000000     	0.858003  
1221.000000     	0.858388  
1222.000000     	0.858516  
1223.000000     	0.859029  
1225.000000     	0.859541  
1226.000000     	0.859798  
1227.000000     	0.860054  
1228.000000     	0.860310  
1230.000000     	0.861207  
1232.000000     	0.861848  
1233.000000     	0.862745  
1234.000000     	0.862873  
1235.000000     	0.863386  
1237.000000     	0.863899  
1239.000000     	0.864155  
1240.000000     	0.864283  
1241.000000     	0.864411  
1242.000000     	0.864667  
1243.000000     	0.864796  
1244.000000     	0.865052  
1246.000000     	0.865436  
1247.000000     	0.865693  
1248.000000     	0.865949  
1249.000000     	0.866205  
1250.000000     	0.866462  
1251.000000     	0.866718  
1252.000000     	0.866974  
1253.000000     	0.867487  
1254.000000     	0.867615  
1255.000000     	0.867871  
1256.000000     	0.868512  
1257.000000     	0.869025  
1258.000000     	0.869281  
1259.000000     	0.869537  
1260.000000     	0.869922  
1261.000000     	0.870178  
1262.000000     	0.870434  
1263.000000     	0.870563  
1264.000000     	0.870947  
1265.000000     	0.871075  
1266.000000     	0.871460  
1267.000000     	0.871844  
1268.000000     	0.871972  
1269.000000     	0.872100  
1270.000000     	0.872613  
1273.000000     	0.872741  
1274.000000     	0.872869  
1275.000000     	0.872998  
1276.000000     	0.873126  
1277.000000     	0.873254  
1278.000000     	0.873638  
1280.000000     	0.874023  
1281.000000     	0.874151  
1282.000000     	0.874279  
1283.000000     	0.874664  
1284.000000     	0.874920  
1286.000000     	0.875048  
1287.000000     	0.875176  
1288.000000     	0.875304  
1289.000000     	0.875433  
1290.000000     	0.875689  
1291.000000     	0.875817  
1293.000000     	0.876201  
1294.000000     	0.876714  
1295.000000     	0.877227  
1296.000000     	0.877355  
1297.000000     	0.877611  
1298.000000     	0.877739  
1299.000000     	0.877996  
1300.000000     	0.878252  
1302.000000     	0.878508  
1303.000000     	0.878636  
1304.000000     	0.878765  
1305.000000     	0.878893  
1306.000000     	0.879021  
1308.000000     	0.879534  
1309.000000     	0.879662  
1310.000000     	0.879790  
1311.000000     	0.880046  
1312.000000     	0.880302  
1313.000000     	0.880431  
1315.000000     	0.880559  
1318.000000     	0.881071  
1319.000000     	0.881200  
1321.000000     	0.881328  
1322.000000     	0.881456  
1323.000000     	0.881712  
1325.000000     	0.881968  
1326.000000     	0.882737  
1327.000000     	0.882866  
1328.000000     	0.882994  
1330.000000     	0.883506  
1331.000000     	0.883891  
1338.000000     	0.884147  
1339.000000     	0.884403  
1341.000000     	0.884532  
1342.000000     	0.884916  
1344.000000     	0.885172  
1345.000000     	0.885301  
1347.000000     	0.885557  
1348.000000     	0.885813  
1349.000000     	0.885941  
1350.000000     	0.886198  
1351.000000     	0.886454  
1352.000000     	0.886582  
1354.000000     	0.886710  
1355.000000     	0.887095  
1356.000000     	0.887351  
1357.000000     	0.887479  
1358.000000     	0.887735  
1360.000000     	0.888120  
1361.000000     	0.888248  
1363.000000     	0.888376  
1366.000000     	0.888504  
1367.000000     	0.888633  
1368.000000     	0.888761  
1369.000000     	0.889017  
1370.000000     	0.889145  
1373.000000     	0.889402  
1375.000000     	0.889530  
1377.000000     	0.889786  
1378.000000     	0.889914  
1380.000000     	0.890042  
1381.000000     	0.890170  
1385.000000     	0.890427  
1387.000000     	0.890555  
1389.000000     	0.890683  
1390.000000     	0.890811  
1399.000000     	0.890939  
1400.000000     	0.891068  
1402.000000     	0.891196  
1404.000000     	0.891324  
1405.000000     	0.891452  
1406.000000     	0.891708  
1408.000000     	0.891836  
1411.000000     	0.891965  
1413.000000     	0.892093  
1416.000000     	0.892221  
1417.000000     	0.892477  
1419.000000     	0.892605  
1424.000000     	0.892734  
1425.000000     	0.892862  
1428.000000     	0.892990  
1433.000000     	0.893118  
1439.000000     	0.893246  
1442.000000     	0.893502  
1445.000000     	0.893887  
1448.000000     	0.894015  
1450.000000     	0.894143  
1452.000000     	0.894271  
1454.000000     	0.894656  
1458.000000     	0.894784  
1459.000000     	0.894912  
1460.000000     	0.895169  
1463.000000     	0.895297  
1464.000000     	0.895425  
1466.000000     	0.895553  
1469.000000     	0.895681  
1478.000000     	0.895809  
1480.000000     	0.895937  
1485.000000     	0.896066  
1489.000000     	0.896194  
1491.000000     	0.896322  
1492.000000     	0.896450  
1500.000000     	0.896706  
1501.000000     	0.896835  
1502.000000     	0.896963  
1504.000000     	0.897091  
1507.000000     	0.897219  
1509.000000     	0.897475  
1514.000000     	0.897603  
1518.000000     	0.897732  
1523.000000     	0.897988  
1529.000000     	0.898116  
1532.000000     	0.898244  
1534.000000     	0.898372  
1535.000000     	0.898501  
1536.000000     	0.898629  
1544.000000     	0.898757  
1548.000000     	0.898885  
1549.000000     	0.899013  
1552.000000     	0.899141  
1557.000000     	0.899270  
1561.000000     	0.899398  
1562.000000     	0.899526  
1567.000000     	0.899782  
1568.000000     	0.899910  
1570.000000     	0.900038  
1575.000000     	0.900167  
1576.000000     	0.900295  
1585.000000     	0.900423  
1588.000000     	0.900551  
1609.000000     	0.900807  
1614.000000     	0.900936  
1616.000000     	0.901064  
1630.000000     	0.901192  
1642.000000     	0.901320  
1649.000000     	0.901448  
1651.000000     	0.901704  
1657.000000     	0.901961  
1659.000000     	0.902089  
1661.000000     	0.902217  
1662.000000     	0.902345  
1663.000000     	0.902473  
1669.000000     	0.902602  
1675.000000     	0.902730  
1678.000000     	0.902858  
1685.000000     	0.902986  
1690.000000     	0.903114  
1691.000000     	0.903242  
1695.000000     	0.903370  
1700.000000     	0.903499  
1706.000000     	0.903627  
1708.000000     	0.903755  
1710.000000     	0.903883  
1719.000000     	0.904011  
1743.000000     	0.904139  
1745.000000     	0.904268  
1750.000000     	0.904396  
1752.000000     	0.904524  
1753.000000     	0.904652  
1755.000000     	0.904780  
1778.000000     	0.905037  
1779.000000     	0.905165  
1780.000000     	0.905293  
1785.000000     	0.905421  
1795.000000     	0.905549  
1797.000000     	0.905677  
1805.000000     	0.905805  
1807.000000     	0.905934  
1809.000000     	0.906062  
1811.000000     	0.906190  
1818.000000     	0.906318  
1820.000000     	0.906446  
1822.000000     	0.906574  
1828.000000     	0.906703  
1829.000000     	0.906831  
1833.000000     	0.906959  
1835.000000     	0.907087  
1839.000000     	0.907215  
1842.000000     	0.907343  
1852.000000     	0.907471  
1865.000000     	0.907600  
1873.000000     	0.907728  
1875.000000     	0.907856  
1880.000000     	0.907984  
1887.000000     	0.908112  
1895.000000     	0.908369  
1896.000000     	0.908497  
1900.000000     	0.908625  
1908.000000     	0.908753  
1909.000000     	0.908881  
1918.000000     	0.909138  
1931.000000     	0.909266  
1940.000000     	0.909394  
1947.000000     	0.909522  
1969.000000     	0.909650  
1971.000000     	0.909778  
1973.000000     	0.909906  
1975.000000     	0.910035  
1977.000000     	0.910163  
1986.000000     	0.910291  
1987.000000     	0.910419  
1991.000000     	0.910547  
2006.000000     	0.910675  
2012.000000     	0.910804  
2016.000000     	0.910932  
2035.000000     	0.911060  
2036.000000     	0.911316  
2059.000000     	0.911444  
2060.000000     	0.911572  
2066.000000     	0.911701  
2081.000000     	0.911829  
2087.000000     	0.911957  
2123.000000     	0.912085  
2141.000000     	0.912213  
2147.000000     	0.912341  
2150.000000     	0.912598  
2151.000000     	0.912726  
2156.000000     	0.912854  
2170.000000     	0.912982  
2175.000000     	0.913110  
2180.000000     	0.913238  
2181.000000     	0.913367  
2186.000000     	0.913495  
2196.000000     	0.913623  
2197.000000     	0.913751  
2201.000000     	0.913879  
2206.000000     	0.914007  
2209.000000     	0.914136  
2218.000000     	0.914264  
2250.000000     	0.914392  
2268.000000     	0.914520  
2274.000000     	0.914648  
2285.000000     	0.914776  
2312.000000     	0.914905  
2320.000000     	0.915033  
2337.000000     	0.915289  
2338.000000     	0.915417  
2362.000000     	0.915545  
2375.000000     	0.915673  
2392.000000     	0.915802  
2395.000000     	0.915930  
2400.000000     	0.916058  
2409.000000     	0.916186  
2451.000000     	0.916314  
2452.000000     	0.916571  
2456.000000     	0.916699  
2467.000000     	0.916827  
2479.000000     	0.916955  
2496.000000     	0.917083  
2514.000000     	0.917211  
2523.000000     	0.917339  
2544.000000     	0.917468  
2546.000000     	0.917596  
2567.000000     	0.917724  
2570.000000     	0.917852  
2574.000000     	0.917980  
2598.000000     	0.918108  
2599.000000     	0.918237  
2608.000000     	0.918365  
2618.000000     	0.918493  
2630.000000     	0.918621  
2656.000000     	0.918749  
2684.000000     	0.918877  
2707.000000     	0.919006  
2720.000000     	0.919134  
2722.000000     	0.919262  
2741.000000     	0.919390  
2750.000000     	0.919518  
2769.000000     	0.919646  
2772.000000     	0.919774  
2785.000000     	0.919903  
2802.000000     	0.920031  
2823.000000     	0.920159  
2836.000000     	0.920287  
2843.000000     	0.920415  
2849.000000     	0.920543  
2850.000000     	0.920672  
2859.000000     	0.920800  
2879.000000     	0.920928  
2881.000000     	0.921056  
2897.000000     	0.921184  
2920.000000     	0.921312  
2936.000000     	0.921440  
2956.000000     	0.921569  
2957.000000     	0.921697  
2970.000000     	0.921825  
2993.000000     	0.921953  
3001.000000     	0.922081  
3003.000000     	0.922209  
3011.000000     	0.922338  
3020.000000     	0.922466  
3049.000000     	0.922594  
3092.000000     	0.922722  
3111.000000     	0.922850  
3160.000000     	0.922978  
3197.000000     	0.923106  
3212.000000     	0.923235  
3216.000000     	0.923363  
3218.000000     	0.923491  
3232.000000     	0.923619  
3243.000000     	0.923747  
3262.000000     	0.923875  
3264.000000     	0.924004  
3270.000000     	0.924132  
3277.000000     	0.924260  
3311.000000     	0.924388  
3318.000000     	0.924516  
3338.000000     	0.924644  
3379.000000     	0.924773  
3387.000000     	0.924901  
3388.000000     	0.925029  
3396.000000     	0.925157  
3408.000000     	0.925285  
3452.000000     	0.925413  
3454.000000     	0.925541  
3463.000000     	0.925670  
3471.000000     	0.925798  
3474.000000     	0.926054  
3476.000000     	0.926182  
3480.000000     	0.926310  
3484.000000     	0.926439  
3492.000000     	0.926567  
3506.000000     	0.926695  
3531.000000     	0.926823  
3535.000000     	0.926951  
3542.000000     	0.927079  
3563.000000     	0.927207  
3564.000000     	0.927336  
3569.000000     	0.927464  
3606.000000     	0.927720  
3636.000000     	0.927848  
3638.000000     	0.928105  
3646.000000     	0.928233  
3647.000000     	0.928361  
3676.000000     	0.928489  
3690.000000     	0.928617  
3719.000000     	0.928745  
3725.000000     	0.928874  
3734.000000     	0.929002  
3736.000000     	0.929130  
3793.000000     	0.929258  
3799.000000     	0.929386  
3801.000000     	0.929514  
3802.000000     	0.929642  
3871.000000     	0.929771  
3880.000000     	0.929899  
3884.000000     	0.930027  
3888.000000     	0.930155  
3931.000000     	0.930283  
3965.000000     	0.930411  
3966.000000     	0.930540  
3991.000000     	0.930668  
3996.000000     	0.930796  
3997.000000     	0.930924  
4004.000000     	0.931052  
4043.000000     	0.931180  
4050.000000     	0.931308  
4063.000000     	0.931437  
4076.000000     	0.931565  
4102.000000     	0.931693  
4130.000000     	0.931821  
4152.000000     	0.931949  
4158.000000     	0.932077  
4160.000000     	0.932206  
4177.000000     	0.932334  
4256.000000     	0.932462  
4272.000000     	0.932590  
4275.000000     	0.932718  
4283.000000     	0.932846  
4316.000000     	0.932974  
4355.000000     	0.933103  
4376.000000     	0.933359  
4380.000000     	0.933487  
4393.000000     	0.933615  
4398.000000     	0.933743  
4432.000000     	0.933872  
4455.000000     	0.934000  
4513.000000     	0.934128  
4525.000000     	0.934256  
4532.000000     	0.934384  
4584.000000     	0.934512  
4604.000000     	0.934641  
4628.000000     	0.934769  
4669.000000     	0.934897  
4812.000000     	0.935025  
4864.000000     	0.935153  
4912.000000     	0.935281  
4994.000000     	0.935409  
4998.000000     	0.935538  
5029.000000     	0.935666  
5085.000000     	0.935794  
5100.000000     	0.935922  
5115.000000     	0.936050  
5171.000000     	0.936178  
5181.000000     	0.936307  
5196.000000     	0.936435  
5253.000000     	0.936563  
5290.000000     	0.936691  
5318.000000     	0.936819  
5320.000000     	0.936947  
5359.000000     	0.937075  
5419.000000     	0.937204  
5420.000000     	0.937332  
5509.000000     	0.937460  
5514.000000     	0.937588  
5537.000000     	0.937716  
5542.000000     	0.937844  
5614.000000     	0.937973  
5626.000000     	0.938101  
5702.000000     	0.938229  
5716.000000     	0.938357  
5761.000000     	0.938485  
5880.000000     	0.938613  
5883.000000     	0.938742  
5889.000000     	0.938870  
5914.000000     	0.938998  
5925.000000     	0.939126  
5926.000000     	0.939254  
5944.000000     	0.939382  
5958.000000     	0.939510  
5981.000000     	0.939639  
5988.000000     	0.939767  
6039.000000     	0.939895  
6091.000000     	0.940023  
6096.000000     	0.940151  
6130.000000     	0.940279  
6142.000000     	0.940408  
6259.000000     	0.940536  
6314.000000     	0.940664  
6358.000000     	0.940792  
6410.000000     	0.940920  
6481.000000     	0.941048  
6494.000000     	0.941176  
6495.000000     	0.941305  
6528.000000     	0.941433  
6559.000000     	0.941561  
6578.000000     	0.941689  
6630.000000     	0.941817  
6712.000000     	0.941945  
6760.000000     	0.942074  
6764.000000     	0.942202  
6853.000000     	0.942330  
6945.000000     	0.942458  
7023.000000     	0.942586  
7073.000000     	0.942714  
7145.000000     	0.942842  
7160.000000     	0.942971  
7197.000000     	0.943099  
7229.000000     	0.943227  
7230.000000     	0.943355  
7266.000000     	0.943483  
7286.000000     	0.943611  
7335.000000     	0.943740  
7384.000000     	0.943868  
7472.000000     	0.943996  
7495.000000     	0.944124  
7631.000000     	0.944252  
7682.000000     	0.944380  
7715.000000     	0.944509  
7766.000000     	0.944637  
7980.000000     	0.944765  
8041.000000     	0.944893  
8086.000000     	0.945021  
8210.000000     	0.945149  
8223.000000     	0.945277  
8303.000000     	0.945406  
8431.000000     	0.945534  
8482.000000     	0.945662  
8546.000000     	0.945790  
8616.000000     	0.945918  
8657.000000     	0.946046  
8693.000000     	0.946175  
8741.000000     	0.946303  
8785.000000     	0.946431  
8823.000000     	0.946559  
8879.000000     	0.946687  
8983.000000     	0.946815  
9016.000000     	0.946943  
9030.000000     	0.947072  
9130.000000     	0.947200  
9132.000000     	0.947328  
9172.000000     	0.947456  
9252.000000     	0.947584  
9263.000000     	0.947712  
9306.000000     	0.947841  
9317.000000     	0.947969  
9354.000000     	0.948097  
9403.000000     	0.948225  
9534.000000     	0.948353  
9633.000000     	0.948481  
9670.000000     	0.948610  
9734.000000     	0.948738  
9752.000000     	0.948866  
9760.000000     	0.948994  
9774.000000     	0.949122  
9789.000000     	0.949250  
9794.000000     	0.949378  
9840.000000     	0.949507  
9844.000000     	0.949635  
9865.000000     	0.949763  
9894.000000     	0.949891  
9914.000000     	0.950019  
9975.000000     	0.950147  
9999.000000     	0.950276  
10072.000000    	0.950404  
10105.000000    	0.950532  
10122.000000    	0.950660  
10161.000000    	0.950788  
10187.000000    	0.950916  
10221.000000    	0.951044  
10265.000000    	0.951173  
10328.000000    	0.951301  
10349.000000    	0.951429  
10461.000000    	0.951557  
10463.000000    	0.951685  
10605.000000    	0.951813  
10614.000000    	0.951942  
10755.000000    	0.952070  
10792.000000    	0.952198  
10805.000000    	0.952454  
10829.000000    	0.952582  
10833.000000    	0.952710  
10834.000000    	0.952839  
10861.000000    	0.952967  
10896.000000    	0.953095  
10924.000000    	0.953223  
10926.000000    	0.953351  
10978.000000    	0.953479  
10999.000000    	0.953608  
11034.000000    	0.953736  
11058.000000    	0.953864  
11104.000000    	0.953992  
11137.000000    	0.954120  
11260.000000    	0.954248  
11262.000000    	0.954377  
11286.000000    	0.954505  
11375.000000    	0.954633  
11388.000000    	0.954761  
11489.000000    	0.954889  
11505.000000    	0.955017  
11524.000000    	0.955145  
11525.000000    	0.955274  
11535.000000    	0.955402  
11555.000000    	0.955530  
11566.000000    	0.955658  
11600.000000    	0.955786  
11603.000000    	0.955914  
11631.000000    	0.956043  
11706.000000    	0.956171  
11731.000000    	0.956299  
11778.000000    	0.956427  
11786.000000    	0.956555  
11795.000000    	0.956683  
11806.000000    	0.956811  
11879.000000    	0.957068  
11887.000000    	0.957196  
11931.000000    	0.957324  
11939.000000    	0.957452  
11952.000000    	0.957580  
12006.000000    	0.957709  
12101.000000    	0.957837  
12157.000000    	0.957965  
12216.000000    	0.958093  
12218.000000    	0.958221  
12224.000000    	0.958349  
12230.000000    	0.958478  
12243.000000    	0.958606  
12295.000000    	0.958734  
12311.000000    	0.958862  
12317.000000    	0.958990  
12331.000000    	0.959118  
12357.000000    	0.959246  
12443.000000    	0.959375  
12455.000000    	0.959503  
12464.000000    	0.959631  
12489.000000    	0.959759  
12498.000000    	0.959887  
12533.000000    	0.960015  
12581.000000    	0.960144  
12728.000000    	0.960272  
12735.000000    	0.960400  
12745.000000    	0.960528  
12751.000000    	0.960656  
12820.000000    	0.960784  
12832.000000    	0.960912  
12917.000000    	0.961041  
12982.000000    	0.961169  
13019.000000    	0.961297  
13051.000000    	0.961425  
13087.000000    	0.961553  
13118.000000    	0.961681  
13199.000000    	0.961810  
13202.000000    	0.961938  
13270.000000    	0.962066  
13274.000000    	0.962194  
13291.000000    	0.962322  
13303.000000    	0.962450  
13360.000000    	0.962578  
13380.000000    	0.962707  
13382.000000    	0.962835  
13389.000000    	0.962963  
13390.000000    	0.963091  
13417.000000    	0.963219  
13418.000000    	0.963347  
13488.000000    	0.963476  
13543.000000    	0.963604  
13546.000000    	0.963732  
13547.000000    	0.963860  
13550.000000    	0.963988  
13588.000000    	0.964116  
13605.000000    	0.964245  
13651.000000    	0.964373  
13657.000000    	0.964501  
13739.000000    	0.964629  
13797.000000    	0.964757  
13807.000000    	0.964885  
13822.000000    	0.965013  
13832.000000    	0.965142  
13848.000000    	0.965270  
13947.000000    	0.965398  
13971.000000    	0.965526  
14013.000000    	0.965654  
14027.000000    	0.965782  
14067.000000    	0.965911  
14106.000000    	0.966039  
14108.000000    	0.966167  
14141.000000    	0.966295  
14247.000000    	0.966423  
14288.000000    	0.966551  
14331.000000    	0.966679  
14338.000000    	0.966808  
14347.000000    	0.966936  
14380.000000    	0.967064  
14415.000000    	0.967192  
14416.000000    	0.967320  
14429.000000    	0.967577  
14436.000000    	0.967705  
14440.000000    	0.967833  
14564.000000    	0.967961  
14633.000000    	0.968089  
14678.000000    	0.968217  
14730.000000    	0.968346  
14767.000000    	0.968474  
14779.000000    	0.968602  
14815.000000    	0.968730  
14819.000000    	0.968858  
14908.000000    	0.968986  
14947.000000    	0.969114  
15057.000000    	0.969243  
15167.000000    	0.969371  
15227.000000    	0.969499  
15268.000000    	0.969627  
15378.000000    	0.969755  
15383.000000    	0.969883  
15400.000000    	0.970012  
15435.000000    	0.970140  
15443.000000    	0.970268  
15488.000000    	0.970396  
15496.000000    	0.970524  
15511.000000    	0.970652  
15600.000000    	0.970780  
15636.000000    	0.970909  
15645.000000    	0.971037  
15680.000000    	0.971165  
15759.000000    	0.971293  
15768.000000    	0.971421  
15780.000000    	0.971549  
15781.000000    	0.971678  
15784.000000    	0.971806  
15786.000000    	0.971934  
15837.000000    	0.972062  
15844.000000    	0.972190  
15895.000000    	0.972318  
15919.000000    	0.972446  
15925.000000    	0.972575  
15926.000000    	0.972703  
16030.000000    	0.972831  
16058.000000    	0.972959  
16264.000000    	0.973087  
16293.000000    	0.973215  
16337.000000    	0.973344  
16339.000000    	0.973472  
16367.000000    	0.973600  
16412.000000    	0.973728  
16575.000000    	0.973856  
16724.000000    	0.973984  
16732.000000    	0.974113  
16755.000000    	0.974241  
16760.000000    	0.974369  
16764.000000    	0.974497  
16793.000000    	0.974625  
16840.000000    	0.974753  
16852.000000    	0.975010  
16888.000000    	0.975138  
17005.000000    	0.975266  
17016.000000    	0.975394  
17039.000000    	0.975522  
17121.000000    	0.975650  
17131.000000    	0.975779  
17145.000000    	0.975907  
17252.000000    	0.976035  
17342.000000    	0.976163  
17364.000000    	0.976291  
17698.000000    	0.976419  
17874.000000    	0.976547  
17980.000000    	0.976676  
17995.000000    	0.976804  
18092.000000    	0.976932  
18176.000000    	0.977060  
18200.000000    	0.977188  
18202.000000    	0.977316  
18234.000000    	0.977445  
18261.000000    	0.977573  
18341.000000    	0.977701  
18351.000000    	0.977829  
18423.000000    	0.977957  
18438.000000    	0.978085  
18471.000000    	0.978214  
18482.000000    	0.978342  
18579.000000    	0.978470  
18632.000000    	0.978598  
18640.000000    	0.978726  
18693.000000    	0.978854  
18726.000000    	0.978982  
18933.000000    	0.979111  
18967.000000    	0.979239  
18983.000000    	0.979367  
18988.000000    	0.979495  
19070.000000    	0.979623  
19130.000000    	0.979751  
19193.000000    	0.979880  
19259.000000    	0.980008  
19269.000000    	0.980136  
19314.000000    	0.980264  
19358.000000    	0.980392  
19368.000000    	0.980520  
19394.000000    	0.980648  
19485.000000    	0.980777  
19490.000000    	0.980905  
19541.000000    	0.981033  
19666.000000    	0.981161  
19815.000000    	0.981289  
19889.000000    	0.981417  
19891.000000    	0.981546  
19921.000000    	0.981674  
20073.000000    	0.981802  
20329.000000    	0.981930  
20342.000000    	0.982058  
20465.000000    	0.982186  
20544.000000    	0.982314  
21234.000000    	0.982443  
21803.000000    	0.982571  
21914.000000    	0.982699  
21958.000000    	0.982827  
22468.000000    	0.982955  
22590.000000    	0.983083  
23072.000000    	0.983212  
23480.000000    	0.983340  
23589.000000    	0.983468  
23672.000000    	0.983596  
23690.000000    	0.983724  
23715.000000    	0.983852  
23775.000000    	0.983981  
23877.000000    	0.984109  
23971.000000    	0.984237  
23979.000000    	0.984365  
24096.000000    	0.984493  
24128.000000    	0.984621  
24143.000000    	0.984749  
24144.000000    	0.984878  
24155.000000    	0.985006  
24170.000000    	0.985134  
24173.000000    	0.985262  
24178.000000    	0.985518  
24184.000000    	0.985647  
24196.000000    	0.985775  
24204.000000    	0.985903  
24222.000000    	0.986031  
24336.000000    	0.986159  
24368.000000    	0.986287  
24497.000000    	0.986415  
24618.000000    	0.986544  
24872.000000    	0.986672  
24911.000000    	0.986800  
24944.000000    	0.986928  
24951.000000    	0.987056  
25014.000000    	0.987184  
25304.000000    	0.987313  
25357.000000    	0.987441  
25721.000000    	0.987569  
25871.000000    	0.987697  
25902.000000    	0.987825  
25972.000000    	0.987953  
26000.000000    	0.988082  
26123.000000    	0.988210  
26169.000000    	0.988338  
26478.000000    	0.988466  
26507.000000    	0.988594  
26682.000000    	0.988722  
27183.000000    	0.988850  
27333.000000    	0.988979  
27570.000000    	0.989107  
27915.000000    	0.989235  
28235.000000    	0.989363  
28312.000000    	0.989491  
28412.000000    	0.989619  
28463.000000    	0.989748  
28625.000000    	0.989876  
28931.000000    	0.990004  
29107.000000    	0.990132  
29254.000000    	0.990260  
29393.000000    	0.990388  
29436.000000    	0.990516  
29808.000000    	0.990645  
30110.000000    	0.990773  
30369.000000    	0.990901  
30666.000000    	0.991029  
30743.000000    	0.991157  
30928.000000    	0.991285  
31093.000000    	0.991414  
31103.000000    	0.991542  
31378.000000    	0.991670  
31436.000000    	0.991798  
31510.000000    	0.991926  
32049.000000    	0.992054  
32464.000000    	0.992182  
32502.000000    	0.992311  
33025.000000    	0.992439  
33522.000000    	0.992567  
34209.000000    	0.992695  
34647.000000    	0.992823  
35964.000000    	0.992951  
36012.000000    	0.993080  
37066.000000    	0.993208  
37472.000000    	0.993336  
38027.000000    	0.993464  
38168.000000    	0.993592  
38251.000000    	0.993720  
38376.000000    	0.993849  
38428.000000    	0.993977  
38442.000000    	0.994105  
38600.000000    	0.994233  
38681.000000    	0.994361  
38893.000000    	0.994489  
38922.000000    	0.994617  
38956.000000    	0.994746  
39260.000000    	0.994874  
39335.000000    	0.995002  
40129.000000    	0.995130  
40183.000000    	0.995258  
40369.000000    	0.995386  
40429.000000    	0.995515  
40865.000000    	0.995643  
41723.000000    	0.995771  
43159.000000    	0.995899  
43639.000000    	0.996027  
43987.000000    	0.996155  
44176.000000    	0.996283  
44253.000000    	0.996412  
44292.000000    	0.996540  
44635.000000    	0.996668  
44713.000000    	0.996796  
44950.000000    	0.996924  
45700.000000    	0.997052  
46717.000000    	0.997181  
46738.000000    	0.997309  
46834.000000    	0.997437  
47238.000000    	0.997565  
47686.000000    	0.997693  
47712.000000    	0.997821  
47947.000000    	0.997950  
47965.000000    	0.998078  
48012.000000    	0.998206  
49055.000000    	0.998334  
49057.000000    	0.998462  
49600.000000    	0.998590  
50790.000000    	0.998718  
51067.000000    	0.998847  
51471.000000    	0.998975  
52247.000000    	0.999103  
52967.000000    	0.999231  
53131.000000    	0.999359  
53351.000000    	0.999487  
53458.000000    	0.999616  
53593.000000    	0.999744  
54625.000000    	0.999872  
55942.000000    	1.000000  
55942.000000    	1.000000  
