17.000000       	0.000128  
28.000000       	0.000256  
33.000000       	0.000384  
35.000000       	0.000513  
38.000000       	0.000769  
40.000000       	0.000897  
41.000000       	0.001153  
42.000000       	0.001794  
43.000000       	0.002050  
45.000000       	0.002307  
47.000000       	0.002563  
48.000000       	0.002948  
49.000000       	0.003460  
50.000000       	0.003973  
51.000000       	0.004485  
52.000000       	0.005126  
53.000000       	0.005767  
54.000000       	0.007305  
55.000000       	0.008330  
56.000000       	0.009868  
57.000000       	0.010637  
58.000000       	0.011150  
59.000000       	0.011662  
60.000000       	0.012431  
61.000000       	0.013072  
62.000000       	0.013585  
63.000000       	0.013969  
64.000000       	0.014482  
65.000000       	0.015635  
66.000000       	0.016276  
67.000000       	0.017045  
68.000000       	0.017557  
69.000000       	0.018583  
70.000000       	0.019223  
71.000000       	0.020633  
72.000000       	0.021530  
73.000000       	0.022684  
74.000000       	0.023581  
75.000000       	0.024862  
76.000000       	0.025631  
77.000000       	0.027169  
78.000000       	0.028835  
79.000000       	0.030117  
80.000000       	0.031142  
81.000000       	0.032552  
82.000000       	0.034602  
83.000000       	0.037422  
84.000000       	0.039728  
85.000000       	0.041907  
86.000000       	0.045495  
87.000000       	0.048187  
88.000000       	0.051775  
89.000000       	0.054466  
90.000000       	0.058824  
91.000000       	0.062540  
92.000000       	0.065103  
93.000000       	0.067410  
94.000000       	0.070101  
95.000000       	0.072536  
96.000000       	0.074843  
97.000000       	0.076637  
98.000000       	0.078944  
99.000000       	0.079841  
100.000000      	0.081251  
101.000000      	0.082789  
102.000000      	0.083686  
103.000000      	0.085864  
104.000000      	0.086890  
105.000000      	0.088171  
106.000000      	0.089068  
107.000000      	0.090734  
108.000000      	0.091888  
109.000000      	0.092785  
110.000000      	0.093810  
111.000000      	0.094707  
112.000000      	0.096373  
113.000000      	0.097270  
114.000000      	0.098424  
115.000000      	0.099193  
117.000000      	0.100090  
118.000000      	0.100602  
119.000000      	0.101115  
120.000000      	0.101628  
121.000000      	0.102012  
122.000000      	0.102268  
123.000000      	0.103550  
124.000000      	0.104191  
125.000000      	0.104575  
126.000000      	0.104703  
127.000000      	0.105088  
128.000000      	0.105600  
129.000000      	0.105985  
130.000000      	0.106241  
131.000000      	0.106369  
132.000000      	0.106754  
133.000000      	0.107138  
134.000000      	0.107395  
136.000000      	0.107779  
137.000000      	0.108420  
138.000000      	0.108676  
140.000000      	0.108932  
141.000000      	0.109317  
142.000000      	0.109445  
143.000000      	0.109830  
144.000000      	0.109958  
145.000000      	0.111111  
146.000000      	0.111239  
147.000000      	0.111880  
148.000000      	0.112265  
150.000000      	0.112777  
151.000000      	0.112905  
152.000000      	0.113162  
153.000000      	0.113290  
154.000000      	0.113418  
155.000000      	0.113674  
156.000000      	0.114059  
157.000000      	0.114315  
158.000000      	0.114828  
159.000000      	0.115084  
160.000000      	0.115212  
161.000000      	0.115597  
162.000000      	0.115853  
163.000000      	0.116366  
164.000000      	0.116494  
165.000000      	0.116878  
166.000000      	0.117519  
167.000000      	0.117775  
168.000000      	0.118288  
169.000000      	0.118929  
170.000000      	0.119185  
171.000000      	0.119698  
172.000000      	0.120723  
173.000000      	0.121235  
174.000000      	0.121876  
175.000000      	0.122389  
176.000000      	0.123286  
177.000000      	0.124055  
178.000000      	0.124567  
179.000000      	0.125208  
180.000000      	0.126233  
181.000000      	0.126618  
182.000000      	0.127387  
183.000000      	0.129053  
184.000000      	0.129437  
185.000000      	0.129694  
186.000000      	0.130206  
187.000000      	0.131103  
188.000000      	0.131744  
189.000000      	0.132001  
190.000000      	0.132641  
191.000000      	0.133026  
192.000000      	0.133795  
193.000000      	0.134179  
194.000000      	0.134435  
195.000000      	0.134948  
196.000000      	0.135204  
198.000000      	0.135589  
199.000000      	0.136101  
201.000000      	0.136230  
202.000000      	0.136486  
203.000000      	0.136870  
204.000000      	0.137255  
205.000000      	0.137383  
207.000000      	0.137511  
208.000000      	0.137639  
209.000000      	0.138024  
210.000000      	0.138408  
211.000000      	0.138536  
214.000000      	0.138793  
215.000000      	0.138921  
219.000000      	0.139049  
220.000000      	0.139177  
221.000000      	0.139305  
222.000000      	0.139434  
223.000000      	0.139562  
224.000000      	0.139690  
225.000000      	0.139946  
227.000000      	0.140202  
228.000000      	0.140331  
229.000000      	0.140587  
230.000000      	0.140843  
231.000000      	0.140971  
232.000000      	0.141100  
234.000000      	0.141228  
235.000000      	0.141484  
236.000000      	0.141612  
239.000000      	0.141997  
240.000000      	0.142125  
241.000000      	0.142381  
243.000000      	0.142637  
244.000000      	0.143022  
246.000000      	0.143535  
247.000000      	0.143663  
248.000000      	0.143791  
249.000000      	0.143919  
251.000000      	0.144047  
252.000000      	0.144175  
254.000000      	0.144303  
257.000000      	0.144432  
258.000000      	0.144560  
259.000000      	0.144688  
261.000000      	0.144816  
262.000000      	0.145072  
263.000000      	0.145329  
264.000000      	0.145457  
266.000000      	0.145585  
267.000000      	0.145713  
268.000000      	0.145841  
273.000000      	0.145969  
274.000000      	0.146098  
275.000000      	0.146226  
281.000000      	0.146482  
282.000000      	0.146610  
288.000000      	0.146738  
289.000000      	0.146995  
291.000000      	0.147123  
293.000000      	0.147251  
294.000000      	0.147379  
296.000000      	0.147636  
298.000000      	0.147764  
301.000000      	0.148020  
302.000000      	0.148404  
303.000000      	0.148533  
304.000000      	0.148661  
305.000000      	0.148789  
307.000000      	0.149173  
308.000000      	0.149302  
311.000000      	0.149558  
313.000000      	0.149686  
315.000000      	0.149814  
317.000000      	0.150199  
321.000000      	0.150455  
322.000000      	0.150583  
323.000000      	0.150839  
324.000000      	0.151224  
325.000000      	0.151352  
327.000000      	0.151480  
330.000000      	0.151608  
331.000000      	0.151737  
332.000000      	0.151865  
333.000000      	0.152121  
335.000000      	0.152249  
336.000000      	0.152890  
338.000000      	0.153018  
339.000000      	0.153274  
340.000000      	0.153787  
341.000000      	0.154043  
343.000000      	0.154428  
345.000000      	0.154556  
346.000000      	0.154684  
347.000000      	0.154812  
349.000000      	0.155069  
353.000000      	0.155197  
354.000000      	0.155325  
355.000000      	0.155581  
357.000000      	0.155709  
358.000000      	0.155837  
359.000000      	0.155966  
362.000000      	0.156350  
364.000000      	0.156735  
366.000000      	0.156863  
367.000000      	0.156991  
369.000000      	0.157119  
370.000000      	0.157247  
371.000000      	0.157375  
372.000000      	0.157760  
375.000000      	0.157888  
377.000000      	0.158016  
378.000000      	0.158144  
379.000000      	0.158272  
380.000000      	0.158657  
382.000000      	0.159170  
383.000000      	0.159298  
385.000000      	0.159554  
387.000000      	0.159810  
388.000000      	0.160067  
389.000000      	0.160323  
390.000000      	0.160451  
391.000000      	0.160579  
392.000000      	0.160707  
395.000000      	0.160836  
396.000000      	0.160964  
397.000000      	0.161092  
398.000000      	0.161348  
400.000000      	0.161733  
405.000000      	0.161989  
406.000000      	0.162117  
408.000000      	0.162245  
410.000000      	0.162373  
411.000000      	0.162502  
414.000000      	0.162758  
416.000000      	0.162886  
418.000000      	0.163142  
419.000000      	0.163271  
420.000000      	0.163399  
422.000000      	0.163655  
424.000000      	0.163783  
426.000000      	0.163911  
427.000000      	0.164039  
430.000000      	0.164168  
431.000000      	0.164424  
432.000000      	0.164552  
434.000000      	0.164937  
435.000000      	0.165065  
436.000000      	0.165321  
437.000000      	0.165449  
439.000000      	0.165577  
441.000000      	0.165834  
444.000000      	0.165962  
445.000000      	0.166218  
446.000000      	0.166346  
447.000000      	0.166474  
448.000000      	0.166731  
449.000000      	0.167115  
451.000000      	0.167243  
452.000000      	0.167500  
454.000000      	0.167756  
455.000000      	0.167884  
458.000000      	0.168012  
459.000000      	0.168397  
460.000000      	0.168525  
462.000000      	0.168653  
464.000000      	0.168909  
465.000000      	0.169038  
466.000000      	0.169294  
471.000000      	0.169678  
473.000000      	0.169806  
474.000000      	0.170063  
475.000000      	0.170447  
477.000000      	0.170575  
478.000000      	0.171088  
480.000000      	0.171344  
481.000000      	0.171601  
483.000000      	0.171729  
484.000000      	0.171857  
485.000000      	0.171985  
487.000000      	0.172113  
488.000000      	0.172370  
490.000000      	0.172626  
491.000000      	0.172754  
493.000000      	0.172882  
494.000000      	0.173139  
495.000000      	0.173395  
497.000000      	0.173651  
498.000000      	0.173779  
499.000000      	0.174420  
500.000000      	0.174933  
501.000000      	0.175061  
502.000000      	0.175445  
503.000000      	0.175830  
504.000000      	0.176086  
505.000000      	0.176471  
506.000000      	0.176983  
507.000000      	0.177240  
508.000000      	0.177752  
509.000000      	0.178008  
510.000000      	0.178265  
511.000000      	0.178521  
512.000000      	0.178777  
513.000000      	0.179034  
515.000000      	0.179418  
516.000000      	0.179674  
517.000000      	0.180187  
519.000000      	0.180315  
520.000000      	0.180443  
521.000000      	0.181084  
522.000000      	0.181469  
523.000000      	0.182109  
524.000000      	0.182494  
525.000000      	0.182622  
526.000000      	0.183135  
527.000000      	0.183775  
528.000000      	0.184288  
529.000000      	0.184416  
530.000000      	0.184801  
531.000000      	0.185185  
532.000000      	0.185441  
533.000000      	0.186082  
534.000000      	0.186851  
535.000000      	0.187108  
536.000000      	0.187492  
537.000000      	0.187620  
538.000000      	0.188261  
539.000000      	0.189030  
540.000000      	0.189542  
541.000000      	0.189671  
542.000000      	0.190311  
543.000000      	0.190952  
544.000000      	0.191721  
545.000000      	0.191849  
546.000000      	0.191977  
547.000000      	0.192618  
548.000000      	0.193259  
549.000000      	0.194156  
550.000000      	0.194669  
551.000000      	0.195309  
552.000000      	0.195694  
553.000000      	0.196078  
554.000000      	0.196847  
555.000000      	0.197488  
556.000000      	0.197873  
557.000000      	0.198129  
558.000000      	0.198385  
559.000000      	0.198770  
560.000000      	0.199282  
561.000000      	0.200308  
562.000000      	0.201077  
563.000000      	0.202614  
564.000000      	0.202871  
565.000000      	0.203383  
566.000000      	0.203896  
567.000000      	0.204537  
568.000000      	0.204921  
569.000000      	0.205818  
570.000000      	0.206203  
571.000000      	0.206844  
572.000000      	0.207612  
573.000000      	0.207997  
574.000000      	0.208510  
575.000000      	0.209022  
576.000000      	0.209919  
577.000000      	0.211201  
578.000000      	0.211713  
579.000000      	0.212226  
580.000000      	0.212739  
581.000000      	0.213764  
582.000000      	0.214789  
583.000000      	0.214917  
584.000000      	0.216071  
585.000000      	0.216327  
586.000000      	0.217609  
587.000000      	0.217993  
588.000000      	0.218249  
589.000000      	0.219403  
590.000000      	0.219787  
591.000000      	0.220044  
593.000000      	0.220172  
594.000000      	0.221069  
595.000000      	0.221838  
596.000000      	0.221966  
597.000000      	0.222479  
598.000000      	0.222735  
599.000000      	0.222991  
600.000000      	0.224145  
601.000000      	0.224529  
602.000000      	0.225426  
603.000000      	0.225939  
604.000000      	0.226580  
605.000000      	0.226708  
606.000000      	0.227348  
608.000000      	0.227605  
609.000000      	0.227733  
610.000000      	0.228117  
611.000000      	0.228886  
612.000000      	0.229655  
613.000000      	0.230168  
614.000000      	0.231065  
615.000000      	0.231578  
616.000000      	0.232090  
617.000000      	0.232731  
618.000000      	0.233884  
619.000000      	0.234397  
620.000000      	0.235166  
621.000000      	0.235935  
622.000000      	0.236191  
623.000000      	0.237216  
624.000000      	0.237601  
625.000000      	0.237729  
626.000000      	0.238114  
627.000000      	0.238370  
628.000000      	0.238754  
629.000000      	0.239011  
630.000000      	0.239395  
631.000000      	0.239908  
632.000000      	0.240677  
633.000000      	0.240933  
634.000000      	0.241317  
635.000000      	0.242086  
636.000000      	0.242855  
637.000000      	0.243240  
638.000000      	0.243881  
639.000000      	0.244393  
641.000000      	0.244521  
642.000000      	0.245162  
643.000000      	0.245803  
644.000000      	0.246316  
645.000000      	0.246828  
646.000000      	0.247213  
647.000000      	0.247597  
648.000000      	0.247982  
649.000000      	0.248110  
650.000000      	0.248238  
651.000000      	0.248750  
652.000000      	0.249007  
653.000000      	0.249648  
654.000000      	0.250288  
655.000000      	0.250673  
656.000000      	0.250801  
657.000000      	0.251185  
658.000000      	0.251442  
659.000000      	0.251826  
660.000000      	0.252211  
661.000000      	0.252595  
662.000000      	0.252980  
663.000000      	0.253108  
664.000000      	0.253364  
665.000000      	0.253492  
666.000000      	0.253877  
667.000000      	0.254261  
668.000000      	0.254646  
669.000000      	0.254774  
670.000000      	0.255286  
671.000000      	0.255543  
672.000000      	0.255671  
674.000000      	0.255927  
676.000000      	0.256440  
677.000000      	0.256696  
678.000000      	0.257081  
679.000000      	0.257721  
680.000000      	0.257850  
681.000000      	0.258234  
682.000000      	0.258618  
683.000000      	0.258875  
685.000000      	0.259003  
687.000000      	0.259259  
688.000000      	0.259644  
690.000000      	0.260028  
691.000000      	0.260156  
692.000000      	0.260797  
694.000000      	0.261053  
695.000000      	0.261566  
696.000000      	0.261822  
697.000000      	0.262079  
698.000000      	0.262463  
699.000000      	0.262719  
700.000000      	0.263104  
701.000000      	0.263232  
702.000000      	0.263488  
703.000000      	0.264001  
704.000000      	0.264257  
707.000000      	0.264385  
708.000000      	0.264642  
709.000000      	0.264770  
710.000000      	0.265026  
712.000000      	0.265283  
713.000000      	0.265411  
714.000000      	0.265539  
716.000000      	0.265667  
718.000000      	0.265795  
719.000000      	0.265923  
720.000000      	0.266052  
722.000000      	0.266180  
723.000000      	0.266436  
724.000000      	0.266564  
727.000000      	0.266820  
728.000000      	0.267205  
729.000000      	0.267718  
730.000000      	0.268230  
733.000000      	0.268358  
734.000000      	0.268615  
735.000000      	0.268743  
737.000000      	0.268871  
741.000000      	0.268999  
742.000000      	0.269255  
744.000000      	0.269512  
745.000000      	0.269768  
746.000000      	0.270024  
747.000000      	0.270153  
748.000000      	0.270281  
750.000000      	0.270537  
751.000000      	0.270793  
755.000000      	0.270921  
756.000000      	0.271050  
758.000000      	0.271178  
759.000000      	0.271306  
760.000000      	0.271434  
761.000000      	0.271819  
762.000000      	0.271947  
763.000000      	0.272075  
764.000000      	0.272331  
765.000000      	0.272459  
766.000000      	0.272587  
769.000000      	0.272716  
773.000000      	0.272844  
774.000000      	0.273100  
775.000000      	0.273485  
777.000000      	0.273613  
779.000000      	0.273997  
780.000000      	0.274253  
782.000000      	0.274510  
783.000000      	0.274638  
786.000000      	0.274766  
787.000000      	0.274894  
788.000000      	0.275022  
792.000000      	0.275279  
795.000000      	0.275407  
796.000000      	0.275791  
797.000000      	0.276176  
798.000000      	0.276432  
799.000000      	0.276688  
800.000000      	0.277073  
801.000000      	0.277329  
802.000000      	0.277714  
803.000000      	0.277842  
805.000000      	0.278098  
806.000000      	0.278483  
807.000000      	0.278611  
808.000000      	0.278739  
809.000000      	0.278995  
810.000000      	0.279123  
811.000000      	0.279380  
812.000000      	0.279636  
814.000000      	0.279892  
815.000000      	0.280149  
817.000000      	0.280405  
818.000000      	0.280661  
819.000000      	0.280789  
820.000000      	0.281302  
821.000000      	0.281430  
822.000000      	0.281687  
823.000000      	0.282327  
825.000000      	0.282584  
826.000000      	0.282712  
827.000000      	0.282968  
829.000000      	0.283353  
830.000000      	0.283737  
832.000000      	0.283993  
833.000000      	0.284121  
835.000000      	0.284250  
836.000000      	0.284378  
837.000000      	0.284634  
839.000000      	0.284762  
840.000000      	0.285147  
841.000000      	0.285275  
842.000000      	0.285531  
843.000000      	0.286172  
844.000000      	0.286685  
845.000000      	0.287069  
846.000000      	0.287454  
847.000000      	0.287838  
848.000000      	0.288222  
849.000000      	0.288607  
850.000000      	0.288863  
851.000000      	0.288991  
852.000000      	0.289376  
854.000000      	0.289504  
855.000000      	0.290145  
856.000000      	0.290273  
858.000000      	0.290657  
859.000000      	0.290786  
861.000000      	0.291426  
862.000000      	0.291939  
863.000000      	0.292323  
864.000000      	0.292580  
865.000000      	0.292964  
866.000000      	0.293349  
867.000000      	0.293605  
868.000000      	0.294246  
869.000000      	0.294630  
870.000000      	0.294887  
871.000000      	0.295271  
872.000000      	0.295656  
873.000000      	0.295784  
874.000000      	0.295912  
875.000000      	0.296040  
876.000000      	0.296424  
878.000000      	0.296681  
879.000000      	0.296809  
880.000000      	0.297193  
881.000000      	0.297706  
882.000000      	0.297834  
883.000000      	0.298475  
884.000000      	0.298731  
885.000000      	0.298859  
886.000000      	0.298988  
887.000000      	0.299372  
888.000000      	0.299757  
889.000000      	0.300141  
890.000000      	0.300269  
891.000000      	0.300782  
892.000000      	0.300910  
894.000000      	0.301166  
896.000000      	0.301679  
897.000000      	0.302063  
898.000000      	0.302704  
899.000000      	0.302960  
900.000000      	0.303217  
901.000000      	0.303345  
902.000000      	0.303473  
903.000000      	0.303857  
904.000000      	0.303986  
905.000000      	0.305011  
906.000000      	0.305139  
907.000000      	0.305652  
908.000000      	0.306164  
909.000000      	0.306549  
910.000000      	0.306677  
911.000000      	0.307061  
912.000000      	0.307318  
913.000000      	0.308087  
914.000000      	0.308471  
915.000000      	0.308984  
916.000000      	0.309753  
917.000000      	0.310137  
918.000000      	0.310522  
919.000000      	0.310778  
920.000000      	0.311034  
921.000000      	0.311162  
922.000000      	0.311675  
923.000000      	0.312059  
924.000000      	0.312444  
925.000000      	0.312828  
926.000000      	0.313341  
927.000000      	0.313597  
928.000000      	0.314110  
929.000000      	0.314238  
930.000000      	0.314623  
931.000000      	0.315007  
932.000000      	0.315135  
933.000000      	0.315392  
934.000000      	0.316032  
935.000000      	0.316545  
936.000000      	0.317442  
937.000000      	0.318083  
938.000000      	0.318339  
939.000000      	0.319364  
940.000000      	0.320518  
941.000000      	0.321287  
942.000000      	0.322312  
943.000000      	0.322440  
944.000000      	0.322825  
945.000000      	0.323209  
946.000000      	0.323978  
947.000000      	0.324491  
948.000000      	0.325131  
949.000000      	0.325516  
950.000000      	0.325644  
951.000000      	0.325772  
952.000000      	0.326028  
953.000000      	0.326285  
954.000000      	0.326926  
955.000000      	0.327310  
956.000000      	0.327566  
957.000000      	0.328335  
958.000000      	0.328720  
959.000000      	0.329232  
960.000000      	0.330129  
961.000000      	0.330514  
962.000000      	0.330770  
963.000000      	0.331283  
964.000000      	0.331539  
965.000000      	0.332436  
966.000000      	0.332693  
967.000000      	0.333205  
968.000000      	0.333461  
969.000000      	0.333974  
970.000000      	0.334743  
971.000000      	0.335256  
972.000000      	0.336281  
973.000000      	0.336665  
974.000000      	0.336922  
975.000000      	0.337050  
976.000000      	0.338075  
977.000000      	0.338460  
978.000000      	0.338972  
979.000000      	0.339869  
980.000000      	0.340126  
981.000000      	0.340638  
982.000000      	0.341023  
983.000000      	0.341535  
984.000000      	0.342048  
985.000000      	0.342689  
986.000000      	0.343073  
987.000000      	0.343329  
988.000000      	0.343842  
989.000000      	0.344611  
990.000000      	0.344867  
991.000000      	0.345508  
992.000000      	0.345893  
993.000000      	0.346277  
994.000000      	0.346790  
995.000000      	0.347687  
996.000000      	0.348071  
997.000000      	0.348199  
998.000000      	0.348712  
999.000000      	0.349353  
1000.000000     	0.349865  
1001.000000     	0.350891  
1002.000000     	0.351275  
1003.000000     	0.351916  
1004.000000     	0.352172  
1005.000000     	0.352813  
1006.000000     	0.353326  
1007.000000     	0.354607  
1008.000000     	0.355120  
1009.000000     	0.355761  
1010.000000     	0.356401  
1011.000000     	0.356658  
1012.000000     	0.356914  
1013.000000     	0.357555  
1014.000000     	0.358067  
1015.000000     	0.358580  
1016.000000     	0.359093  
1017.000000     	0.359477  
1019.000000     	0.360118  
1020.000000     	0.360631  
1021.000000     	0.361271  
1023.000000     	0.361784  
1024.000000     	0.362040  
1025.000000     	0.362809  
1026.000000     	0.363194  
1027.000000     	0.363578  
1028.000000     	0.364475  
1029.000000     	0.364860  
1030.000000     	0.365372  
1031.000000     	0.365629  
1032.000000     	0.365885  
1033.000000     	0.366398  
1034.000000     	0.366526  
1035.000000     	0.367295  
1036.000000     	0.367679  
1037.000000     	0.367935  
1038.000000     	0.368576  
1039.000000     	0.368833  
1040.000000     	0.369345  
1041.000000     	0.370370  
1042.000000     	0.370499  
1043.000000     	0.371011  
1044.000000     	0.371524  
1045.000000     	0.372421  
1046.000000     	0.372677  
1047.000000     	0.373190  
1048.000000     	0.373702  
1049.000000     	0.374087  
1050.000000     	0.374600  
1051.000000     	0.375112  
1052.000000     	0.375497  
1053.000000     	0.376009  
1054.000000     	0.376394  
1055.000000     	0.376778  
1056.000000     	0.377291  
1057.000000     	0.377803  
1059.000000     	0.378060  
1060.000000     	0.378316  
1061.000000     	0.378829  
1062.000000     	0.379341  
1063.000000     	0.379982  
1064.000000     	0.380238  
1065.000000     	0.380879  
1066.000000     	0.381392  
1067.000000     	0.381520  
1068.000000     	0.381648  
1069.000000     	0.381904  
1070.000000     	0.382289  
1071.000000     	0.383058  
1072.000000     	0.383186  
1074.000000     	0.383442  
1075.000000     	0.383699  
1076.000000     	0.384083  
1077.000000     	0.385108  
1078.000000     	0.385621  
1079.000000     	0.385877  
1080.000000     	0.386390  
1081.000000     	0.386774  
1082.000000     	0.387287  
1083.000000     	0.387543  
1084.000000     	0.387671  
1085.000000     	0.387928  
1086.000000     	0.388184  
1087.000000     	0.388697  
1088.000000     	0.389081  
1089.000000     	0.389594  
1090.000000     	0.389978  
1091.000000     	0.390106  
1092.000000     	0.390491  
1093.000000     	0.390747  
1094.000000     	0.391003  
1095.000000     	0.391516  
1096.000000     	0.391901  
1097.000000     	0.392798  
1098.000000     	0.393310  
1099.000000     	0.393695  
1100.000000     	0.393951  
1101.000000     	0.394336  
1102.000000     	0.394720  
1103.000000     	0.395233  
1104.000000     	0.395489  
1105.000000     	0.395873  
1106.000000     	0.396002  
1107.000000     	0.396386  
1108.000000     	0.396770  
1109.000000     	0.397155  
1110.000000     	0.397411  
1111.000000     	0.397539  
1112.000000     	0.398180  
1113.000000     	0.398308  
1114.000000     	0.398693  
1116.000000     	0.399334  
1117.000000     	0.399590  
1118.000000     	0.399846  
1119.000000     	0.400231  
1121.000000     	0.400487  
1122.000000     	0.400871  
1123.000000     	0.401512  
1124.000000     	0.401897  
1125.000000     	0.402666  
1126.000000     	0.402922  
1127.000000     	0.403050  
1128.000000     	0.403435  
1129.000000     	0.403563  
1130.000000     	0.404075  
1131.000000     	0.404716  
1132.000000     	0.405229  
1134.000000     	0.405485  
1135.000000     	0.406126  
1136.000000     	0.406254  
1137.000000     	0.406382  
1139.000000     	0.407151  
1141.000000     	0.407664  
1143.000000     	0.408304  
1145.000000     	0.408945  
1146.000000     	0.409714  
1147.000000     	0.409842  
1148.000000     	0.410227  
1149.000000     	0.410355  
1150.000000     	0.410739  
1151.000000     	0.410996  
1152.000000     	0.411252  
1153.000000     	0.411508  
1154.000000     	0.411893  
1155.000000     	0.412790  
1156.000000     	0.413174  
1157.000000     	0.413687  
1158.000000     	0.413815  
1159.000000     	0.414456  
1160.000000     	0.415353  
1161.000000     	0.415481  
1162.000000     	0.415994  
1163.000000     	0.416250  
1164.000000     	0.416763  
1165.000000     	0.417275  
1166.000000     	0.418557  
1167.000000     	0.418685  
1168.000000     	0.418941  
1169.000000     	0.419198  
1170.000000     	0.419710  
1171.000000     	0.420223  
1173.000000     	0.420736  
1174.000000     	0.421248  
1175.000000     	0.421633  
1176.000000     	0.422017  
1177.000000     	0.422273  
1178.000000     	0.422530  
1179.000000     	0.423042  
1180.000000     	0.423427  
1181.000000     	0.424068  
1182.000000     	0.425093  
1183.000000     	0.425477  
1184.000000     	0.425990  
1185.000000     	0.426246  
1186.000000     	0.426759  
1187.000000     	0.427400  
1188.000000     	0.427784  
1189.000000     	0.427912  
1190.000000     	0.428169  
1191.000000     	0.428425  
1192.000000     	0.428938  
1193.000000     	0.429578  
1194.000000     	0.429835  
1195.000000     	0.430475  
1196.000000     	0.430860  
1197.000000     	0.431373  
1198.000000     	0.432141  
1199.000000     	0.432398  
1200.000000     	0.433423  
1201.000000     	0.434064  
1202.000000     	0.434448  
1203.000000     	0.434576  
1204.000000     	0.434961  
1205.000000     	0.435858  
1206.000000     	0.436114  
1207.000000     	0.436499  
1208.000000     	0.436755  
1209.000000     	0.437524  
1210.000000     	0.438165  
1211.000000     	0.438421  
1212.000000     	0.438934  
1213.000000     	0.439959  
1214.000000     	0.440215  
1215.000000     	0.440343  
1216.000000     	0.440856  
1217.000000     	0.441369  
1218.000000     	0.441753  
1219.000000     	0.442266  
1220.000000     	0.443035  
1221.000000     	0.443291  
1222.000000     	0.443676  
1223.000000     	0.444701  
1224.000000     	0.445342  
1225.000000     	0.446110  
1226.000000     	0.446751  
1227.000000     	0.446879  
1228.000000     	0.447520  
1229.000000     	0.447776  
1230.000000     	0.448161  
1231.000000     	0.449571  
1232.000000     	0.450211  
1233.000000     	0.451365  
1234.000000     	0.452134  
1235.000000     	0.453031  
1236.000000     	0.453159  
1237.000000     	0.453672  
1238.000000     	0.454184  
1239.000000     	0.455338  
1240.000000     	0.455978  
1241.000000     	0.456619  
1242.000000     	0.457132  
1243.000000     	0.457901  
1244.000000     	0.458413  
1245.000000     	0.459311  
1246.000000     	0.460720  
1247.000000     	0.461233  
1248.000000     	0.462258  
1249.000000     	0.463155  
1250.000000     	0.463412  
1251.000000     	0.464437  
1252.000000     	0.465462  
1253.000000     	0.465975  
1254.000000     	0.466744  
1255.000000     	0.467384  
1256.000000     	0.469050  
1257.000000     	0.469947  
1258.000000     	0.472126  
1259.000000     	0.472767  
1260.000000     	0.474048  
1261.000000     	0.474946  
1262.000000     	0.475202  
1263.000000     	0.475586  
1264.000000     	0.476483  
1265.000000     	0.476996  
1266.000000     	0.478278  
1267.000000     	0.479431  
1268.000000     	0.480328  
1269.000000     	0.481610  
1270.000000     	0.482507  
1271.000000     	0.483276  
1272.000000     	0.484045  
1273.000000     	0.485967  
1274.000000     	0.486736  
1275.000000     	0.488017  
1276.000000     	0.488915  
1277.000000     	0.490452  
1278.000000     	0.492247  
1279.000000     	0.493656  
1280.000000     	0.494297  
1281.000000     	0.495579  
1282.000000     	0.495835  
1283.000000     	0.496348  
1284.000000     	0.497116  
1285.000000     	0.498142  
1286.000000     	0.499295  
1287.000000     	0.500961  
1288.000000     	0.501730  
1289.000000     	0.502755  
1290.000000     	0.503524  
1291.000000     	0.504293  
1292.000000     	0.505062  
1293.000000     	0.505959  
1294.000000     	0.506344  
1295.000000     	0.507625  
1296.000000     	0.508138  
1297.000000     	0.508907  
1298.000000     	0.509676  
1299.000000     	0.510829  
1300.000000     	0.511470  
1301.000000     	0.512495  
1302.000000     	0.513392  
1303.000000     	0.514930  
1304.000000     	0.516468  
1305.000000     	0.517493  
1306.000000     	0.518519  
1307.000000     	0.519672  
1308.000000     	0.520185  
1309.000000     	0.521594  
1310.000000     	0.522876  
1311.000000     	0.523388  
1312.000000     	0.525054  
1313.000000     	0.525823  
1314.000000     	0.526208  
1315.000000     	0.527361  
1316.000000     	0.528258  
1317.000000     	0.529412  
1318.000000     	0.530437  
1319.000000     	0.531334  
1320.000000     	0.532103  
1321.000000     	0.532744  
1322.000000     	0.533513  
1323.000000     	0.534794  
1324.000000     	0.536204  
1325.000000     	0.537614  
1326.000000     	0.538639  
1327.000000     	0.539921  
1328.000000     	0.541074  
1329.000000     	0.542227  
1330.000000     	0.543124  
1331.000000     	0.543893  
1332.000000     	0.544790  
1333.000000     	0.546200  
1334.000000     	0.547225  
1335.000000     	0.547994  
1336.000000     	0.548763  
1337.000000     	0.549660  
1338.000000     	0.551326  
1339.000000     	0.552224  
1340.000000     	0.552992  
1341.000000     	0.554530  
1342.000000     	0.555299  
1343.000000     	0.556068  
1344.000000     	0.557093  
1345.000000     	0.557991  
1346.000000     	0.559144  
1347.000000     	0.560425  
1348.000000     	0.561323  
1349.000000     	0.561707  
1350.000000     	0.563117  
1351.000000     	0.563629  
1352.000000     	0.564398  
1353.000000     	0.564911  
1354.000000     	0.566321  
1355.000000     	0.567218  
1356.000000     	0.568243  
1357.000000     	0.569396  
1358.000000     	0.570037  
1359.000000     	0.570422  
1360.000000     	0.571062  
1361.000000     	0.572600  
1362.000000     	0.573369  
1363.000000     	0.573882  
1364.000000     	0.575292  
1365.000000     	0.576189  
1366.000000     	0.577598  
1367.000000     	0.578752  
1368.000000     	0.579521  
1369.000000     	0.579905  
1370.000000     	0.580930  
1371.000000     	0.582725  
1372.000000     	0.583237  
1373.000000     	0.584134  
1374.000000     	0.585288  
1375.000000     	0.586697  
1376.000000     	0.588107  
1377.000000     	0.589004  
1378.000000     	0.590029  
1379.000000     	0.591183  
1380.000000     	0.592977  
1381.000000     	0.594002  
1382.000000     	0.594771  
1383.000000     	0.595412  
1384.000000     	0.596694  
1385.000000     	0.597463  
1386.000000     	0.598103  
1387.000000     	0.598744  
1388.000000     	0.600154  
1389.000000     	0.601564  
1390.000000     	0.602461  
1391.000000     	0.603101  
1392.000000     	0.604127  
1393.000000     	0.604896  
1394.000000     	0.605664  
1395.000000     	0.606946  
1396.000000     	0.608228  
1397.000000     	0.609509  
1398.000000     	0.610278  
1399.000000     	0.610919  
1400.000000     	0.612457  
1401.000000     	0.613738  
1402.000000     	0.614892  
1403.000000     	0.615661  
1404.000000     	0.616558  
1405.000000     	0.617455  
1406.000000     	0.618352  
1407.000000     	0.619249  
1408.000000     	0.620402  
1409.000000     	0.621684  
1410.000000     	0.622837  
1411.000000     	0.623734  
1412.000000     	0.624503  
1413.000000     	0.624888  
1414.000000     	0.625400  
1415.000000     	0.626682  
1416.000000     	0.627579  
1417.000000     	0.628220  
1418.000000     	0.629501  
1419.000000     	0.630142  
1420.000000     	0.631296  
1421.000000     	0.631552  
1422.000000     	0.632705  
1423.000000     	0.633987  
1424.000000     	0.635397  
1425.000000     	0.636678  
1426.000000     	0.637575  
1427.000000     	0.638601  
1428.000000     	0.639498  
1429.000000     	0.640010  
1430.000000     	0.640779  
1431.000000     	0.642061  
1432.000000     	0.643214  
1433.000000     	0.644880  
1434.000000     	0.645777  
1435.000000     	0.646162  
1436.000000     	0.646803  
1437.000000     	0.647700  
1438.000000     	0.648597  
1439.000000     	0.649622  
1440.000000     	0.651160  
1441.000000     	0.651288  
1442.000000     	0.652313  
1443.000000     	0.653210  
1444.000000     	0.654364  
1445.000000     	0.655517  
1446.000000     	0.656542  
1447.000000     	0.657055  
1448.000000     	0.657824  
1449.000000     	0.658849  
1450.000000     	0.660131  
1451.000000     	0.661284  
1452.000000     	0.662181  
1453.000000     	0.662822  
1454.000000     	0.663719  
1455.000000     	0.664616  
1456.000000     	0.665641  
1457.000000     	0.666667  
1458.000000     	0.667564  
1459.000000     	0.668333  
1460.000000     	0.669614  
1461.000000     	0.670383  
1462.000000     	0.671408  
1463.000000     	0.672434  
1464.000000     	0.673715  
1465.000000     	0.674740  
1466.000000     	0.675253  
1467.000000     	0.675638  
1468.000000     	0.676407  
1469.000000     	0.677304  
1470.000000     	0.678713  
1471.000000     	0.680123  
1472.000000     	0.681020  
1473.000000     	0.682045  
1474.000000     	0.682558  
1475.000000     	0.683327  
1476.000000     	0.683840  
1477.000000     	0.684096  
1478.000000     	0.684608  
1479.000000     	0.685121  
1480.000000     	0.685377  
1481.000000     	0.686018  
1482.000000     	0.686659  
1483.000000     	0.687172  
1484.000000     	0.688325  
1485.000000     	0.689222  
1486.000000     	0.689735  
1487.000000     	0.690247  
1488.000000     	0.691273  
1489.000000     	0.692682  
1490.000000     	0.692939  
1491.000000     	0.693323  
1492.000000     	0.694348  
1493.000000     	0.694733  
1494.000000     	0.695374  
1495.000000     	0.695886  
1496.000000     	0.696911  
1497.000000     	0.697552  
1498.000000     	0.698577  
1499.000000     	0.699346  
1500.000000     	0.700115  
1501.000000     	0.700756  
1502.000000     	0.701653  
1503.000000     	0.702422  
1504.000000     	0.703191  
1505.000000     	0.703319  
1506.000000     	0.703704  
1507.000000     	0.704473  
1508.000000     	0.705113  
1509.000000     	0.705626  
1510.000000     	0.706395  
1511.000000     	0.706651  
1512.000000     	0.707292  
1513.000000     	0.707805  
1514.000000     	0.708830  
1515.000000     	0.709727  
1516.000000     	0.710111  
1517.000000     	0.711009  
1518.000000     	0.711521  
1519.000000     	0.712290  
1520.000000     	0.712803  
1521.000000     	0.713700  
1522.000000     	0.714212  
1523.000000     	0.714981  
1524.000000     	0.715494  
1525.000000     	0.716519  
1526.000000     	0.716904  
1527.000000     	0.717288  
1528.000000     	0.717929  
1529.000000     	0.718313  
1530.000000     	0.718954  
1531.000000     	0.720108  
1532.000000     	0.720620  
1533.000000     	0.721133  
1534.000000     	0.721774  
1535.000000     	0.722543  
1536.000000     	0.722927  
1537.000000     	0.723183  
1538.000000     	0.723824  
1539.000000     	0.724849  
1540.000000     	0.725234  
1541.000000     	0.725875  
1542.000000     	0.726644  
1543.000000     	0.726772  
1544.000000     	0.727925  
1545.000000     	0.728438  
1546.000000     	0.728822  
1547.000000     	0.729591  
1548.000000     	0.729976  
1549.000000     	0.730360  
1550.000000     	0.731770  
1551.000000     	0.732795  
1552.000000     	0.733308  
1553.000000     	0.733948  
1554.000000     	0.734846  
1555.000000     	0.735358  
1556.000000     	0.736383  
1557.000000     	0.737152  
1558.000000     	0.738049  
1559.000000     	0.738947  
1560.000000     	0.740100  
1561.000000     	0.740484  
1562.000000     	0.741253  
1563.000000     	0.741766  
1564.000000     	0.742663  
1565.000000     	0.742919  
1566.000000     	0.743560  
1567.000000     	0.744073  
1568.000000     	0.744201  
1569.000000     	0.745098  
1570.000000     	0.745226  
1571.000000     	0.745483  
1572.000000     	0.746380  
1573.000000     	0.746764  
1574.000000     	0.747020  
1575.000000     	0.747405  
1576.000000     	0.747789  
1577.000000     	0.748174  
1578.000000     	0.748815  
1579.000000     	0.749199  
1580.000000     	0.750096  
1581.000000     	0.750737  
1582.000000     	0.750865  
1583.000000     	0.750993  
1584.000000     	0.751634  
1585.000000     	0.752018  
1586.000000     	0.753044  
1587.000000     	0.753428  
1588.000000     	0.754069  
1589.000000     	0.754710  
1590.000000     	0.755479  
1591.000000     	0.756248  
1592.000000     	0.756632  
1593.000000     	0.756760  
1594.000000     	0.757273  
1595.000000     	0.757657  
1596.000000     	0.758939  
1597.000000     	0.759067  
1598.000000     	0.759451  
1599.000000     	0.760220  
1600.000000     	0.760733  
1601.000000     	0.760861  
1602.000000     	0.761374  
1603.000000     	0.762143  
1604.000000     	0.762655  
1605.000000     	0.763040  
1606.000000     	0.763552  
1607.000000     	0.764193  
1608.000000     	0.764578  
1609.000000     	0.765347  
1611.000000     	0.765475  
1612.000000     	0.765603  
1613.000000     	0.765987  
1614.000000     	0.766500  
1615.000000     	0.766756  
1616.000000     	0.767141  
1617.000000     	0.767782  
1618.000000     	0.768807  
1619.000000     	0.769191  
1620.000000     	0.769576  
1621.000000     	0.769832  
1622.000000     	0.769960  
1623.000000     	0.770601  
1624.000000     	0.770986  
1625.000000     	0.771114  
1626.000000     	0.771498  
1627.000000     	0.771626  
1628.000000     	0.772267  
1629.000000     	0.772652  
1630.000000     	0.773164  
1631.000000     	0.773677  
1632.000000     	0.773933  
1633.000000     	0.774318  
1634.000000     	0.774830  
1635.000000     	0.775087  
1636.000000     	0.775471  
1637.000000     	0.775727  
1638.000000     	0.775855  
1639.000000     	0.776368  
1640.000000     	0.776753  
1641.000000     	0.777009  
1642.000000     	0.777265  
1643.000000     	0.777521  
1645.000000     	0.777650  
1646.000000     	0.778162  
1647.000000     	0.778675  
1648.000000     	0.778931  
1649.000000     	0.779700  
1650.000000     	0.780213  
1652.000000     	0.780469  
1653.000000     	0.780982  
1654.000000     	0.781110  
1655.000000     	0.781366  
1656.000000     	0.781622  
1657.000000     	0.781879  
1658.000000     	0.782135  
1659.000000     	0.782776  
1660.000000     	0.783160  
1661.000000     	0.783417  
1662.000000     	0.783545  
1663.000000     	0.783929  
1664.000000     	0.784186  
1665.000000     	0.784698  
1667.000000     	0.784955  
1668.000000     	0.785211  
1669.000000     	0.785467  
1671.000000     	0.785595  
1672.000000     	0.786108  
1673.000000     	0.786236  
1674.000000     	0.786492  
1675.000000     	0.786749  
1676.000000     	0.787005  
1677.000000     	0.787133  
1678.000000     	0.787518  
1679.000000     	0.787646  
1680.000000     	0.788030  
1682.000000     	0.788158  
1683.000000     	0.788543  
1684.000000     	0.788671  
1685.000000     	0.788799  
1687.000000     	0.789055  
1689.000000     	0.789184  
1690.000000     	0.789312  
1691.000000     	0.789568  
1692.000000     	0.789696  
1694.000000     	0.789824  
1695.000000     	0.790337  
1696.000000     	0.790593  
1697.000000     	0.790978  
1699.000000     	0.791490  
1700.000000     	0.791875  
1701.000000     	0.792003  
1702.000000     	0.792388  
1703.000000     	0.792516  
1705.000000     	0.792900  
1706.000000     	0.793285  
1707.000000     	0.793541  
1710.000000     	0.793669  
1711.000000     	0.794182  
1712.000000     	0.794438  
1713.000000     	0.794566  
1714.000000     	0.794694  
1716.000000     	0.795079  
1717.000000     	0.795335  
1718.000000     	0.795463  
1719.000000     	0.795591  
1720.000000     	0.795720  
1721.000000     	0.795848  
1722.000000     	0.796232  
1723.000000     	0.796489  
1724.000000     	0.796617  
1725.000000     	0.797001  
1727.000000     	0.797129  
1728.000000     	0.797386  
1729.000000     	0.797642  
1733.000000     	0.797898  
1735.000000     	0.798283  
1736.000000     	0.798539  
1737.000000     	0.798667  
1738.000000     	0.798795  
1740.000000     	0.798923  
1743.000000     	0.799308  
1747.000000     	0.799564  
1753.000000     	0.799692  
1758.000000     	0.799949  
1759.000000     	0.800205  
1761.000000     	0.800333  
1763.000000     	0.800461  
1765.000000     	0.800590  
1766.000000     	0.800974  
1767.000000     	0.801102  
1769.000000     	0.801230  
1770.000000     	0.801615  
1771.000000     	0.802127  
1774.000000     	0.802256  
1775.000000     	0.802512  
1778.000000     	0.802640  
1779.000000     	0.802768  
1780.000000     	0.802896  
1782.000000     	0.803153  
1783.000000     	0.803281  
1785.000000     	0.803537  
1786.000000     	0.803793  
1787.000000     	0.804050  
1790.000000     	0.804306  
1791.000000     	0.804562  
1792.000000     	0.804819  
1795.000000     	0.805075  
1796.000000     	0.805203  
1797.000000     	0.805331  
1803.000000     	0.805459  
1807.000000     	0.805588  
1808.000000     	0.805716  
1811.000000     	0.805844  
1813.000000     	0.805972  
1815.000000     	0.806100  
1817.000000     	0.806357  
1818.000000     	0.806485  
1819.000000     	0.806613  
1820.000000     	0.806741  
1828.000000     	0.806869  
1830.000000     	0.807382  
1833.000000     	0.807510  
1836.000000     	0.807766  
1839.000000     	0.807894  
1843.000000     	0.808151  
1844.000000     	0.808279  
1845.000000     	0.808663  
1847.000000     	0.808791  
1850.000000     	0.808920  
1851.000000     	0.809304  
1855.000000     	0.810073  
1860.000000     	0.810201  
1862.000000     	0.810329  
1867.000000     	0.810458  
1868.000000     	0.810714  
1870.000000     	0.810842  
1873.000000     	0.810970  
1875.000000     	0.811098  
1879.000000     	0.811226  
1880.000000     	0.811483  
1883.000000     	0.811611  
1884.000000     	0.811739  
1885.000000     	0.811867  
1886.000000     	0.811995  
1890.000000     	0.812124  
1891.000000     	0.812508  
1894.000000     	0.812636  
1898.000000     	0.812764  
1903.000000     	0.812892  
1904.000000     	0.813021  
1905.000000     	0.813149  
1906.000000     	0.813277  
1910.000000     	0.813405  
1915.000000     	0.813533  
1917.000000     	0.813790  
1918.000000     	0.813918  
1919.000000     	0.814046  
1920.000000     	0.814174  
1921.000000     	0.814430  
1928.000000     	0.814559  
1929.000000     	0.814687  
1931.000000     	0.814815  
1934.000000     	0.815071  
1935.000000     	0.815456  
1937.000000     	0.815968  
1938.000000     	0.816096  
1939.000000     	0.816353  
1940.000000     	0.816481  
1941.000000     	0.816737  
1942.000000     	0.816865  
1943.000000     	0.816993  
1944.000000     	0.817122  
1952.000000     	0.817250  
1953.000000     	0.817378  
1956.000000     	0.817506  
1960.000000     	0.817634  
1969.000000     	0.817891  
1970.000000     	0.818019  
1971.000000     	0.818275  
1972.000000     	0.818403  
1974.000000     	0.818659  
1978.000000     	0.818916  
1979.000000     	0.819172  
1980.000000     	0.819300  
1981.000000     	0.819557  
1983.000000     	0.819685  
1985.000000     	0.819941  
1986.000000     	0.820069  
1987.000000     	0.820326  
1991.000000     	0.820838  
1992.000000     	0.820966  
1993.000000     	0.821351  
1994.000000     	0.821479  
1997.000000     	0.821735  
2003.000000     	0.821863  
2005.000000     	0.822120  
2010.000000     	0.822376  
2011.000000     	0.822504  
2017.000000     	0.822760  
2022.000000     	0.822889  
2023.000000     	0.823273  
2025.000000     	0.823401  
2027.000000     	0.823529  
2029.000000     	0.823658  
2030.000000     	0.823786  
2031.000000     	0.823914  
2032.000000     	0.824170  
2033.000000     	0.824298  
2035.000000     	0.824683  
2037.000000     	0.824811  
2038.000000     	0.824939  
2040.000000     	0.825067  
2042.000000     	0.825195  
2043.000000     	0.825324  
2049.000000     	0.825452  
2050.000000     	0.825580  
2053.000000     	0.825708  
2054.000000     	0.825836  
2055.000000     	0.825964  
2056.000000     	0.826093  
2057.000000     	0.826221  
2060.000000     	0.826349  
2061.000000     	0.826477  
2065.000000     	0.826605  
2067.000000     	0.826733  
2068.000000     	0.826861  
2069.000000     	0.827246  
2071.000000     	0.827374  
2074.000000     	0.827630  
2075.000000     	0.827887  
2080.000000     	0.828015  
2087.000000     	0.828143  
2091.000000     	0.828271  
2092.000000     	0.828399  
2095.000000     	0.828656  
2096.000000     	0.828912  
2097.000000     	0.829168  
2098.000000     	0.829296  
2103.000000     	0.829425  
2104.000000     	0.829553  
2106.000000     	0.829681  
2112.000000     	0.829809  
2114.000000     	0.829937  
2115.000000     	0.830065  
2116.000000     	0.830194  
2117.000000     	0.830450  
2119.000000     	0.830578  
2121.000000     	0.830834  
2124.000000     	0.830962  
2125.000000     	0.831091  
2128.000000     	0.831347  
2129.000000     	0.831603  
2132.000000     	0.831731  
2133.000000     	0.831860  
2135.000000     	0.831988  
2137.000000     	0.832244  
2138.000000     	0.832628  
2141.000000     	0.832757  
2143.000000     	0.832885  
2144.000000     	0.833141  
2146.000000     	0.833269  
2147.000000     	0.833397  
2148.000000     	0.833526  
2149.000000     	0.833782  
2150.000000     	0.833910  
2152.000000     	0.834038  
2156.000000     	0.834295  
2157.000000     	0.834423  
2162.000000     	0.834679  
2164.000000     	0.834807  
2168.000000     	0.835192  
2169.000000     	0.835320  
2173.000000     	0.835448  
2174.000000     	0.835704  
2188.000000     	0.835832  
2189.000000     	0.836089  
2190.000000     	0.836217  
2192.000000     	0.836473  
2195.000000     	0.836601  
2199.000000     	0.836986  
2200.000000     	0.837114  
2203.000000     	0.837242  
2204.000000     	0.837370  
2205.000000     	0.837498  
2208.000000     	0.837627  
2209.000000     	0.837755  
2211.000000     	0.837883  
2212.000000     	0.838011  
2215.000000     	0.838395  
2216.000000     	0.838524  
2219.000000     	0.838652  
2220.000000     	0.838780  
2222.000000     	0.838908  
2224.000000     	0.839293  
2225.000000     	0.839805  
2226.000000     	0.840062  
2229.000000     	0.840190  
2230.000000     	0.840446  
2231.000000     	0.840574  
2232.000000     	0.840702  
2243.000000     	0.840959  
2245.000000     	0.841087  
2248.000000     	0.841215  
2249.000000     	0.841343  
2251.000000     	0.841599  
2252.000000     	0.841856  
2253.000000     	0.841984  
2257.000000     	0.842368  
2264.000000     	0.842625  
2265.000000     	0.842753  
2269.000000     	0.842881  
2270.000000     	0.843009  
2279.000000     	0.843265  
2281.000000     	0.843394  
2282.000000     	0.843522  
2292.000000     	0.843650  
2295.000000     	0.843906  
2298.000000     	0.844034  
2299.000000     	0.844163  
2300.000000     	0.844291  
2302.000000     	0.844547  
2303.000000     	0.844675  
2308.000000     	0.844931  
2309.000000     	0.845060  
2310.000000     	0.845700  
2311.000000     	0.845829  
2313.000000     	0.845957  
2314.000000     	0.846085  
2317.000000     	0.846341  
2318.000000     	0.846469  
2323.000000     	0.846597  
2327.000000     	0.846854  
2328.000000     	0.846982  
2329.000000     	0.847238  
2330.000000     	0.847495  
2331.000000     	0.847623  
2333.000000     	0.847751  
2336.000000     	0.847879  
2338.000000     	0.848007  
2339.000000     	0.848263  
2344.000000     	0.848520  
2345.000000     	0.848648  
2346.000000     	0.848776  
2349.000000     	0.849032  
2353.000000     	0.849161  
2354.000000     	0.849417  
2355.000000     	0.849673  
2357.000000     	0.849801  
2358.000000     	0.850186  
2359.000000     	0.850314  
2360.000000     	0.850570  
2361.000000     	0.851083  
2366.000000     	0.851211  
2367.000000     	0.851339  
2369.000000     	0.851467  
2370.000000     	0.851724  
2373.000000     	0.851980  
2375.000000     	0.852108  
2379.000000     	0.852236  
2383.000000     	0.852364  
2385.000000     	0.852493  
2387.000000     	0.852621  
2390.000000     	0.852749  
2392.000000     	0.853005  
2393.000000     	0.853262  
2395.000000     	0.853518  
2398.000000     	0.853774  
2401.000000     	0.853902  
2403.000000     	0.854031  
2409.000000     	0.854159  
2410.000000     	0.854287  
2411.000000     	0.854415  
2412.000000     	0.854543  
2414.000000     	0.854671  
2415.000000     	0.854799  
2423.000000     	0.854928  
2430.000000     	0.855056  
2431.000000     	0.855184  
2432.000000     	0.855312  
2435.000000     	0.855440  
2437.000000     	0.855697  
2438.000000     	0.855825  
2443.000000     	0.855953  
2444.000000     	0.856081  
2446.000000     	0.856209  
2447.000000     	0.856337  
2453.000000     	0.856465  
2455.000000     	0.856594  
2458.000000     	0.856722  
2459.000000     	0.856850  
2460.000000     	0.856978  
2461.000000     	0.857106  
2462.000000     	0.857234  
2465.000000     	0.857363  
2466.000000     	0.857491  
2467.000000     	0.857619  
2470.000000     	0.857747  
2472.000000     	0.857875  
2474.000000     	0.858003  
2480.000000     	0.858131  
2481.000000     	0.858260  
2482.000000     	0.858388  
2483.000000     	0.858516  
2488.000000     	0.858644  
2489.000000     	0.858772  
2490.000000     	0.858900  
2493.000000     	0.859029  
2494.000000     	0.859157  
2500.000000     	0.859285  
2501.000000     	0.859541  
2502.000000     	0.859669  
2503.000000     	0.859798  
2504.000000     	0.859926  
2513.000000     	0.860182  
2527.000000     	0.860310  
2529.000000     	0.860438  
2530.000000     	0.860695  
2533.000000     	0.860823  
2538.000000     	0.860951  
2540.000000     	0.861079  
2548.000000     	0.861207  
2549.000000     	0.861335  
2550.000000     	0.861464  
2552.000000     	0.861592  
2556.000000     	0.861720  
2557.000000     	0.861976  
2558.000000     	0.862104  
2559.000000     	0.862232  
2563.000000     	0.862489  
2566.000000     	0.862617  
2567.000000     	0.862745  
2570.000000     	0.862873  
2574.000000     	0.863001  
2576.000000     	0.863130  
2577.000000     	0.863258  
2582.000000     	0.863386  
2584.000000     	0.863642  
2588.000000     	0.863899  
2601.000000     	0.864027  
2602.000000     	0.864155  
2604.000000     	0.864283  
2606.000000     	0.864411  
2611.000000     	0.864667  
2616.000000     	0.864796  
2618.000000     	0.864924  
2619.000000     	0.865052  
2620.000000     	0.865180  
2621.000000     	0.865308  
2623.000000     	0.865436  
2629.000000     	0.865565  
2636.000000     	0.865693  
2645.000000     	0.865949  
2652.000000     	0.866205  
2656.000000     	0.866333  
2657.000000     	0.866462  
2658.000000     	0.866718  
2667.000000     	0.866846  
2669.000000     	0.866974  
2672.000000     	0.867231  
2674.000000     	0.867359  
2675.000000     	0.867487  
2678.000000     	0.867615  
2679.000000     	0.867871  
2681.000000     	0.867999  
2684.000000     	0.868128  
2685.000000     	0.868256  
2686.000000     	0.868384  
2690.000000     	0.868512  
2691.000000     	0.868640  
2696.000000     	0.868768  
2698.000000     	0.868897  
2701.000000     	0.869025  
2702.000000     	0.869153  
2704.000000     	0.869281  
2707.000000     	0.869537  
2711.000000     	0.869666  
2716.000000     	0.869794  
2718.000000     	0.869922  
2720.000000     	0.870050  
2724.000000     	0.870178  
2727.000000     	0.870434  
2729.000000     	0.870563  
2732.000000     	0.870691  
2734.000000     	0.870819  
2747.000000     	0.871075  
2749.000000     	0.871203  
2752.000000     	0.871332  
2753.000000     	0.871460  
2760.000000     	0.871588  
2766.000000     	0.871716  
2771.000000     	0.871844  
2777.000000     	0.871972  
2778.000000     	0.872100  
2779.000000     	0.872229  
2780.000000     	0.872357  
2791.000000     	0.872485  
2793.000000     	0.872613  
2795.000000     	0.872741  
2803.000000     	0.872869  
2807.000000     	0.872998  
2812.000000     	0.873254  
2813.000000     	0.873382  
2817.000000     	0.873510  
2821.000000     	0.873638  
2826.000000     	0.873767  
2827.000000     	0.873895  
2828.000000     	0.874023  
2831.000000     	0.874151  
2834.000000     	0.874279  
2835.000000     	0.874407  
2840.000000     	0.874535  
2841.000000     	0.874664  
2846.000000     	0.874792  
2852.000000     	0.874920  
2855.000000     	0.875048  
2856.000000     	0.875176  
2866.000000     	0.875304  
2867.000000     	0.875433  
2871.000000     	0.875561  
2872.000000     	0.875817  
2873.000000     	0.876073  
2879.000000     	0.876201  
2881.000000     	0.876330  
2888.000000     	0.876586  
2891.000000     	0.876842  
2893.000000     	0.876970  
2905.000000     	0.877099  
2908.000000     	0.877227  
2909.000000     	0.877355  
2916.000000     	0.877483  
2920.000000     	0.877739  
2923.000000     	0.877867  
2937.000000     	0.877996  
2951.000000     	0.878124  
2952.000000     	0.878252  
2954.000000     	0.878765  
2960.000000     	0.878893  
2966.000000     	0.879021  
2967.000000     	0.879277  
2969.000000     	0.879405  
2980.000000     	0.879534  
2982.000000     	0.879662  
2986.000000     	0.879790  
2989.000000     	0.879918  
2991.000000     	0.880046  
2994.000000     	0.880174  
3002.000000     	0.880302  
3004.000000     	0.880431  
3009.000000     	0.880559  
3018.000000     	0.880815  
3025.000000     	0.880943  
3035.000000     	0.881071  
3038.000000     	0.881584  
3041.000000     	0.881712  
3044.000000     	0.881840  
3048.000000     	0.881968  
3060.000000     	0.882097  
3067.000000     	0.882225  
3068.000000     	0.882481  
3073.000000     	0.882737  
3074.000000     	0.882866  
3078.000000     	0.882994  
3079.000000     	0.883122  
3082.000000     	0.883250  
3083.000000     	0.883506  
3093.000000     	0.883634  
3094.000000     	0.883763  
3100.000000     	0.883891  
3102.000000     	0.884019  
3107.000000     	0.884147  
3110.000000     	0.884275  
3111.000000     	0.884403  
3113.000000     	0.884532  
3114.000000     	0.884660  
3115.000000     	0.884788  
3116.000000     	0.884916  
3124.000000     	0.885044  
3126.000000     	0.885172  
3128.000000     	0.885301  
3133.000000     	0.885429  
3136.000000     	0.885557  
3140.000000     	0.885685  
3147.000000     	0.885813  
3153.000000     	0.885941  
3154.000000     	0.886069  
3156.000000     	0.886198  
3158.000000     	0.886326  
3164.000000     	0.886582  
3166.000000     	0.886838  
3167.000000     	0.886967  
3170.000000     	0.887095  
3176.000000     	0.887223  
3177.000000     	0.887351  
3180.000000     	0.887479  
3181.000000     	0.887607  
3182.000000     	0.887735  
3187.000000     	0.887864  
3188.000000     	0.887992  
3190.000000     	0.888120  
3192.000000     	0.888248  
3194.000000     	0.888376  
3195.000000     	0.888504  
3198.000000     	0.888633  
3200.000000     	0.888761  
3207.000000     	0.889017  
3215.000000     	0.889145  
3218.000000     	0.889273  
3223.000000     	0.889402  
3228.000000     	0.889530  
3229.000000     	0.889786  
3231.000000     	0.889914  
3232.000000     	0.890042  
3236.000000     	0.890170  
3237.000000     	0.890299  
3239.000000     	0.890427  
3242.000000     	0.890555  
3243.000000     	0.890683  
3247.000000     	0.890811  
3250.000000     	0.890939  
3251.000000     	0.891068  
3254.000000     	0.891196  
3256.000000     	0.891324  
3263.000000     	0.891452  
3265.000000     	0.891580  
3267.000000     	0.891708  
3271.000000     	0.891836  
3273.000000     	0.892093  
3277.000000     	0.892221  
3278.000000     	0.892349  
3282.000000     	0.892477  
3284.000000     	0.892605  
3286.000000     	0.892734  
3288.000000     	0.892862  
3289.000000     	0.892990  
3292.000000     	0.893118  
3296.000000     	0.893374  
3300.000000     	0.893502  
3308.000000     	0.893631  
3309.000000     	0.893759  
3310.000000     	0.893887  
3314.000000     	0.894015  
3318.000000     	0.894143  
3319.000000     	0.894271  
3323.000000     	0.894400  
3326.000000     	0.894528  
3328.000000     	0.894784  
3332.000000     	0.895040  
3336.000000     	0.895169  
3342.000000     	0.895297  
3344.000000     	0.895425  
3349.000000     	0.895553  
3354.000000     	0.895937  
3355.000000     	0.896066  
3357.000000     	0.896194  
3358.000000     	0.896322  
3362.000000     	0.896450  
3373.000000     	0.896578  
3377.000000     	0.896706  
3381.000000     	0.896963  
3390.000000     	0.897091  
3397.000000     	0.897219  
3399.000000     	0.897347  
3401.000000     	0.897475  
3408.000000     	0.897603  
3410.000000     	0.897732  
3416.000000     	0.897860  
3429.000000     	0.897988  
3435.000000     	0.898116  
3440.000000     	0.898244  
3442.000000     	0.898372  
3445.000000     	0.898629  
3446.000000     	0.898757  
3448.000000     	0.898885  
3453.000000     	0.899013  
3455.000000     	0.899141  
3458.000000     	0.899270  
3460.000000     	0.899398  
3464.000000     	0.899526  
3468.000000     	0.899654  
3469.000000     	0.899782  
3475.000000     	0.899910  
3482.000000     	0.900038  
3489.000000     	0.900423  
3494.000000     	0.900551  
3497.000000     	0.900679  
3498.000000     	0.900807  
3500.000000     	0.900936  
3503.000000     	0.901064  
3519.000000     	0.901192  
3529.000000     	0.901320  
3530.000000     	0.901448  
3531.000000     	0.901576  
3535.000000     	0.901704  
3539.000000     	0.901833  
3555.000000     	0.901961  
3556.000000     	0.902089  
3560.000000     	0.902217  
3567.000000     	0.902345  
3583.000000     	0.902473  
3602.000000     	0.902602  
3607.000000     	0.902730  
3609.000000     	0.902858  
3620.000000     	0.902986  
3634.000000     	0.903114  
3642.000000     	0.903242  
3649.000000     	0.903370  
3651.000000     	0.903499  
3660.000000     	0.903627  
3663.000000     	0.903755  
3672.000000     	0.903883  
3687.000000     	0.904011  
3692.000000     	0.904139  
3693.000000     	0.904268  
3696.000000     	0.904396  
3700.000000     	0.904524  
3721.000000     	0.904652  
3723.000000     	0.904780  
3733.000000     	0.904908  
3734.000000     	0.905037  
3735.000000     	0.905165  
3739.000000     	0.905293  
3742.000000     	0.905549  
3746.000000     	0.905805  
3752.000000     	0.905934  
3756.000000     	0.906062  
3779.000000     	0.906190  
3784.000000     	0.906318  
3821.000000     	0.906446  
3833.000000     	0.906574  
3838.000000     	0.906703  
3845.000000     	0.906831  
3847.000000     	0.906959  
3856.000000     	0.907087  
3868.000000     	0.907215  
3872.000000     	0.907343  
3878.000000     	0.907471  
3886.000000     	0.907600  
3892.000000     	0.907728  
3918.000000     	0.907856  
3923.000000     	0.907984  
3934.000000     	0.908112  
3963.000000     	0.908240  
3977.000000     	0.908369  
3981.000000     	0.908497  
3982.000000     	0.908625  
3991.000000     	0.908753  
3999.000000     	0.908881  
4007.000000     	0.909009  
4025.000000     	0.909138  
4029.000000     	0.909266  
4033.000000     	0.909394  
4038.000000     	0.909522  
4040.000000     	0.909650  
4041.000000     	0.909778  
4042.000000     	0.909906  
4050.000000     	0.910035  
4054.000000     	0.910163  
4067.000000     	0.910419  
4071.000000     	0.910547  
4079.000000     	0.910675  
4082.000000     	0.910804  
4088.000000     	0.910932  
4090.000000     	0.911060  
4095.000000     	0.911188  
4109.000000     	0.911316  
4111.000000     	0.911444  
4119.000000     	0.911572  
4130.000000     	0.911701  
4136.000000     	0.911957  
4170.000000     	0.912085  
4174.000000     	0.912213  
4181.000000     	0.912341  
4189.000000     	0.912470  
4210.000000     	0.912598  
4228.000000     	0.912726  
4230.000000     	0.912854  
4245.000000     	0.912982  
4246.000000     	0.913110  
4265.000000     	0.913367  
4274.000000     	0.913495  
4289.000000     	0.913623  
4303.000000     	0.913751  
4321.000000     	0.913879  
4325.000000     	0.914007  
4339.000000     	0.914136  
4340.000000     	0.914264  
4383.000000     	0.914392  
4387.000000     	0.914520  
4392.000000     	0.914648  
4398.000000     	0.914776  
4403.000000     	0.914905  
4420.000000     	0.915033  
4424.000000     	0.915161  
4438.000000     	0.915289  
4443.000000     	0.915417  
4449.000000     	0.915545  
4452.000000     	0.915673  
4454.000000     	0.915802  
4476.000000     	0.915930  
4478.000000     	0.916058  
4486.000000     	0.916186  
4507.000000     	0.916314  
4517.000000     	0.916442  
4518.000000     	0.916571  
4523.000000     	0.916699  
4549.000000     	0.916827  
4559.000000     	0.916955  
4572.000000     	0.917083  
4575.000000     	0.917211  
4577.000000     	0.917339  
4582.000000     	0.917468  
4587.000000     	0.917596  
4592.000000     	0.917724  
4613.000000     	0.917852  
4618.000000     	0.917980  
4627.000000     	0.918108  
4636.000000     	0.918237  
4637.000000     	0.918365  
4650.000000     	0.918493  
4659.000000     	0.918621  
4674.000000     	0.918749  
4676.000000     	0.918877  
4683.000000     	0.919006  
4689.000000     	0.919134  
4691.000000     	0.919262  
4695.000000     	0.919390  
4703.000000     	0.919518  
4763.000000     	0.919646  
4766.000000     	0.919774  
4778.000000     	0.920031  
4792.000000     	0.920159  
4805.000000     	0.920287  
4820.000000     	0.920415  
4821.000000     	0.920543  
4823.000000     	0.920800  
4828.000000     	0.921056  
4849.000000     	0.921184  
4856.000000     	0.921312  
4857.000000     	0.921440  
4867.000000     	0.921569  
4871.000000     	0.921697  
4873.000000     	0.921825  
4875.000000     	0.921953  
4878.000000     	0.922081  
4883.000000     	0.922209  
4888.000000     	0.922338  
4889.000000     	0.922466  
4899.000000     	0.922594  
4909.000000     	0.922722  
4923.000000     	0.922850  
4927.000000     	0.922978  
4934.000000     	0.923106  
4936.000000     	0.923235  
4952.000000     	0.923363  
4956.000000     	0.923619  
4957.000000     	0.923747  
4961.000000     	0.923875  
4970.000000     	0.924004  
4973.000000     	0.924132  
4976.000000     	0.924260  
4981.000000     	0.924388  
4992.000000     	0.924516  
4999.000000     	0.924644  
5011.000000     	0.925029  
5017.000000     	0.925157  
5028.000000     	0.925285  
5029.000000     	0.925413  
5036.000000     	0.925541  
5042.000000     	0.925670  
5043.000000     	0.925798  
5063.000000     	0.925926  
5070.000000     	0.926054  
5075.000000     	0.926182  
5085.000000     	0.926439  
5090.000000     	0.926567  
5100.000000     	0.926695  
5132.000000     	0.926823  
5140.000000     	0.926951  
5161.000000     	0.927079  
5172.000000     	0.927207  
5181.000000     	0.927336  
5189.000000     	0.927464  
5193.000000     	0.927592  
5213.000000     	0.927720  
5217.000000     	0.927848  
5218.000000     	0.927976  
5226.000000     	0.928105  
5236.000000     	0.928233  
5243.000000     	0.928361  
5252.000000     	0.928489  
5260.000000     	0.928617  
5285.000000     	0.928745  
5289.000000     	0.928874  
5291.000000     	0.929002  
5298.000000     	0.929130  
5323.000000     	0.929258  
5328.000000     	0.929386  
5339.000000     	0.929514  
5342.000000     	0.929642  
5343.000000     	0.929771  
5347.000000     	0.929899  
5349.000000     	0.930027  
5361.000000     	0.930155  
5383.000000     	0.930283  
5388.000000     	0.930411  
5392.000000     	0.930540  
5413.000000     	0.930668  
5420.000000     	0.930796  
5422.000000     	0.930924  
5432.000000     	0.931052  
5440.000000     	0.931180  
5442.000000     	0.931308  
5451.000000     	0.931437  
5461.000000     	0.931565  
5467.000000     	0.931693  
5475.000000     	0.931821  
5477.000000     	0.931949  
5506.000000     	0.932077  
5509.000000     	0.932206  
5526.000000     	0.932334  
5527.000000     	0.932462  
5531.000000     	0.932590  
5533.000000     	0.932718  
5539.000000     	0.932846  
5542.000000     	0.932974  
5547.000000     	0.933103  
5549.000000     	0.933359  
5555.000000     	0.933487  
5571.000000     	0.933615  
5591.000000     	0.933743  
5592.000000     	0.933872  
5610.000000     	0.934000  
5612.000000     	0.934128  
5615.000000     	0.934256  
5627.000000     	0.934384  
5628.000000     	0.934512  
5643.000000     	0.934769  
5655.000000     	0.934897  
5665.000000     	0.935025  
5666.000000     	0.935281  
5682.000000     	0.935409  
5683.000000     	0.935538  
5697.000000     	0.935794  
5708.000000     	0.936050  
5710.000000     	0.936178  
5714.000000     	0.936307  
5717.000000     	0.936435  
5727.000000     	0.936563  
5732.000000     	0.936691  
5751.000000     	0.936819  
5761.000000     	0.936947  
5762.000000     	0.937075  
5764.000000     	0.937204  
5768.000000     	0.937332  
5771.000000     	0.937460  
5773.000000     	0.937716  
5774.000000     	0.937844  
5787.000000     	0.937973  
5817.000000     	0.938101  
5819.000000     	0.938229  
5820.000000     	0.938357  
5823.000000     	0.938485  
5828.000000     	0.938613  
5830.000000     	0.938742  
5860.000000     	0.938870  
5874.000000     	0.939126  
5887.000000     	0.939382  
5891.000000     	0.939510  
5901.000000     	0.939639  
5917.000000     	0.939767  
5929.000000     	0.939895  
5947.000000     	0.940023  
5957.000000     	0.940151  
5965.000000     	0.940279  
5977.000000     	0.940408  
5983.000000     	0.940536  
5997.000000     	0.940664  
6002.000000     	0.940792  
6007.000000     	0.940920  
6016.000000     	0.941176  
6060.000000     	0.941305  
6076.000000     	0.941433  
6127.000000     	0.941561  
6131.000000     	0.941689  
6142.000000     	0.941817  
6183.000000     	0.941945  
6192.000000     	0.942074  
6206.000000     	0.942202  
6251.000000     	0.942330  
6254.000000     	0.942458  
6277.000000     	0.942586  
6296.000000     	0.942714  
6299.000000     	0.942842  
6320.000000     	0.942971  
6328.000000     	0.943099  
6348.000000     	0.943227  
6366.000000     	0.943355  
6395.000000     	0.943483  
6410.000000     	0.943611  
6422.000000     	0.943740  
6431.000000     	0.943868  
6437.000000     	0.943996  
6444.000000     	0.944124  
6449.000000     	0.944252  
6490.000000     	0.944380  
6508.000000     	0.944509  
6511.000000     	0.944637  
6519.000000     	0.944765  
6520.000000     	0.944893  
6541.000000     	0.945021  
6559.000000     	0.945149  
6572.000000     	0.945277  
6574.000000     	0.945406  
6599.000000     	0.945534  
6600.000000     	0.945662  
6602.000000     	0.945790  
6624.000000     	0.945918  
6643.000000     	0.946046  
6651.000000     	0.946175  
6657.000000     	0.946303  
6661.000000     	0.946431  
6662.000000     	0.946559  
6677.000000     	0.946687  
6682.000000     	0.946815  
6692.000000     	0.946943  
6703.000000     	0.947072  
6706.000000     	0.947200  
6714.000000     	0.947328  
6732.000000     	0.947456  
6734.000000     	0.947584  
6740.000000     	0.947712  
6744.000000     	0.947841  
6764.000000     	0.947969  
6773.000000     	0.948097  
6792.000000     	0.948225  
6810.000000     	0.948353  
6825.000000     	0.948481  
6835.000000     	0.948610  
6845.000000     	0.948738  
6855.000000     	0.948866  
6903.000000     	0.948994  
6913.000000     	0.949122  
6964.000000     	0.949250  
6980.000000     	0.949378  
6993.000000     	0.949507  
7009.000000     	0.949635  
7025.000000     	0.949763  
7104.000000     	0.949891  
7107.000000     	0.950019  
7117.000000     	0.950147  
7122.000000     	0.950276  
7123.000000     	0.950404  
7126.000000     	0.950532  
7140.000000     	0.950660  
7173.000000     	0.950788  
7211.000000     	0.950916  
7215.000000     	0.951044  
7217.000000     	0.951173  
7240.000000     	0.951301  
7260.000000     	0.951429  
7263.000000     	0.951557  
7267.000000     	0.951685  
7301.000000     	0.951813  
7323.000000     	0.951942  
7347.000000     	0.952070  
7360.000000     	0.952198  
7367.000000     	0.952326  
7387.000000     	0.952454  
7389.000000     	0.952582  
7392.000000     	0.952710  
7394.000000     	0.952839  
7408.000000     	0.952967  
7409.000000     	0.953095  
7411.000000     	0.953223  
7412.000000     	0.953479  
7415.000000     	0.953608  
7418.000000     	0.953736  
7423.000000     	0.953864  
7424.000000     	0.953992  
7436.000000     	0.954120  
7442.000000     	0.954248  
7445.000000     	0.954377  
7473.000000     	0.954505  
7492.000000     	0.954761  
7493.000000     	0.954889  
7510.000000     	0.955017  
7519.000000     	0.955145  
7526.000000     	0.955274  
7563.000000     	0.955402  
7564.000000     	0.955530  
7579.000000     	0.955658  
7596.000000     	0.955786  
7630.000000     	0.955914  
7634.000000     	0.956043  
7639.000000     	0.956171  
7652.000000     	0.956299  
7664.000000     	0.956427  
7683.000000     	0.956555  
7686.000000     	0.956683  
7708.000000     	0.956811  
7755.000000     	0.956940  
7769.000000     	0.957068  
7810.000000     	0.957196  
7856.000000     	0.957324  
7880.000000     	0.957452  
7909.000000     	0.957580  
7910.000000     	0.957709  
7942.000000     	0.957837  
8001.000000     	0.957965  
8003.000000     	0.958093  
8011.000000     	0.958349  
8028.000000     	0.958478  
8069.000000     	0.958606  
8076.000000     	0.958734  
8083.000000     	0.958862  
8120.000000     	0.958990  
8130.000000     	0.959118  
8159.000000     	0.959246  
8170.000000     	0.959375  
8173.000000     	0.959503  
8199.000000     	0.959631  
8216.000000     	0.959759  
8237.000000     	0.959887  
8240.000000     	0.960015  
8259.000000     	0.960144  
8278.000000     	0.960272  
8299.000000     	0.960400  
8302.000000     	0.960528  
8342.000000     	0.960656  
8353.000000     	0.960784  
8368.000000     	0.960912  
8373.000000     	0.961041  
8448.000000     	0.961169  
8493.000000     	0.961297  
8497.000000     	0.961425  
8632.000000     	0.961553  
8654.000000     	0.961681  
8718.000000     	0.961810  
8719.000000     	0.961938  
8780.000000     	0.962066  
8782.000000     	0.962194  
8821.000000     	0.962322  
8835.000000     	0.962450  
8844.000000     	0.962578  
8871.000000     	0.962707  
8890.000000     	0.962835  
8901.000000     	0.962963  
8912.000000     	0.963091  
8913.000000     	0.963219  
8968.000000     	0.963347  
8978.000000     	0.963476  
8988.000000     	0.963604  
9007.000000     	0.963732  
9011.000000     	0.963860  
9018.000000     	0.963988  
9143.000000     	0.964116  
9153.000000     	0.964245  
9178.000000     	0.964373  
9191.000000     	0.964501  
9199.000000     	0.964629  
9204.000000     	0.964757  
9258.000000     	0.964885  
9307.000000     	0.965013  
9323.000000     	0.965142  
9351.000000     	0.965270  
9360.000000     	0.965398  
9394.000000     	0.965526  
9398.000000     	0.965654  
9431.000000     	0.965782  
9437.000000     	0.965911  
9481.000000     	0.966039  
9484.000000     	0.966167  
9552.000000     	0.966295  
9560.000000     	0.966423  
9568.000000     	0.966551  
9571.000000     	0.966679  
9576.000000     	0.966808  
9624.000000     	0.966936  
9627.000000     	0.967064  
9641.000000     	0.967192  
9643.000000     	0.967320  
9690.000000     	0.967448  
9694.000000     	0.967577  
9696.000000     	0.967705  
9702.000000     	0.967833  
9732.000000     	0.967961  
9744.000000     	0.968217  
9758.000000     	0.968346  
9782.000000     	0.968474  
9784.000000     	0.968602  
9809.000000     	0.968730  
9832.000000     	0.968858  
9980.000000     	0.968986  
10005.000000    	0.969114  
10032.000000    	0.969243  
10100.000000    	0.969371  
10169.000000    	0.969499  
10176.000000    	0.969627  
10191.000000    	0.969755  
10267.000000    	0.969883  
10328.000000    	0.970012  
10340.000000    	0.970140  
10452.000000    	0.970268  
10479.000000    	0.970396  
10492.000000    	0.970524  
10512.000000    	0.970652  
10532.000000    	0.970780  
10553.000000    	0.970909  
10560.000000    	0.971037  
10597.000000    	0.971165  
10600.000000    	0.971293  
10617.000000    	0.971421  
10652.000000    	0.971549  
10723.000000    	0.971678  
10739.000000    	0.971806  
10746.000000    	0.971934  
10786.000000    	0.972062  
10811.000000    	0.972190  
10815.000000    	0.972318  
10820.000000    	0.972446  
10832.000000    	0.972575  
10849.000000    	0.972703  
10860.000000    	0.972831  
10881.000000    	0.972959  
10883.000000    	0.973215  
10952.000000    	0.973344  
10961.000000    	0.973600  
10964.000000    	0.973728  
10979.000000    	0.973856  
11010.000000    	0.973984  
11050.000000    	0.974113  
11054.000000    	0.974241  
11080.000000    	0.974369  
11081.000000    	0.974497  
11085.000000    	0.974625  
11100.000000    	0.974753  
11181.000000    	0.974881  
11189.000000    	0.975010  
11206.000000    	0.975138  
11209.000000    	0.975266  
11211.000000    	0.975522  
11217.000000    	0.975650  
11277.000000    	0.975779  
11286.000000    	0.975907  
11290.000000    	0.976035  
11384.000000    	0.976163  
11418.000000    	0.976291  
11444.000000    	0.976419  
11476.000000    	0.976547  
11480.000000    	0.976676  
11555.000000    	0.976804  
11602.000000    	0.976932  
11625.000000    	0.977060  
11653.000000    	0.977188  
11679.000000    	0.977316  
11703.000000    	0.977445  
11752.000000    	0.977573  
11782.000000    	0.977701  
11806.000000    	0.977829  
11815.000000    	0.977957  
11896.000000    	0.978085  
11897.000000    	0.978214  
11903.000000    	0.978342  
11919.000000    	0.978470  
12003.000000    	0.978598  
12025.000000    	0.978726  
12043.000000    	0.978854  
12064.000000    	0.978982  
12072.000000    	0.979111  
12159.000000    	0.979239  
12191.000000    	0.979367  
12210.000000    	0.979495  
12284.000000    	0.979623  
12294.000000    	0.979751  
12322.000000    	0.979880  
12327.000000    	0.980008  
12332.000000    	0.980136  
12336.000000    	0.980264  
12365.000000    	0.980392  
12398.000000    	0.980520  
12455.000000    	0.980648  
12477.000000    	0.980777  
12488.000000    	0.981033  
12493.000000    	0.981161  
12505.000000    	0.981289  
12549.000000    	0.981417  
12567.000000    	0.981546  
12580.000000    	0.981674  
12614.000000    	0.981802  
12625.000000    	0.982058  
12636.000000    	0.982186  
12648.000000    	0.982314  
12653.000000    	0.982443  
12655.000000    	0.982571  
12713.000000    	0.982699  
12714.000000    	0.982827  
12722.000000    	0.982955  
12729.000000    	0.983083  
12733.000000    	0.983212  
12750.000000    	0.983340  
12755.000000    	0.983468  
12771.000000    	0.983596  
12787.000000    	0.983724  
12829.000000    	0.983852  
12883.000000    	0.983981  
12893.000000    	0.984109  
12916.000000    	0.984237  
13064.000000    	0.984365  
13068.000000    	0.984493  
13100.000000    	0.984621  
13151.000000    	0.984749  
13156.000000    	0.984878  
13180.000000    	0.985006  
13197.000000    	0.985134  
13210.000000    	0.985262  
13212.000000    	0.985390  
13222.000000    	0.985518  
13246.000000    	0.985647  
13293.000000    	0.985775  
13294.000000    	0.985903  
13295.000000    	0.986031  
13308.000000    	0.986159  
13322.000000    	0.986287  
13336.000000    	0.986415  
13377.000000    	0.986544  
13401.000000    	0.986672  
13407.000000    	0.986800  
13427.000000    	0.986928  
13438.000000    	0.987056  
13447.000000    	0.987184  
13450.000000    	0.987313  
13460.000000    	0.987441  
13480.000000    	0.987569  
13500.000000    	0.987697  
13504.000000    	0.987825  
13554.000000    	0.987953  
13568.000000    	0.988082  
13591.000000    	0.988210  
13612.000000    	0.988338  
13627.000000    	0.988466  
13632.000000    	0.988594  
13652.000000    	0.988722  
13667.000000    	0.988850  
13670.000000    	0.988979  
13726.000000    	0.989107  
13748.000000    	0.989235  
13749.000000    	0.989363  
13920.000000    	0.989491  
13923.000000    	0.989619  
13950.000000    	0.989748  
14004.000000    	0.989876  
14014.000000    	0.990004  
14029.000000    	0.990132  
14078.000000    	0.990260  
14157.000000    	0.990388  
14189.000000    	0.990516  
14192.000000    	0.990645  
14235.000000    	0.990773  
14279.000000    	0.990901  
14391.000000    	0.991029  
14423.000000    	0.991157  
14455.000000    	0.991285  
14479.000000    	0.991414  
14483.000000    	0.991542  
14516.000000    	0.991670  
14522.000000    	0.991798  
14587.000000    	0.991926  
14643.000000    	0.992054  
14656.000000    	0.992182  
14688.000000    	0.992311  
14710.000000    	0.992439  
14731.000000    	0.992567  
14733.000000    	0.992695  
14834.000000    	0.992823  
14892.000000    	0.992951  
14898.000000    	0.993080  
14977.000000    	0.993208  
14990.000000    	0.993336  
14997.000000    	0.993464  
15029.000000    	0.993592  
15033.000000    	0.993720  
15063.000000    	0.993849  
15088.000000    	0.993977  
15173.000000    	0.994105  
15200.000000    	0.994233  
15203.000000    	0.994361  
15420.000000    	0.994489  
15567.000000    	0.994617  
15575.000000    	0.994746  
15605.000000    	0.994874  
15650.000000    	0.995002  
15711.000000    	0.995130  
15721.000000    	0.995258  
15923.000000    	0.995386  
16110.000000    	0.995515  
16215.000000    	0.995643  
16908.000000    	0.995771  
16963.000000    	0.995899  
17169.000000    	0.996027  
17232.000000    	0.996155  
18034.000000    	0.996283  
18498.000000    	0.996412  
18755.000000    	0.996540  
19321.000000    	0.996668  
19473.000000    	0.996796  
19577.000000    	0.996924  
19621.000000    	0.997052  
19776.000000    	0.997181  
19782.000000    	0.997309  
19988.000000    	0.997437  
20309.000000    	0.997565  
25234.000000    	0.997693  
25344.000000    	0.997821  
25451.000000    	0.997950  
53533.000000    	0.998078  
59488.000000    	0.998206  
62410.000000    	0.998334  
62641.000000    	0.998462  
64673.000000    	0.998590  
69082.000000    	0.998718  
69136.000000    	0.998847  
69345.000000    	0.998975  
69399.000000    	0.999103  
81255.000000    	0.999231  
83843.000000    	0.999359  
83923.000000    	0.999487  
90178.000000    	0.999616  
91005.000000    	0.999744  
91033.000000    	0.999872  
106248.000000   	1.000000  
106248.000000   	1.000000  
