20.000000       	0.000128  
27.000000       	0.000384  
29.000000       	0.000513  
32.000000       	0.000641  
35.000000       	0.000769  
36.000000       	0.000897  
38.000000       	0.001025  
39.000000       	0.001153  
41.000000       	0.001410  
42.000000       	0.001794  
43.000000       	0.002050  
44.000000       	0.002179  
45.000000       	0.002435  
47.000000       	0.002691  
48.000000       	0.003588  
49.000000       	0.003845  
50.000000       	0.004357  
51.000000       	0.005126  
52.000000       	0.006280  
53.000000       	0.006792  
54.000000       	0.007561  
55.000000       	0.008586  
56.000000       	0.009099  
57.000000       	0.009740  
58.000000       	0.010381  
59.000000       	0.011790  
60.000000       	0.013328  
61.000000       	0.013841  
62.000000       	0.014994  
63.000000       	0.016788  
64.000000       	0.018070  
65.000000       	0.019095  
66.000000       	0.020120  
67.000000       	0.021658  
68.000000       	0.023196  
69.000000       	0.024350  
70.000000       	0.025887  
71.000000       	0.027425  
72.000000       	0.029604  
73.000000       	0.032295  
74.000000       	0.033449  
75.000000       	0.036012  
76.000000       	0.037678  
77.000000       	0.038575  
78.000000       	0.039985  
79.000000       	0.041394  
80.000000       	0.043060  
81.000000       	0.044214  
82.000000       	0.045239  
83.000000       	0.048187  
84.000000       	0.049981  
85.000000       	0.052288  
86.000000       	0.054210  
87.000000       	0.056517  
88.000000       	0.058311  
89.000000       	0.059721  
90.000000       	0.061130  
91.000000       	0.062668  
92.000000       	0.064975  
93.000000       	0.066769  
94.000000       	0.068179  
95.000000       	0.069460  
96.000000       	0.071511  
97.000000       	0.073049  
98.000000       	0.074715  
99.000000       	0.076253  
100.000000      	0.077662  
101.000000      	0.079328  
102.000000      	0.080866  
103.000000      	0.082276  
104.000000      	0.083814  
105.000000      	0.084455  
106.000000      	0.085095  
107.000000      	0.086249  
108.000000      	0.087146  
109.000000      	0.087530  
110.000000      	0.088299  
111.000000      	0.088556  
112.000000      	0.090478  
113.000000      	0.091247  
114.000000      	0.091503  
115.000000      	0.092529  
116.000000      	0.093169  
117.000000      	0.094323  
118.000000      	0.095220  
119.000000      	0.095861  
120.000000      	0.096886  
121.000000      	0.097783  
122.000000      	0.098296  
123.000000      	0.099193  
124.000000      	0.100090  
125.000000      	0.101371  
126.000000      	0.102909  
127.000000      	0.103678  
128.000000      	0.104447  
129.000000      	0.105472  
130.000000      	0.106754  
131.000000      	0.107779  
132.000000      	0.108804  
133.000000      	0.109445  
134.000000      	0.110470  
135.000000      	0.111624  
136.000000      	0.112393  
137.000000      	0.113033  
138.000000      	0.114443  
139.000000      	0.115340  
140.000000      	0.116237  
141.000000      	0.117134  
142.000000      	0.118032  
143.000000      	0.118929  
144.000000      	0.119826  
145.000000      	0.120338  
146.000000      	0.120723  
147.000000      	0.121620  
148.000000      	0.122773  
149.000000      	0.124055  
150.000000      	0.125593  
151.000000      	0.126105  
152.000000      	0.127002  
153.000000      	0.127900  
154.000000      	0.128668  
155.000000      	0.129053  
156.000000      	0.130078  
157.000000      	0.130847  
158.000000      	0.131488  
159.000000      	0.132001  
160.000000      	0.132513  
161.000000      	0.132898  
162.000000      	0.133410  
163.000000      	0.134692  
164.000000      	0.135076  
165.000000      	0.135589  
166.000000      	0.136230  
167.000000      	0.136614  
168.000000      	0.136999  
169.000000      	0.137383  
170.000000      	0.138280  
171.000000      	0.138921  
172.000000      	0.139177  
173.000000      	0.139690  
174.000000      	0.140074  
175.000000      	0.140331  
176.000000      	0.140715  
177.000000      	0.141356  
178.000000      	0.141484  
179.000000      	0.141869  
180.000000      	0.142253  
181.000000      	0.142509  
182.000000      	0.143022  
183.000000      	0.144047  
184.000000      	0.144432  
185.000000      	0.144688  
186.000000      	0.145072  
187.000000      	0.145201  
188.000000      	0.145585  
189.000000      	0.145841  
190.000000      	0.146354  
191.000000      	0.146482  
192.000000      	0.146738  
194.000000      	0.147251  
195.000000      	0.147507  
196.000000      	0.147892  
198.000000      	0.148148  
199.000000      	0.148276  
201.000000      	0.148533  
202.000000      	0.148917  
203.000000      	0.149302  
204.000000      	0.149558  
205.000000      	0.149814  
206.000000      	0.150455  
207.000000      	0.150711  
208.000000      	0.150968  
210.000000      	0.151480  
211.000000      	0.151737  
212.000000      	0.151993  
213.000000      	0.152249  
214.000000      	0.152762  
215.000000      	0.153018  
216.000000      	0.153403  
217.000000      	0.153787  
218.000000      	0.154043  
219.000000      	0.154171  
220.000000      	0.154556  
221.000000      	0.154812  
222.000000      	0.155197  
223.000000      	0.155453  
225.000000      	0.155581  
226.000000      	0.155837  
227.000000      	0.155966  
228.000000      	0.156222  
230.000000      	0.156478  
231.000000      	0.156735  
232.000000      	0.157888  
233.000000      	0.158144  
234.000000      	0.158657  
236.000000      	0.159170  
237.000000      	0.159554  
238.000000      	0.160067  
239.000000      	0.160323  
240.000000      	0.160451  
241.000000      	0.160707  
242.000000      	0.160836  
243.000000      	0.161220  
244.000000      	0.161605  
245.000000      	0.161861  
246.000000      	0.162245  
247.000000      	0.162502  
248.000000      	0.162630  
249.000000      	0.163014  
250.000000      	0.163399  
251.000000      	0.163655  
253.000000      	0.163783  
254.000000      	0.164168  
255.000000      	0.164552  
256.000000      	0.164808  
257.000000      	0.165193  
258.000000      	0.165577  
259.000000      	0.165834  
260.000000      	0.166090  
261.000000      	0.166603  
262.000000      	0.166859  
263.000000      	0.167243  
264.000000      	0.167372  
265.000000      	0.167756  
267.000000      	0.167884  
268.000000      	0.168012  
269.000000      	0.168525  
270.000000      	0.169166  
271.000000      	0.169294  
272.000000      	0.169678  
273.000000      	0.170063  
274.000000      	0.170575  
276.000000      	0.170960  
277.000000      	0.171216  
278.000000      	0.171857  
279.000000      	0.171985  
280.000000      	0.172241  
281.000000      	0.172498  
282.000000      	0.172626  
283.000000      	0.173010  
284.000000      	0.173139  
285.000000      	0.173395  
286.000000      	0.173651  
288.000000      	0.174036  
290.000000      	0.174292  
291.000000      	0.174420  
292.000000      	0.174676  
294.000000      	0.175061  
295.000000      	0.175702  
296.000000      	0.175830  
297.000000      	0.176342  
298.000000      	0.176471  
299.000000      	0.176599  
300.000000      	0.176983  
301.000000      	0.177240  
302.000000      	0.177496  
303.000000      	0.177752  
304.000000      	0.178008  
305.000000      	0.178393  
306.000000      	0.178777  
307.000000      	0.178906  
308.000000      	0.179162  
309.000000      	0.179546  
310.000000      	0.180059  
311.000000      	0.180572  
312.000000      	0.180828  
313.000000      	0.181212  
314.000000      	0.181597  
315.000000      	0.181853  
316.000000      	0.182238  
317.000000      	0.182366  
318.000000      	0.182622  
319.000000      	0.182750  
320.000000      	0.183263  
321.000000      	0.183519  
323.000000      	0.183775  
324.000000      	0.183904  
325.000000      	0.184288  
326.000000      	0.184801  
327.000000      	0.184929  
328.000000      	0.185570  
329.000000      	0.185698  
331.000000      	0.185826  
332.000000      	0.186082  
333.000000      	0.186339  
334.000000      	0.186723  
335.000000      	0.186979  
336.000000      	0.187620  
337.000000      	0.187748  
338.000000      	0.188261  
339.000000      	0.189158  
340.000000      	0.189286  
341.000000      	0.189799  
343.000000      	0.190440  
344.000000      	0.191209  
345.000000      	0.191721  
346.000000      	0.192106  
347.000000      	0.192362  
348.000000      	0.192618  
349.000000      	0.193131  
350.000000      	0.193515  
352.000000      	0.194156  
353.000000      	0.194797  
354.000000      	0.195181  
355.000000      	0.195309  
356.000000      	0.195822  
357.000000      	0.196207  
358.000000      	0.196591  
359.000000      	0.196847  
360.000000      	0.197488  
361.000000      	0.197616  
362.000000      	0.197873  
363.000000      	0.198642  
364.000000      	0.199154  
365.000000      	0.199667  
366.000000      	0.200308  
367.000000      	0.200692  
368.000000      	0.201333  
369.000000      	0.201461  
370.000000      	0.201717  
371.000000      	0.202614  
372.000000      	0.203127  
373.000000      	0.203383  
374.000000      	0.204793  
375.000000      	0.205434  
377.000000      	0.206203  
378.000000      	0.207356  
379.000000      	0.207484  
380.000000      	0.208125  
381.000000      	0.208638  
382.000000      	0.209150  
383.000000      	0.210047  
384.000000      	0.210304  
385.000000      	0.210816  
386.000000      	0.211585  
387.000000      	0.211970  
388.000000      	0.212226  
389.000000      	0.213251  
390.000000      	0.214020  
391.000000      	0.214917  
392.000000      	0.215045  
393.000000      	0.215558  
394.000000      	0.216071  
395.000000      	0.216199  
396.000000      	0.216455  
397.000000      	0.216712  
398.000000      	0.217224  
399.000000      	0.217480  
400.000000      	0.217993  
401.000000      	0.218506  
402.000000      	0.219018  
403.000000      	0.219659  
404.000000      	0.220813  
405.000000      	0.221581  
406.000000      	0.221838  
407.000000      	0.222607  
408.000000      	0.223504  
409.000000      	0.223632  
410.000000      	0.224016  
411.000000      	0.224401  
412.000000      	0.225042  
413.000000      	0.226067  
414.000000      	0.226708  
415.000000      	0.227220  
416.000000      	0.227989  
417.000000      	0.228630  
418.000000      	0.229655  
419.000000      	0.230296  
420.000000      	0.230681  
421.000000      	0.232218  
422.000000      	0.232859  
423.000000      	0.233372  
424.000000      	0.234013  
425.000000      	0.234141  
426.000000      	0.235166  
427.000000      	0.235550  
428.000000      	0.236576  
429.000000      	0.237216  
430.000000      	0.237857  
431.000000      	0.238370  
432.000000      	0.239395  
433.000000      	0.240549  
434.000000      	0.241189  
435.000000      	0.241830  
436.000000      	0.242983  
437.000000      	0.243368  
438.000000      	0.244265  
439.000000      	0.244393  
440.000000      	0.245034  
441.000000      	0.245931  
442.000000      	0.246444  
443.000000      	0.246956  
444.000000      	0.247853  
445.000000      	0.248366  
446.000000      	0.249648  
447.000000      	0.250929  
448.000000      	0.251442  
449.000000      	0.251826  
450.000000      	0.252083  
451.000000      	0.252851  
452.000000      	0.253749  
453.000000      	0.254646  
454.000000      	0.254902  
455.000000      	0.255158  
456.000000      	0.255927  
457.000000      	0.256184  
458.000000      	0.257081  
459.000000      	0.257850  
460.000000      	0.258875  
461.000000      	0.259259  
462.000000      	0.260156  
463.000000      	0.261053  
464.000000      	0.262591  
465.000000      	0.262976  
466.000000      	0.264129  
467.000000      	0.265154  
468.000000      	0.266052  
469.000000      	0.267205  
470.000000      	0.268230  
471.000000      	0.268999  
472.000000      	0.269896  
473.000000      	0.270409  
474.000000      	0.271690  
475.000000      	0.272587  
476.000000      	0.273997  
477.000000      	0.274766  
478.000000      	0.275791  
479.000000      	0.277073  
480.000000      	0.277586  
481.000000      	0.278354  
482.000000      	0.279123  
483.000000      	0.280533  
484.000000      	0.281174  
485.000000      	0.282455  
486.000000      	0.283993  
487.000000      	0.284890  
488.000000      	0.285788  
489.000000      	0.286428  
490.000000      	0.287838  
491.000000      	0.288863  
492.000000      	0.289632  
493.000000      	0.289889  
494.000000      	0.290657  
495.000000      	0.291683  
496.000000      	0.292580  
497.000000      	0.294502  
498.000000      	0.295399  
499.000000      	0.296168  
500.000000      	0.296809  
501.000000      	0.297834  
502.000000      	0.298859  
503.000000      	0.299628  
504.000000      	0.301038  
505.000000      	0.301935  
506.000000      	0.302960  
507.000000      	0.303601  
508.000000      	0.304626  
509.000000      	0.306164  
510.000000      	0.306421  
511.000000      	0.307190  
512.000000      	0.307446  
513.000000      	0.308984  
514.000000      	0.309881  
515.000000      	0.310522  
516.000000      	0.311675  
517.000000      	0.313085  
518.000000      	0.313854  
519.000000      	0.315520  
520.000000      	0.316417  
521.000000      	0.316929  
522.000000      	0.318339  
523.000000      	0.319877  
524.000000      	0.320646  
525.000000      	0.321287  
526.000000      	0.322184  
527.000000      	0.322696  
528.000000      	0.323978  
529.000000      	0.325388  
530.000000      	0.326285  
531.000000      	0.327054  
532.000000      	0.327438  
533.000000      	0.328079  
534.000000      	0.328848  
535.000000      	0.330001  
536.000000      	0.330514  
537.000000      	0.331924  
538.000000      	0.332949  
539.000000      	0.333846  
540.000000      	0.335384  
541.000000      	0.336409  
542.000000      	0.337306  
543.000000      	0.337947  
544.000000      	0.338460  
545.000000      	0.339229  
546.000000      	0.339357  
547.000000      	0.339741  
548.000000      	0.341407  
549.000000      	0.341792  
550.000000      	0.342689  
551.000000      	0.343329  
552.000000      	0.344483  
553.000000      	0.345893  
554.000000      	0.346918  
555.000000      	0.347815  
556.000000      	0.349865  
557.000000      	0.350891  
558.000000      	0.352172  
559.000000      	0.353326  
560.000000      	0.354351  
561.000000      	0.355632  
562.000000      	0.356786  
563.000000      	0.357555  
564.000000      	0.358580  
565.000000      	0.359477  
566.000000      	0.360887  
567.000000      	0.362297  
568.000000      	0.364219  
569.000000      	0.365629  
570.000000      	0.366526  
571.000000      	0.367807  
572.000000      	0.368704  
573.000000      	0.369858  
574.000000      	0.370242  
575.000000      	0.371011  
576.000000      	0.372549  
577.000000      	0.373959  
578.000000      	0.375368  
579.000000      	0.376137  
580.000000      	0.377034  
581.000000      	0.378188  
582.000000      	0.378700  
583.000000      	0.379469  
584.000000      	0.380495  
585.000000      	0.381392  
586.000000      	0.382417  
587.000000      	0.383570  
588.000000      	0.383955  
589.000000      	0.385108  
590.000000      	0.386518  
591.000000      	0.387287  
592.000000      	0.387543  
593.000000      	0.388440  
594.000000      	0.389594  
595.000000      	0.390363  
596.000000      	0.391388  
597.000000      	0.391901  
598.000000      	0.392669  
599.000000      	0.393567  
600.000000      	0.394207  
601.000000      	0.394720  
602.000000      	0.395489  
603.000000      	0.396514  
604.000000      	0.397283  
605.000000      	0.398308  
606.000000      	0.398565  
607.000000      	0.398821  
608.000000      	0.399590  
609.000000      	0.400743  
610.000000      	0.400871  
611.000000      	0.402281  
612.000000      	0.403306  
613.000000      	0.403563  
614.000000      	0.404075  
615.000000      	0.405101  
616.000000      	0.405998  
617.000000      	0.406382  
618.000000      	0.406895  
619.000000      	0.407536  
620.000000      	0.408433  
621.000000      	0.409073  
622.000000      	0.409842  
623.000000      	0.410483  
624.000000      	0.411637  
625.000000      	0.412021  
626.000000      	0.412918  
627.000000      	0.413815  
628.000000      	0.413943  
629.000000      	0.414584  
630.000000      	0.414969  
631.000000      	0.415866  
632.000000      	0.416378  
633.000000      	0.417275  
634.000000      	0.417916  
635.000000      	0.418685  
636.000000      	0.419454  
637.000000      	0.420095  
638.000000      	0.420864  
639.000000      	0.421376  
640.000000      	0.422145  
641.000000      	0.423299  
642.000000      	0.424196  
643.000000      	0.425221  
644.000000      	0.425477  
645.000000      	0.425990  
646.000000      	0.426503  
647.000000      	0.427272  
648.000000      	0.428425  
649.000000      	0.428938  
650.000000      	0.429322  
651.000000      	0.429963  
652.000000      	0.430604  
653.000000      	0.431757  
654.000000      	0.432526  
655.000000      	0.433551  
656.000000      	0.434064  
657.000000      	0.434833  
658.000000      	0.435474  
659.000000      	0.436114  
660.000000      	0.437140  
661.000000      	0.437908  
662.000000      	0.438421  
663.000000      	0.439062  
664.000000      	0.439831  
665.000000      	0.440600  
666.000000      	0.441112  
667.000000      	0.442138  
668.000000      	0.443163  
669.000000      	0.443676  
670.000000      	0.444188  
671.000000      	0.445342  
672.000000      	0.445982  
673.000000      	0.446367  
674.000000      	0.446751  
675.000000      	0.448161  
676.000000      	0.448674  
677.000000      	0.449571  
678.000000      	0.450340  
679.000000      	0.450852  
680.000000      	0.451237  
681.000000      	0.451621  
682.000000      	0.452775  
683.000000      	0.454056  
684.000000      	0.454441  
685.000000      	0.455210  
686.000000      	0.455850  
687.000000      	0.456747  
688.000000      	0.457388  
689.000000      	0.457773  
690.000000      	0.458798  
691.000000      	0.459695  
692.000000      	0.460208  
693.000000      	0.461617  
694.000000      	0.463027  
695.000000      	0.464052  
696.000000      	0.465206  
697.000000      	0.465975  
698.000000      	0.467256  
699.000000      	0.467641  
700.000000      	0.468153  
701.000000      	0.469179  
702.000000      	0.469947  
703.000000      	0.470716  
704.000000      	0.471229  
705.000000      	0.472382  
706.000000      	0.472767  
707.000000      	0.473664  
708.000000      	0.474689  
709.000000      	0.475586  
710.000000      	0.476355  
711.000000      	0.477252  
712.000000      	0.478534  
713.000000      	0.479303  
714.000000      	0.479815  
715.000000      	0.480456  
716.000000      	0.481481  
717.000000      	0.482122  
718.000000      	0.483532  
719.000000      	0.484557  
720.000000      	0.485454  
721.000000      	0.486351  
722.000000      	0.487120  
723.000000      	0.487889  
724.000000      	0.489299  
725.000000      	0.490196  
726.000000      	0.491221  
727.000000      	0.491990  
728.000000      	0.493400  
729.000000      	0.494297  
730.000000      	0.495579  
731.000000      	0.496604  
732.000000      	0.497501  
733.000000      	0.497757  
734.000000      	0.499423  
735.000000      	0.500705  
736.000000      	0.501858  
737.000000      	0.502627  
738.000000      	0.503781  
739.000000      	0.504421  
740.000000      	0.505062  
741.000000      	0.506344  
742.000000      	0.507113  
743.000000      	0.507753  
744.000000      	0.508907  
745.000000      	0.509676  
746.000000      	0.510317  
747.000000      	0.511085  
748.000000      	0.511854  
749.000000      	0.512367  
750.000000      	0.513520  
751.000000      	0.513777  
752.000000      	0.514674  
753.000000      	0.515571  
754.000000      	0.516212  
755.000000      	0.516981  
756.000000      	0.518775  
757.000000      	0.519416  
758.000000      	0.520313  
759.000000      	0.521338  
760.000000      	0.521851  
761.000000      	0.522876  
762.000000      	0.523260  
763.000000      	0.523645  
764.000000      	0.524670  
765.000000      	0.525567  
766.000000      	0.526208  
767.000000      	0.527489  
768.000000      	0.527874  
769.000000      	0.529027  
770.000000      	0.530181  
771.000000      	0.530821  
772.000000      	0.531847  
773.000000      	0.532744  
774.000000      	0.533128  
775.000000      	0.533769  
776.000000      	0.534538  
777.000000      	0.535051  
778.000000      	0.536332  
779.000000      	0.537486  
780.000000      	0.537998  
781.000000      	0.539023  
782.000000      	0.539921  
783.000000      	0.540561  
784.000000      	0.541074  
785.000000      	0.542356  
786.000000      	0.543253  
787.000000      	0.544278  
788.000000      	0.545047  
789.000000      	0.545431  
790.000000      	0.546328  
791.000000      	0.547482  
792.000000      	0.548251  
793.000000      	0.549020  
794.000000      	0.549532  
795.000000      	0.549917  
796.000000      	0.550429  
797.000000      	0.551198  
798.000000      	0.551839  
799.000000      	0.552608  
800.000000      	0.553249  
801.000000      	0.554274  
802.000000      	0.554787  
803.000000      	0.555171  
804.000000      	0.556068  
805.000000      	0.556453  
806.000000      	0.557734  
807.000000      	0.558631  
808.000000      	0.559016  
809.000000      	0.559657  
810.000000      	0.560425  
811.000000      	0.561707  
812.000000      	0.562220  
813.000000      	0.562989  
814.000000      	0.564142  
815.000000      	0.565167  
816.000000      	0.565808  
817.000000      	0.566833  
818.000000      	0.567346  
819.000000      	0.568371  
820.000000      	0.569012  
821.000000      	0.570550  
822.000000      	0.571447  
823.000000      	0.572344  
824.000000      	0.573113  
825.000000      	0.573754  
826.000000      	0.574907  
827.000000      	0.575163  
828.000000      	0.576060  
829.000000      	0.576958  
830.000000      	0.578239  
831.000000      	0.579264  
832.000000      	0.580418  
833.000000      	0.580546  
834.000000      	0.581699  
835.000000      	0.582340  
836.000000      	0.582981  
837.000000      	0.583878  
838.000000      	0.584647  
839.000000      	0.585288  
840.000000      	0.585928  
841.000000      	0.586313  
842.000000      	0.586569  
843.000000      	0.587851  
844.000000      	0.588876  
845.000000      	0.589517  
846.000000      	0.590286  
847.000000      	0.591183  
848.000000      	0.591824  
849.000000      	0.592464  
850.000000      	0.593746  
851.000000      	0.594643  
852.000000      	0.595668  
853.000000      	0.596309  
854.000000      	0.597206  
855.000000      	0.598103  
856.000000      	0.598616  
857.000000      	0.599257  
858.000000      	0.600410  
859.000000      	0.601435  
860.000000      	0.601820  
861.000000      	0.602845  
862.000000      	0.603870  
863.000000      	0.604639  
864.000000      	0.605536  
865.000000      	0.606177  
866.000000      	0.606690  
867.000000      	0.608099  
868.000000      	0.608612  
869.000000      	0.609381  
870.000000      	0.610150  
871.000000      	0.610791  
872.000000      	0.611560  
873.000000      	0.612713  
874.000000      	0.613226  
875.000000      	0.613738  
876.000000      	0.614764  
877.000000      	0.615404  
878.000000      	0.615917  
879.000000      	0.616558  
880.000000      	0.617327  
881.000000      	0.617967  
882.000000      	0.618736  
883.000000      	0.618993  
884.000000      	0.619633  
885.000000      	0.620787  
886.000000      	0.621428  
887.000000      	0.622068  
888.000000      	0.622581  
889.000000      	0.623350  
890.000000      	0.623606  
891.000000      	0.624375  
892.000000      	0.624888  
893.000000      	0.626298  
894.000000      	0.627067  
895.000000      	0.627964  
896.000000      	0.628861  
897.000000      	0.629758  
898.000000      	0.630142  
899.000000      	0.630783  
900.000000      	0.631808  
901.000000      	0.632449  
902.000000      	0.633090  
903.000000      	0.633602  
904.000000      	0.633987  
905.000000      	0.634500  
906.000000      	0.635140  
907.000000      	0.635781  
908.000000      	0.636550  
909.000000      	0.636935  
910.000000      	0.637575  
911.000000      	0.638601  
912.000000      	0.639241  
913.000000      	0.639882  
914.000000      	0.641035  
915.000000      	0.641420  
916.000000      	0.641548  
917.000000      	0.642061  
918.000000      	0.642958  
919.000000      	0.643727  
920.000000      	0.644880  
921.000000      	0.646162  
922.000000      	0.646418  
923.000000      	0.647059  
924.000000      	0.648597  
925.000000      	0.649366  
926.000000      	0.650391  
927.000000      	0.651160  
928.000000      	0.652057  
929.000000      	0.652954  
930.000000      	0.653723  
931.000000      	0.654236  
932.000000      	0.654748  
933.000000      	0.655517  
934.000000      	0.656542  
935.000000      	0.657439  
936.000000      	0.658080  
937.000000      	0.658593  
938.000000      	0.658977  
939.000000      	0.659874  
940.000000      	0.661028  
941.000000      	0.662181  
942.000000      	0.663078  
943.000000      	0.664104  
944.000000      	0.665129  
945.000000      	0.665641  
946.000000      	0.666539  
947.000000      	0.667051  
948.000000      	0.667820  
949.000000      	0.668461  
950.000000      	0.669230  
951.000000      	0.670511  
952.000000      	0.671408  
953.000000      	0.672049  
954.000000      	0.672434  
955.000000      	0.673331  
956.000000      	0.674228  
957.000000      	0.674869  
958.000000      	0.675253  
959.000000      	0.675894  
960.000000      	0.676278  
961.000000      	0.677047  
962.000000      	0.677432  
963.000000      	0.678457  
964.000000      	0.679354  
965.000000      	0.679867  
966.000000      	0.680379  
967.000000      	0.681276  
968.000000      	0.682302  
969.000000      	0.683071  
970.000000      	0.684352  
971.000000      	0.685506  
972.000000      	0.686018  
973.000000      	0.686787  
974.000000      	0.687428  
975.000000      	0.688069  
976.000000      	0.688838  
977.000000      	0.689863  
978.000000      	0.690632  
979.000000      	0.691913  
980.000000      	0.692939  
981.000000      	0.694220  
982.000000      	0.694989  
983.000000      	0.695758  
984.000000      	0.697040  
986.000000      	0.697809  
987.000000      	0.698449  
988.000000      	0.698577  
989.000000      	0.698962  
990.000000      	0.699731  
991.000000      	0.700500  
992.000000      	0.701397  
993.000000      	0.702038  
994.000000      	0.702807  
995.000000      	0.703063  
996.000000      	0.704344  
997.000000      	0.704729  
998.000000      	0.705754  
999.000000      	0.706523  
1000.000000     	0.707677  
1001.000000     	0.708445  
1002.000000     	0.708958  
1003.000000     	0.709727  
1004.000000     	0.710368  
1005.000000     	0.710624  
1006.000000     	0.711521  
1007.000000     	0.712290  
1008.000000     	0.713315  
1009.000000     	0.713956  
1010.000000     	0.714725  
1011.000000     	0.714981  
1012.000000     	0.715622  
1013.000000     	0.716007  
1014.000000     	0.717416  
1015.000000     	0.717929  
1016.000000     	0.718826  
1017.000000     	0.719467  
1018.000000     	0.719851  
1019.000000     	0.721133  
1020.000000     	0.721774  
1021.000000     	0.722158  
1022.000000     	0.722927  
1023.000000     	0.723696  
1024.000000     	0.724080  
1025.000000     	0.724849  
1026.000000     	0.725490  
1027.000000     	0.726003  
1028.000000     	0.726387  
1029.000000     	0.727284  
1030.000000     	0.727413  
1031.000000     	0.727925  
1032.000000     	0.728694  
1033.000000     	0.729463  
1034.000000     	0.730745  
1035.000000     	0.731642  
1036.000000     	0.732411  
1037.000000     	0.732923  
1038.000000     	0.733820  
1039.000000     	0.734717  
1040.000000     	0.735230  
1041.000000     	0.735999  
1042.000000     	0.736512  
1043.000000     	0.737409  
1044.000000     	0.738049  
1045.000000     	0.738690  
1046.000000     	0.739331  
1047.000000     	0.740100  
1048.000000     	0.740997  
1049.000000     	0.741766  
1050.000000     	0.742535  
1051.000000     	0.743688  
1052.000000     	0.744842  
1053.000000     	0.745354  
1054.000000     	0.746123  
1055.000000     	0.746892  
1056.000000     	0.747533  
1057.000000     	0.748302  
1058.000000     	0.748815  
1059.000000     	0.749071  
1060.000000     	0.749583  
1061.000000     	0.750096  
1062.000000     	0.750737  
1063.000000     	0.751121  
1064.000000     	0.751506  
1065.000000     	0.751762  
1066.000000     	0.752531  
1067.000000     	0.752787  
1068.000000     	0.753172  
1069.000000     	0.753684  
1070.000000     	0.753941  
1071.000000     	0.755991  
1072.000000     	0.756504  
1073.000000     	0.757785  
1074.000000     	0.758683  
1075.000000     	0.758939  
1076.000000     	0.759451  
1077.000000     	0.759836  
1078.000000     	0.760605  
1080.000000     	0.760989  
1081.000000     	0.761630  
1082.000000     	0.762143  
1083.000000     	0.762912  
1084.000000     	0.763424  
1085.000000     	0.763552  
1086.000000     	0.763937  
1087.000000     	0.764450  
1088.000000     	0.765603  
1089.000000     	0.765987  
1090.000000     	0.766885  
1091.000000     	0.767269  
1092.000000     	0.767910  
1093.000000     	0.768807  
1094.000000     	0.769704  
1095.000000     	0.770473  
1096.000000     	0.771114  
1097.000000     	0.771754  
1098.000000     	0.772652  
1099.000000     	0.773420  
1100.000000     	0.773805  
1101.000000     	0.774446  
1102.000000     	0.775727  
1103.000000     	0.776881  
1104.000000     	0.777521  
1105.000000     	0.777650  
1106.000000     	0.778931  
1107.000000     	0.779444  
1108.000000     	0.780213  
1109.000000     	0.780597  
1110.000000     	0.780982  
1111.000000     	0.781494  
1112.000000     	0.782135  
1113.000000     	0.782776  
1114.000000     	0.783417  
1115.000000     	0.784442  
1116.000000     	0.785339  
1117.000000     	0.785852  
1118.000000     	0.785980  
1119.000000     	0.786236  
1120.000000     	0.786749  
1121.000000     	0.787261  
1122.000000     	0.788158  
1123.000000     	0.789184  
1124.000000     	0.789953  
1125.000000     	0.790337  
1126.000000     	0.790465  
1127.000000     	0.791362  
1128.000000     	0.791747  
1129.000000     	0.792900  
1130.000000     	0.793669  
1131.000000     	0.794310  
1132.000000     	0.794951  
1133.000000     	0.796104  
1134.000000     	0.796617  
1135.000000     	0.797257  
1136.000000     	0.798155  
1137.000000     	0.798667  
1138.000000     	0.798923  
1139.000000     	0.799052  
1140.000000     	0.799308  
1141.000000     	0.799692  
1142.000000     	0.800333  
1143.000000     	0.800590  
1144.000000     	0.801230  
1145.000000     	0.801615  
1146.000000     	0.802127  
1147.000000     	0.802512  
1148.000000     	0.803024  
1149.000000     	0.803537  
1150.000000     	0.804306  
1151.000000     	0.805075  
1152.000000     	0.805203  
1153.000000     	0.805972  
1154.000000     	0.806997  
1155.000000     	0.807254  
1156.000000     	0.807894  
1157.000000     	0.808279  
1158.000000     	0.808663  
1159.000000     	0.809048  
1160.000000     	0.809304  
1161.000000     	0.810073  
1162.000000     	0.810842  
1163.000000     	0.811355  
1164.000000     	0.811867  
1165.000000     	0.811995  
1166.000000     	0.812636  
1167.000000     	0.812892  
1168.000000     	0.813533  
1169.000000     	0.813790  
1170.000000     	0.814302  
1171.000000     	0.814687  
1172.000000     	0.815071  
1173.000000     	0.815456  
1174.000000     	0.815712  
1175.000000     	0.816096  
1176.000000     	0.816737  
1177.000000     	0.816993  
1178.000000     	0.817378  
1179.000000     	0.818403  
1180.000000     	0.818916  
1181.000000     	0.819557  
1182.000000     	0.820326  
1183.000000     	0.820838  
1184.000000     	0.821223  
1185.000000     	0.821351  
1186.000000     	0.821863  
1187.000000     	0.821992  
1188.000000     	0.822504  
1189.000000     	0.823145  
1190.000000     	0.823529  
1191.000000     	0.823914  
1192.000000     	0.824170  
1193.000000     	0.824555  
1194.000000     	0.824939  
1195.000000     	0.825452  
1196.000000     	0.825836  
1197.000000     	0.826605  
1198.000000     	0.826733  
1199.000000     	0.827502  
1200.000000     	0.827759  
1201.000000     	0.828015  
1202.000000     	0.828656  
1203.000000     	0.829296  
1204.000000     	0.829681  
1205.000000     	0.830322  
1206.000000     	0.830834  
1207.000000     	0.831219  
1208.000000     	0.831860  
1209.000000     	0.832500  
1210.000000     	0.832757  
1211.000000     	0.832885  
1212.000000     	0.833269  
1213.000000     	0.833910  
1214.000000     	0.834423  
1215.000000     	0.834679  
1216.000000     	0.835063  
1217.000000     	0.835448  
1218.000000     	0.835704  
1219.000000     	0.836089  
1220.000000     	0.836345  
1221.000000     	0.836601  
1222.000000     	0.837242  
1223.000000     	0.837498  
1224.000000     	0.837755  
1225.000000     	0.838267  
1226.000000     	0.839036  
1227.000000     	0.839421  
1228.000000     	0.839677  
1229.000000     	0.840574  
1230.000000     	0.840830  
1231.000000     	0.840959  
1232.000000     	0.841087  
1233.000000     	0.841856  
1234.000000     	0.842112  
1235.000000     	0.842240  
1236.000000     	0.843009  
1237.000000     	0.843650  
1239.000000     	0.844547  
1240.000000     	0.845316  
1241.000000     	0.846213  
1242.000000     	0.846469  
1243.000000     	0.846854  
1244.000000     	0.847238  
1245.000000     	0.847366  
1246.000000     	0.847623  
1247.000000     	0.848263  
1248.000000     	0.848776  
1249.000000     	0.849032  
1250.000000     	0.849545  
1251.000000     	0.849801  
1252.000000     	0.849930  
1253.000000     	0.850186  
1255.000000     	0.850827  
1256.000000     	0.851211  
1257.000000     	0.851852  
1258.000000     	0.851980  
1259.000000     	0.852364  
1261.000000     	0.852493  
1262.000000     	0.852877  
1263.000000     	0.853005  
1264.000000     	0.853133  
1265.000000     	0.853390  
1266.000000     	0.854031  
1267.000000     	0.854287  
1268.000000     	0.854415  
1269.000000     	0.855056  
1271.000000     	0.855568  
1272.000000     	0.855953  
1273.000000     	0.856081  
1274.000000     	0.856337  
1275.000000     	0.856594  
1277.000000     	0.856850  
1278.000000     	0.857106  
1279.000000     	0.857363  
1280.000000     	0.857491  
1281.000000     	0.857619  
1282.000000     	0.857875  
1283.000000     	0.858260  
1284.000000     	0.858516  
1285.000000     	0.858772  
1286.000000     	0.858900  
1288.000000     	0.859413  
1289.000000     	0.859669  
1290.000000     	0.859798  
1293.000000     	0.859926  
1294.000000     	0.860054  
1295.000000     	0.860438  
1296.000000     	0.860823  
1297.000000     	0.861079  
1298.000000     	0.861464  
1299.000000     	0.861592  
1300.000000     	0.861720  
1301.000000     	0.861848  
1302.000000     	0.862104  
1303.000000     	0.862361  
1304.000000     	0.862745  
1305.000000     	0.863130  
1306.000000     	0.863258  
1307.000000     	0.863899  
1308.000000     	0.864283  
1310.000000     	0.864539  
1311.000000     	0.864796  
1312.000000     	0.865052  
1313.000000     	0.865180  
1314.000000     	0.865436  
1315.000000     	0.865949  
1316.000000     	0.866205  
1317.000000     	0.866718  
1318.000000     	0.866974  
1320.000000     	0.867231  
1321.000000     	0.867487  
1322.000000     	0.867615  
1324.000000     	0.867871  
1325.000000     	0.868256  
1326.000000     	0.868384  
1327.000000     	0.868768  
1330.000000     	0.869025  
1331.000000     	0.869153  
1332.000000     	0.870178  
1334.000000     	0.870434  
1335.000000     	0.870691  
1336.000000     	0.870947  
1337.000000     	0.871332  
1338.000000     	0.871588  
1342.000000     	0.871716  
1343.000000     	0.871844  
1344.000000     	0.872100  
1345.000000     	0.872229  
1346.000000     	0.872613  
1347.000000     	0.872998  
1349.000000     	0.873254  
1350.000000     	0.873382  
1353.000000     	0.873767  
1354.000000     	0.873895  
1355.000000     	0.874023  
1356.000000     	0.874151  
1358.000000     	0.874279  
1359.000000     	0.874792  
1360.000000     	0.875176  
1361.000000     	0.875304  
1363.000000     	0.875433  
1364.000000     	0.875561  
1365.000000     	0.875689  
1366.000000     	0.875817  
1367.000000     	0.876073  
1368.000000     	0.876201  
1369.000000     	0.876330  
1370.000000     	0.876458  
1371.000000     	0.876842  
1372.000000     	0.876970  
1373.000000     	0.877099  
1374.000000     	0.877227  
1376.000000     	0.877611  
1377.000000     	0.877739  
1378.000000     	0.877996  
1379.000000     	0.878252  
1380.000000     	0.878380  
1381.000000     	0.878508  
1382.000000     	0.878636  
1383.000000     	0.878765  
1387.000000     	0.879021  
1388.000000     	0.879149  
1391.000000     	0.879405  
1392.000000     	0.879534  
1396.000000     	0.879662  
1397.000000     	0.879790  
1398.000000     	0.879918  
1399.000000     	0.880046  
1400.000000     	0.880431  
1401.000000     	0.881200  
1402.000000     	0.881328  
1403.000000     	0.881584  
1404.000000     	0.881712  
1405.000000     	0.881968  
1407.000000     	0.882097  
1408.000000     	0.882353  
1409.000000     	0.882481  
1410.000000     	0.882737  
1412.000000     	0.882866  
1414.000000     	0.882994  
1416.000000     	0.883122  
1417.000000     	0.883506  
1418.000000     	0.883634  
1419.000000     	0.883763  
1420.000000     	0.884147  
1422.000000     	0.884660  
1423.000000     	0.884916  
1424.000000     	0.885172  
1426.000000     	0.885301  
1427.000000     	0.885557  
1431.000000     	0.885685  
1433.000000     	0.885813  
1434.000000     	0.886069  
1436.000000     	0.886198  
1440.000000     	0.886326  
1441.000000     	0.886454  
1442.000000     	0.886710  
1445.000000     	0.887351  
1446.000000     	0.887479  
1451.000000     	0.887735  
1454.000000     	0.887864  
1455.000000     	0.888120  
1457.000000     	0.888248  
1459.000000     	0.888633  
1460.000000     	0.888761  
1461.000000     	0.888889  
1463.000000     	0.889017  
1464.000000     	0.889530  
1465.000000     	0.889658  
1468.000000     	0.889914  
1469.000000     	0.890042  
1470.000000     	0.890170  
1473.000000     	0.890427  
1474.000000     	0.890555  
1477.000000     	0.890811  
1478.000000     	0.891196  
1481.000000     	0.891324  
1482.000000     	0.891452  
1483.000000     	0.891708  
1484.000000     	0.891836  
1485.000000     	0.892093  
1487.000000     	0.892221  
1488.000000     	0.892349  
1489.000000     	0.892605  
1491.000000     	0.892734  
1493.000000     	0.892862  
1494.000000     	0.893118  
1495.000000     	0.893246  
1497.000000     	0.893374  
1498.000000     	0.893502  
1500.000000     	0.893631  
1501.000000     	0.893759  
1502.000000     	0.893887  
1504.000000     	0.894143  
1506.000000     	0.894400  
1507.000000     	0.894528  
1508.000000     	0.894784  
1511.000000     	0.895040  
1512.000000     	0.895169  
1515.000000     	0.895297  
1516.000000     	0.895425  
1517.000000     	0.895681  
1518.000000     	0.896066  
1519.000000     	0.896194  
1520.000000     	0.896450  
1522.000000     	0.896578  
1523.000000     	0.896706  
1528.000000     	0.896963  
1529.000000     	0.897091  
1532.000000     	0.897219  
1533.000000     	0.897347  
1535.000000     	0.897603  
1539.000000     	0.897732  
1541.000000     	0.897860  
1543.000000     	0.897988  
1544.000000     	0.898116  
1545.000000     	0.898244  
1546.000000     	0.898372  
1549.000000     	0.898501  
1550.000000     	0.898629  
1553.000000     	0.898757  
1557.000000     	0.898885  
1558.000000     	0.899013  
1559.000000     	0.899141  
1561.000000     	0.899270  
1564.000000     	0.899398  
1568.000000     	0.899526  
1570.000000     	0.899654  
1572.000000     	0.899910  
1573.000000     	0.900038  
1575.000000     	0.900295  
1576.000000     	0.900423  
1578.000000     	0.900551  
1579.000000     	0.900679  
1582.000000     	0.900807  
1583.000000     	0.900936  
1584.000000     	0.901064  
1585.000000     	0.901320  
1587.000000     	0.901576  
1588.000000     	0.901833  
1590.000000     	0.901961  
1592.000000     	0.902089  
1593.000000     	0.902217  
1594.000000     	0.902345  
1595.000000     	0.902473  
1601.000000     	0.902602  
1603.000000     	0.902730  
1605.000000     	0.902986  
1606.000000     	0.903242  
1610.000000     	0.903370  
1613.000000     	0.903755  
1616.000000     	0.903883  
1617.000000     	0.904268  
1621.000000     	0.904396  
1623.000000     	0.904524  
1625.000000     	0.904780  
1628.000000     	0.904908  
1630.000000     	0.905165  
1634.000000     	0.905293  
1635.000000     	0.905549  
1637.000000     	0.905677  
1639.000000     	0.905805  
1643.000000     	0.906062  
1644.000000     	0.906190  
1650.000000     	0.906446  
1651.000000     	0.906574  
1653.000000     	0.906703  
1655.000000     	0.906831  
1658.000000     	0.906959  
1660.000000     	0.907087  
1661.000000     	0.907215  
1665.000000     	0.907343  
1668.000000     	0.907600  
1670.000000     	0.907728  
1671.000000     	0.907984  
1675.000000     	0.908112  
1676.000000     	0.908240  
1677.000000     	0.908497  
1681.000000     	0.908625  
1685.000000     	0.908881  
1687.000000     	0.909138  
1688.000000     	0.909266  
1690.000000     	0.909522  
1691.000000     	0.909906  
1696.000000     	0.910035  
1700.000000     	0.910163  
1703.000000     	0.910291  
1705.000000     	0.910419  
1707.000000     	0.910547  
1708.000000     	0.910675  
1710.000000     	0.910932  
1711.000000     	0.911060  
1712.000000     	0.911188  
1717.000000     	0.911316  
1719.000000     	0.911572  
1721.000000     	0.911701  
1722.000000     	0.911829  
1723.000000     	0.911957  
1724.000000     	0.912213  
1725.000000     	0.912341  
1728.000000     	0.912470  
1729.000000     	0.912598  
1733.000000     	0.912854  
1734.000000     	0.912982  
1736.000000     	0.913110  
1738.000000     	0.913367  
1740.000000     	0.913495  
1741.000000     	0.913623  
1743.000000     	0.914007  
1746.000000     	0.914136  
1749.000000     	0.914264  
1750.000000     	0.914392  
1751.000000     	0.914520  
1752.000000     	0.914905  
1757.000000     	0.915033  
1761.000000     	0.915289  
1762.000000     	0.915417  
1763.000000     	0.915545  
1767.000000     	0.915673  
1768.000000     	0.915802  
1769.000000     	0.915930  
1781.000000     	0.916058  
1785.000000     	0.916186  
1788.000000     	0.916442  
1791.000000     	0.916571  
1793.000000     	0.916699  
1796.000000     	0.916827  
1800.000000     	0.916955  
1812.000000     	0.917083  
1813.000000     	0.917211  
1818.000000     	0.917339  
1826.000000     	0.917596  
1827.000000     	0.917724  
1829.000000     	0.917852  
1842.000000     	0.917980  
1845.000000     	0.918108  
1848.000000     	0.918237  
1849.000000     	0.918493  
1851.000000     	0.918621  
1852.000000     	0.918877  
1856.000000     	0.919134  
1860.000000     	0.919262  
1864.000000     	0.919390  
1869.000000     	0.919518  
1875.000000     	0.919646  
1876.000000     	0.919774  
1880.000000     	0.919903  
1884.000000     	0.920031  
1887.000000     	0.920159  
1891.000000     	0.920287  
1896.000000     	0.920415  
1897.000000     	0.920543  
1901.000000     	0.920672  
1903.000000     	0.920800  
1908.000000     	0.921056  
1909.000000     	0.921184  
1915.000000     	0.921312  
1916.000000     	0.921440  
1918.000000     	0.921569  
1922.000000     	0.921697  
1925.000000     	0.921825  
1929.000000     	0.921953  
1937.000000     	0.922081  
1947.000000     	0.922209  
1949.000000     	0.922338  
1963.000000     	0.922466  
1967.000000     	0.922722  
1972.000000     	0.922850  
1976.000000     	0.922978  
1978.000000     	0.923106  
1983.000000     	0.923235  
1999.000000     	0.923363  
2007.000000     	0.923491  
2009.000000     	0.923619  
2023.000000     	0.923747  
2031.000000     	0.923875  
2037.000000     	0.924004  
2041.000000     	0.924132  
2043.000000     	0.924260  
2045.000000     	0.924388  
2048.000000     	0.924516  
2079.000000     	0.924644  
2089.000000     	0.924773  
2090.000000     	0.924901  
2099.000000     	0.925029  
2101.000000     	0.925157  
2107.000000     	0.925285  
2117.000000     	0.925413  
2118.000000     	0.925541  
2119.000000     	0.925670  
2138.000000     	0.925798  
2149.000000     	0.925926  
2154.000000     	0.926054  
2158.000000     	0.926182  
2164.000000     	0.926310  
2165.000000     	0.926567  
2180.000000     	0.926695  
2202.000000     	0.926823  
2211.000000     	0.926951  
2213.000000     	0.927079  
2217.000000     	0.927336  
2223.000000     	0.927464  
2224.000000     	0.927592  
2249.000000     	0.927720  
2254.000000     	0.927976  
2255.000000     	0.928105  
2257.000000     	0.928233  
2261.000000     	0.928361  
2263.000000     	0.928489  
2266.000000     	0.928617  
2267.000000     	0.928745  
2271.000000     	0.928874  
2274.000000     	0.929130  
2285.000000     	0.929258  
2303.000000     	0.929386  
2306.000000     	0.929514  
2314.000000     	0.929642  
2327.000000     	0.929771  
2328.000000     	0.929899  
2333.000000     	0.930027  
2334.000000     	0.930155  
2336.000000     	0.930283  
2357.000000     	0.930411  
2367.000000     	0.930668  
2373.000000     	0.930796  
2377.000000     	0.930924  
2393.000000     	0.931052  
2396.000000     	0.931308  
2402.000000     	0.931437  
2406.000000     	0.931565  
2418.000000     	0.931693  
2426.000000     	0.931821  
2438.000000     	0.932077  
2458.000000     	0.932206  
2464.000000     	0.932334  
2473.000000     	0.932462  
2477.000000     	0.932590  
2485.000000     	0.932718  
2500.000000     	0.932846  
2502.000000     	0.932974  
2503.000000     	0.933231  
2519.000000     	0.933359  
2521.000000     	0.933487  
2524.000000     	0.933615  
2526.000000     	0.933743  
2531.000000     	0.933872  
2533.000000     	0.934000  
2547.000000     	0.934128  
2556.000000     	0.934384  
2566.000000     	0.934512  
2568.000000     	0.934641  
2569.000000     	0.934769  
2571.000000     	0.935025  
2575.000000     	0.935153  
2586.000000     	0.935281  
2593.000000     	0.935409  
2594.000000     	0.935538  
2595.000000     	0.935666  
2599.000000     	0.935794  
2603.000000     	0.935922  
2608.000000     	0.936050  
2617.000000     	0.936178  
2636.000000     	0.936307  
2644.000000     	0.936435  
2646.000000     	0.936563  
2649.000000     	0.936691  
2666.000000     	0.936819  
2667.000000     	0.936947  
2678.000000     	0.937075  
2680.000000     	0.937204  
2687.000000     	0.937332  
2689.000000     	0.937460  
2704.000000     	0.937588  
2708.000000     	0.937716  
2716.000000     	0.937844  
2734.000000     	0.937973  
2736.000000     	0.938101  
2742.000000     	0.938229  
2744.000000     	0.938357  
2750.000000     	0.938485  
2752.000000     	0.938613  
2754.000000     	0.938742  
2756.000000     	0.938870  
2765.000000     	0.938998  
2782.000000     	0.939254  
2784.000000     	0.939382  
2793.000000     	0.939510  
2812.000000     	0.939639  
2815.000000     	0.939767  
2827.000000     	0.939895  
2831.000000     	0.940023  
2837.000000     	0.940151  
2841.000000     	0.940279  
2847.000000     	0.940408  
2857.000000     	0.940536  
2864.000000     	0.940664  
2865.000000     	0.940792  
2882.000000     	0.940920  
2890.000000     	0.941048  
2896.000000     	0.941176  
2898.000000     	0.941305  
2902.000000     	0.941433  
2905.000000     	0.941561  
2915.000000     	0.941817  
2923.000000     	0.941945  
2926.000000     	0.942074  
2951.000000     	0.942202  
2952.000000     	0.942330  
2955.000000     	0.942458  
2974.000000     	0.942586  
2993.000000     	0.942714  
2997.000000     	0.942842  
3002.000000     	0.942971  
3010.000000     	0.943099  
3024.000000     	0.943227  
3042.000000     	0.943355  
3052.000000     	0.943483  
3054.000000     	0.943611  
3075.000000     	0.943740  
3102.000000     	0.943868  
3115.000000     	0.943996  
3116.000000     	0.944124  
3124.000000     	0.944252  
3147.000000     	0.944380  
3150.000000     	0.944509  
3154.000000     	0.944637  
3158.000000     	0.944765  
3163.000000     	0.945021  
3187.000000     	0.945149  
3188.000000     	0.945277  
3189.000000     	0.945406  
3194.000000     	0.945534  
3206.000000     	0.945662  
3228.000000     	0.945790  
3233.000000     	0.945918  
3262.000000     	0.946046  
3281.000000     	0.946175  
3288.000000     	0.946303  
3295.000000     	0.946431  
3301.000000     	0.946559  
3327.000000     	0.946687  
3336.000000     	0.946815  
3351.000000     	0.946943  
3356.000000     	0.947072  
3359.000000     	0.947200  
3361.000000     	0.947328  
3375.000000     	0.947456  
3381.000000     	0.947584  
3383.000000     	0.947712  
3394.000000     	0.947841  
3398.000000     	0.947969  
3400.000000     	0.948097  
3412.000000     	0.948225  
3414.000000     	0.948353  
3424.000000     	0.948481  
3474.000000     	0.948610  
3477.000000     	0.948738  
3501.000000     	0.948866  
3502.000000     	0.948994  
3508.000000     	0.949122  
3509.000000     	0.949250  
3531.000000     	0.949378  
3545.000000     	0.949507  
3546.000000     	0.949635  
3552.000000     	0.949763  
3562.000000     	0.949891  
3566.000000     	0.950019  
3576.000000     	0.950147  
3583.000000     	0.950276  
3584.000000     	0.950404  
3600.000000     	0.950532  
3705.000000     	0.950660  
3715.000000     	0.950788  
3716.000000     	0.951173  
3718.000000     	0.951301  
3724.000000     	0.951429  
3727.000000     	0.951557  
3730.000000     	0.951685  
3751.000000     	0.951813  
3761.000000     	0.951942  
3763.000000     	0.952070  
3781.000000     	0.952198  
3788.000000     	0.952326  
3801.000000     	0.952454  
3811.000000     	0.952582  
3836.000000     	0.952710  
3842.000000     	0.952839  
3856.000000     	0.952967  
3868.000000     	0.953095  
3878.000000     	0.953223  
3879.000000     	0.953351  
3880.000000     	0.953479  
3882.000000     	0.953608  
3892.000000     	0.953736  
3924.000000     	0.953864  
3977.000000     	0.953992  
4006.000000     	0.954120  
4025.000000     	0.954248  
4032.000000     	0.954377  
4046.000000     	0.954505  
4079.000000     	0.954633  
4111.000000     	0.954761  
4112.000000     	0.954889  
4160.000000     	0.955017  
4175.000000     	0.955145  
4180.000000     	0.955274  
4196.000000     	0.955402  
4204.000000     	0.955530  
4265.000000     	0.955658  
4282.000000     	0.955786  
4285.000000     	0.955914  
4292.000000     	0.956043  
4297.000000     	0.956171  
4300.000000     	0.956299  
4310.000000     	0.956427  
4327.000000     	0.956555  
4347.000000     	0.956683  
4378.000000     	0.956811  
4393.000000     	0.956940  
4407.000000     	0.957068  
4428.000000     	0.957196  
4430.000000     	0.957324  
4453.000000     	0.957452  
4455.000000     	0.957580  
4510.000000     	0.957709  
4556.000000     	0.957837  
4559.000000     	0.957965  
4578.000000     	0.958093  
4608.000000     	0.958221  
4683.000000     	0.958349  
4722.000000     	0.958478  
4741.000000     	0.958606  
4759.000000     	0.958734  
4778.000000     	0.958862  
4794.000000     	0.958990  
4827.000000     	0.959118  
4828.000000     	0.959246  
4831.000000     	0.959375  
4847.000000     	0.959503  
4849.000000     	0.959631  
4924.000000     	0.959759  
4928.000000     	0.959887  
4933.000000     	0.960015  
4939.000000     	0.960144  
4951.000000     	0.960272  
4960.000000     	0.960400  
4964.000000     	0.960528  
4976.000000     	0.960656  
4981.000000     	0.960784  
5019.000000     	0.960912  
5032.000000     	0.961041  
5038.000000     	0.961169  
5068.000000     	0.961297  
5075.000000     	0.961425  
5091.000000     	0.961553  
5096.000000     	0.961681  
5124.000000     	0.961810  
5131.000000     	0.961938  
5144.000000     	0.962066  
5238.000000     	0.962194  
5268.000000     	0.962322  
5289.000000     	0.962450  
5299.000000     	0.962578  
5301.000000     	0.962707  
5313.000000     	0.962835  
5315.000000     	0.962963  
5328.000000     	0.963091  
5330.000000     	0.963219  
5342.000000     	0.963347  
5352.000000     	0.963476  
5375.000000     	0.963604  
5377.000000     	0.963732  
5448.000000     	0.963860  
5449.000000     	0.963988  
5471.000000     	0.964245  
5480.000000     	0.964373  
5485.000000     	0.964501  
5496.000000     	0.964629  
5497.000000     	0.964757  
5520.000000     	0.964885  
5523.000000     	0.965013  
5556.000000     	0.965142  
5603.000000     	0.965270  
5635.000000     	0.965398  
5689.000000     	0.965526  
5699.000000     	0.965654  
5822.000000     	0.965782  
5823.000000     	0.965911  
5893.000000     	0.966039  
5906.000000     	0.966167  
5966.000000     	0.966295  
6002.000000     	0.966551  
6120.000000     	0.966679  
6171.000000     	0.966808  
6176.000000     	0.966936  
6218.000000     	0.967064  
6234.000000     	0.967192  
6262.000000     	0.967320  
6276.000000     	0.967448  
6288.000000     	0.967577  
6347.000000     	0.967705  
6378.000000     	0.967833  
6386.000000     	0.967961  
6391.000000     	0.968089  
6398.000000     	0.968217  
6424.000000     	0.968346  
6498.000000     	0.968474  
6555.000000     	0.968602  
6566.000000     	0.968730  
6584.000000     	0.968858  
6613.000000     	0.968986  
6626.000000     	0.969114  
6639.000000     	0.969243  
6681.000000     	0.969371  
6688.000000     	0.969499  
6704.000000     	0.969627  
6741.000000     	0.969755  
6743.000000     	0.969883  
6769.000000     	0.970012  
6771.000000     	0.970140  
6786.000000     	0.970268  
6813.000000     	0.970396  
6878.000000     	0.970524  
6902.000000     	0.970652  
6926.000000     	0.970780  
6968.000000     	0.970909  
6982.000000     	0.971037  
6983.000000     	0.971165  
6998.000000     	0.971293  
7012.000000     	0.971421  
7039.000000     	0.971549  
7076.000000     	0.971678  
7122.000000     	0.971806  
7166.000000     	0.971934  
7172.000000     	0.972062  
7227.000000     	0.972190  
7392.000000     	0.972318  
7529.000000     	0.972446  
7665.000000     	0.972575  
7787.000000     	0.972703  
7808.000000     	0.972831  
7816.000000     	0.972959  
7892.000000     	0.973087  
8012.000000     	0.973215  
8033.000000     	0.973344  
8059.000000     	0.973472  
8091.000000     	0.973600  
8123.000000     	0.973728  
8147.000000     	0.973856  
8197.000000     	0.973984  
8201.000000     	0.974113  
8262.000000     	0.974241  
8267.000000     	0.974369  
8306.000000     	0.974497  
8364.000000     	0.974625  
8389.000000     	0.974753  
8469.000000     	0.974881  
8500.000000     	0.975010  
8669.000000     	0.975138  
8798.000000     	0.975266  
8931.000000     	0.975394  
8969.000000     	0.975522  
9056.000000     	0.975650  
9183.000000     	0.975779  
9190.000000     	0.975907  
9241.000000     	0.976035  
9372.000000     	0.976163  
9454.000000     	0.976291  
9500.000000     	0.976419  
9643.000000     	0.976547  
9759.000000     	0.976676  
9854.000000     	0.976804  
9885.000000     	0.976932  
9905.000000     	0.977060  
9957.000000     	0.977316  
10013.000000    	0.977445  
10031.000000    	0.977573  
10036.000000    	0.977701  
10090.000000    	0.977829  
10165.000000    	0.977957  
10177.000000    	0.978085  
10200.000000    	0.978214  
10209.000000    	0.978342  
10241.000000    	0.978470  
10297.000000    	0.978598  
10365.000000    	0.978726  
10576.000000    	0.978854  
10609.000000    	0.978982  
10862.000000    	0.979111  
10886.000000    	0.979239  
10996.000000    	0.979367  
11010.000000    	0.979495  
11074.000000    	0.979623  
11114.000000    	0.979751  
11125.000000    	0.979880  
11141.000000    	0.980008  
11189.000000    	0.980136  
11191.000000    	0.980264  
11210.000000    	0.980392  
11212.000000    	0.980520  
11264.000000    	0.980648  
11270.000000    	0.980777  
11277.000000    	0.980905  
11285.000000    	0.981033  
11332.000000    	0.981161  
11348.000000    	0.981289  
11369.000000    	0.981417  
11397.000000    	0.981546  
11420.000000    	0.981674  
11431.000000    	0.981802  
11480.000000    	0.981930  
11499.000000    	0.982058  
11523.000000    	0.982186  
11546.000000    	0.982314  
11574.000000    	0.982443  
11617.000000    	0.982571  
11698.000000    	0.982699  
11743.000000    	0.982827  
11827.000000    	0.982955  
11910.000000    	0.983083  
11914.000000    	0.983212  
11926.000000    	0.983340  
12002.000000    	0.983468  
12138.000000    	0.983596  
12333.000000    	0.983724  
12336.000000    	0.983852  
12449.000000    	0.983981  
12528.000000    	0.984109  
12549.000000    	0.984237  
12602.000000    	0.984365  
12635.000000    	0.984493  
12704.000000    	0.984621  
12713.000000    	0.984749  
12774.000000    	0.984878  
12878.000000    	0.985006  
12887.000000    	0.985134  
12910.000000    	0.985262  
12924.000000    	0.985390  
13053.000000    	0.985518  
13103.000000    	0.985647  
13246.000000    	0.985775  
13289.000000    	0.985903  
13349.000000    	0.986031  
13386.000000    	0.986159  
13450.000000    	0.986287  
13478.000000    	0.986415  
13487.000000    	0.986544  
13497.000000    	0.986672  
13502.000000    	0.986800  
13530.000000    	0.986928  
13538.000000    	0.987056  
13626.000000    	0.987184  
13636.000000    	0.987313  
13645.000000    	0.987441  
13791.000000    	0.987569  
13879.000000    	0.987697  
13911.000000    	0.987825  
13922.000000    	0.987953  
14207.000000    	0.988082  
14313.000000    	0.988210  
14355.000000    	0.988338  
14658.000000    	0.988466  
14828.000000    	0.988594  
14840.000000    	0.988722  
14895.000000    	0.988850  
15215.000000    	0.988979  
15226.000000    	0.989107  
15320.000000    	0.989235  
15339.000000    	0.989363  
15340.000000    	0.989491  
15453.000000    	0.989619  
15458.000000    	0.989748  
15510.000000    	0.989876  
15582.000000    	0.990004  
15595.000000    	0.990132  
15669.000000    	0.990260  
15673.000000    	0.990388  
15695.000000    	0.990516  
15752.000000    	0.990645  
15777.000000    	0.990773  
15811.000000    	0.990901  
15844.000000    	0.991029  
15899.000000    	0.991157  
16015.000000    	0.991285  
16169.000000    	0.991414  
16259.000000    	0.991542  
16416.000000    	0.991670  
16504.000000    	0.991798  
16923.000000    	0.991926  
17171.000000    	0.992054  
17345.000000    	0.992182  
17429.000000    	0.992311  
17675.000000    	0.992439  
17734.000000    	0.992567  
17780.000000    	0.992695  
17791.000000    	0.992823  
17868.000000    	0.992951  
17890.000000    	0.993080  
17894.000000    	0.993208  
17980.000000    	0.993336  
18002.000000    	0.993464  
18004.000000    	0.993592  
18116.000000    	0.993720  
18226.000000    	0.993849  
18477.000000    	0.993977  
18726.000000    	0.994105  
18901.000000    	0.994233  
19176.000000    	0.994361  
19273.000000    	0.994489  
20443.000000    	0.994617  
21685.000000    	0.994746  
23831.000000    	0.994874  
23946.000000    	0.995002  
24057.000000    	0.995130  
24143.000000    	0.995258  
24314.000000    	0.995386  
24501.000000    	0.995515  
25069.000000    	0.995643  
25410.000000    	0.995771  
25429.000000    	0.995899  
27387.000000    	0.996027  
27489.000000    	0.996155  
27563.000000    	0.996283  
28498.000000    	0.996412  
28686.000000    	0.996540  
28877.000000    	0.996668  
29662.000000    	0.996796  
29767.000000    	0.996924  
29936.000000    	0.997052  
29997.000000    	0.997181  
30124.000000    	0.997309  
30409.000000    	0.997437  
30944.000000    	0.997565  
30959.000000    	0.997693  
32020.000000    	0.997821  
32504.000000    	0.997950  
32614.000000    	0.998078  
36361.000000    	0.998206  
36696.000000    	0.998334  
36704.000000    	0.998462  
36741.000000    	0.998590  
36962.000000    	0.998718  
40135.000000    	0.998847  
46854.000000    	0.998975  
47283.000000    	0.999103  
47320.000000    	0.999231  
47423.000000    	0.999359  
49025.000000    	0.999487  
49235.000000    	0.999616  
49495.000000    	0.999744  
50303.000000    	0.999872  
53584.000000    	1.000000  
53584.000000    	1.000000  
