16.000000       	0.000128  
33.000000       	0.000384  
36.000000       	0.000641  
38.000000       	0.000897  
39.000000       	0.001025  
40.000000       	0.001153  
41.000000       	0.001282  
42.000000       	0.001410  
43.000000       	0.001794  
44.000000       	0.002563  
45.000000       	0.002691  
48.000000       	0.003204  
49.000000       	0.003588  
50.000000       	0.004229  
51.000000       	0.004870  
52.000000       	0.005895  
53.000000       	0.006408  
54.000000       	0.007177  
55.000000       	0.007689  
56.000000       	0.008715  
57.000000       	0.009355  
58.000000       	0.010124  
59.000000       	0.010765  
60.000000       	0.011406  
61.000000       	0.012431  
62.000000       	0.013713  
63.000000       	0.015635  
64.000000       	0.017301  
65.000000       	0.018967  
66.000000       	0.020505  
67.000000       	0.021658  
68.000000       	0.022171  
69.000000       	0.023581  
70.000000       	0.024862  
71.000000       	0.026400  
72.000000       	0.027554  
73.000000       	0.028835  
74.000000       	0.030629  
75.000000       	0.032295  
76.000000       	0.033449  
77.000000       	0.035115  
78.000000       	0.036012  
79.000000       	0.037293  
80.000000       	0.038703  
81.000000       	0.040882  
82.000000       	0.042420  
83.000000       	0.042932  
84.000000       	0.044855  
85.000000       	0.046392  
86.000000       	0.047546  
87.000000       	0.049340  
88.000000       	0.051006  
89.000000       	0.053185  
90.000000       	0.055620  
91.000000       	0.056773  
92.000000       	0.058824  
93.000000       	0.060618  
94.000000       	0.062925  
95.000000       	0.065744  
96.000000       	0.068820  
97.000000       	0.070870  
98.000000       	0.073561  
99.000000       	0.074715  
100.000000      	0.078431  
101.000000      	0.080610  
102.000000      	0.082404  
103.000000      	0.084327  
104.000000      	0.086249  
105.000000      	0.087787  
106.000000      	0.089068  
107.000000      	0.090222  
108.000000      	0.090606  
109.000000      	0.091247  
110.000000      	0.092144  
111.000000      	0.093169  
112.000000      	0.094066  
113.000000      	0.095604  
114.000000      	0.096886  
115.000000      	0.097142  
116.000000      	0.098167  
117.000000      	0.099193  
118.000000      	0.099705  
119.000000      	0.100346  
120.000000      	0.100474  
121.000000      	0.101884  
122.000000      	0.102525  
123.000000      	0.103294  
124.000000      	0.104831  
125.000000      	0.105472  
126.000000      	0.105985  
127.000000      	0.107266  
128.000000      	0.108420  
129.000000      	0.108932  
130.000000      	0.109701  
131.000000      	0.110342  
132.000000      	0.111111  
133.000000      	0.111624  
134.000000      	0.112521  
135.000000      	0.113674  
136.000000      	0.114443  
137.000000      	0.115853  
138.000000      	0.116366  
139.000000      	0.117134  
140.000000      	0.117775  
141.000000      	0.118288  
142.000000      	0.119185  
143.000000      	0.119569  
144.000000      	0.120082  
145.000000      	0.122004  
146.000000      	0.122901  
147.000000      	0.123799  
148.000000      	0.124696  
149.000000      	0.125977  
150.000000      	0.126362  
151.000000      	0.127515  
152.000000      	0.128797  
153.000000      	0.129950  
154.000000      	0.130847  
155.000000      	0.132001  
156.000000      	0.132513  
157.000000      	0.133154  
158.000000      	0.134051  
159.000000      	0.134435  
160.000000      	0.135076  
161.000000      	0.135589  
162.000000      	0.136230  
163.000000      	0.136614  
164.000000      	0.137383  
165.000000      	0.137639  
166.000000      	0.138024  
167.000000      	0.138921  
168.000000      	0.139562  
169.000000      	0.140202  
170.000000      	0.140715  
171.000000      	0.141228  
172.000000      	0.142125  
173.000000      	0.142253  
174.000000      	0.142381  
175.000000      	0.142766  
176.000000      	0.143022  
177.000000      	0.143150  
178.000000      	0.143406  
179.000000      	0.143663  
180.000000      	0.143919  
181.000000      	0.144175  
183.000000      	0.144560  
184.000000      	0.144688  
185.000000      	0.144944  
186.000000      	0.145457  
187.000000      	0.145713  
188.000000      	0.145841  
189.000000      	0.145969  
190.000000      	0.146354  
191.000000      	0.146482  
192.000000      	0.146738  
193.000000      	0.147251  
194.000000      	0.147379  
195.000000      	0.147636  
196.000000      	0.147892  
198.000000      	0.148020  
199.000000      	0.148276  
200.000000      	0.148404  
201.000000      	0.148661  
202.000000      	0.148917  
203.000000      	0.149045  
204.000000      	0.149814  
205.000000      	0.149942  
210.000000      	0.150070  
213.000000      	0.150327  
217.000000      	0.150583  
218.000000      	0.150968  
220.000000      	0.151096  
221.000000      	0.151224  
222.000000      	0.151480  
223.000000      	0.152121  
224.000000      	0.152634  
225.000000      	0.152890  
226.000000      	0.153018  
227.000000      	0.153274  
228.000000      	0.153659  
229.000000      	0.153915  
230.000000      	0.154043  
231.000000      	0.154171  
234.000000      	0.154428  
235.000000      	0.154940  
236.000000      	0.155069  
238.000000      	0.155197  
239.000000      	0.155325  
240.000000      	0.155453  
241.000000      	0.155837  
242.000000      	0.155966  
243.000000      	0.156350  
244.000000      	0.156735  
245.000000      	0.157247  
246.000000      	0.157760  
248.000000      	0.157888  
249.000000      	0.158401  
250.000000      	0.158529  
252.000000      	0.158657  
253.000000      	0.158913  
255.000000      	0.159170  
256.000000      	0.159298  
257.000000      	0.159554  
258.000000      	0.159682  
259.000000      	0.159938  
260.000000      	0.160195  
261.000000      	0.160451  
262.000000      	0.160579  
265.000000      	0.160707  
266.000000      	0.160964  
267.000000      	0.161220  
268.000000      	0.161476  
269.000000      	0.161733  
270.000000      	0.161861  
271.000000      	0.162117  
272.000000      	0.162502  
274.000000      	0.163014  
275.000000      	0.163399  
277.000000      	0.163655  
279.000000      	0.163783  
280.000000      	0.163911  
281.000000      	0.164039  
282.000000      	0.164296  
283.000000      	0.164552  
284.000000      	0.164680  
285.000000      	0.164808  
286.000000      	0.164937  
287.000000      	0.165065  
289.000000      	0.165321  
291.000000      	0.165577  
292.000000      	0.165834  
293.000000      	0.166218  
294.000000      	0.166346  
295.000000      	0.166603  
296.000000      	0.166859  
297.000000      	0.167115  
298.000000      	0.167500  
299.000000      	0.167628  
300.000000      	0.167884  
301.000000      	0.168269  
302.000000      	0.168525  
304.000000      	0.168653  
305.000000      	0.168909  
306.000000      	0.169294  
307.000000      	0.169806  
308.000000      	0.170063  
309.000000      	0.170704  
310.000000      	0.171088  
311.000000      	0.171601  
312.000000      	0.171729  
313.000000      	0.171985  
314.000000      	0.172370  
316.000000      	0.172626  
318.000000      	0.173010  
319.000000      	0.173267  
320.000000      	0.173523  
321.000000      	0.173651  
322.000000      	0.173907  
323.000000      	0.174164  
324.000000      	0.174420  
325.000000      	0.174548  
326.000000      	0.174676  
327.000000      	0.174933  
328.000000      	0.175445  
329.000000      	0.175702  
331.000000      	0.176086  
332.000000      	0.176214  
333.000000      	0.176599  
334.000000      	0.176983  
335.000000      	0.177496  
336.000000      	0.177880  
337.000000      	0.178008  
338.000000      	0.178265  
339.000000      	0.178777  
340.000000      	0.179162  
341.000000      	0.179546  
342.000000      	0.179803  
344.000000      	0.179931  
345.000000      	0.180059  
346.000000      	0.180443  
347.000000      	0.180828  
348.000000      	0.181084  
349.000000      	0.181469  
350.000000      	0.181853  
351.000000      	0.182238  
352.000000      	0.182622  
353.000000      	0.182750  
354.000000      	0.182878  
357.000000      	0.183007  
358.000000      	0.183135  
360.000000      	0.183647  
361.000000      	0.183775  
362.000000      	0.184032  
363.000000      	0.184416  
364.000000      	0.184673  
365.000000      	0.184801  
366.000000      	0.184929  
367.000000      	0.185313  
368.000000      	0.186082  
369.000000      	0.186339  
370.000000      	0.186723  
371.000000      	0.186979  
372.000000      	0.187108  
373.000000      	0.187364  
374.000000      	0.187876  
375.000000      	0.188261  
376.000000      	0.189030  
377.000000      	0.190183  
378.000000      	0.190568  
379.000000      	0.190824  
380.000000      	0.190952  
381.000000      	0.191465  
382.000000      	0.191593  
383.000000      	0.192362  
384.000000      	0.192746  
385.000000      	0.193515  
386.000000      	0.194028  
387.000000      	0.194412  
388.000000      	0.194925  
389.000000      	0.195438  
390.000000      	0.195950  
391.000000      	0.196078  
393.000000      	0.196463  
394.000000      	0.196719  
395.000000      	0.197104  
396.000000      	0.197488  
397.000000      	0.198001  
398.000000      	0.198385  
399.000000      	0.199410  
400.000000      	0.199795  
401.000000      	0.200436  
402.000000      	0.200948  
403.000000      	0.201589  
404.000000      	0.202358  
405.000000      	0.202743  
406.000000      	0.203896  
407.000000      	0.204793  
408.000000      	0.205306  
409.000000      	0.205562  
410.000000      	0.206203  
411.000000      	0.206972  
412.000000      	0.207612  
413.000000      	0.208381  
414.000000      	0.208894  
415.000000      	0.209663  
416.000000      	0.210176  
417.000000      	0.210945  
418.000000      	0.212354  
419.000000      	0.212739  
420.000000      	0.213508  
421.000000      	0.213892  
422.000000      	0.214789  
423.000000      	0.215430  
424.000000      	0.216327  
425.000000      	0.217737  
426.000000      	0.217865  
427.000000      	0.218378  
428.000000      	0.219146  
429.000000      	0.219787  
430.000000      	0.220428  
431.000000      	0.221838  
432.000000      	0.222607  
433.000000      	0.223632  
434.000000      	0.224016  
435.000000      	0.224913  
436.000000      	0.226067  
437.000000      	0.227348  
438.000000      	0.227989  
439.000000      	0.229014  
440.000000      	0.229912  
441.000000      	0.230681  
442.000000      	0.231193  
443.000000      	0.231962  
444.000000      	0.232731  
445.000000      	0.233500  
446.000000      	0.233884  
447.000000      	0.234397  
448.000000      	0.234653  
449.000000      	0.234910  
450.000000      	0.235550  
451.000000      	0.236063  
452.000000      	0.236832  
453.000000      	0.237729  
454.000000      	0.238498  
455.000000      	0.239267  
456.000000      	0.240164  
457.000000      	0.240933  
458.000000      	0.241317  
459.000000      	0.242343  
460.000000      	0.242983  
461.000000      	0.244137  
462.000000      	0.244906  
463.000000      	0.245675  
464.000000      	0.246572  
465.000000      	0.247213  
466.000000      	0.247597  
467.000000      	0.247853  
468.000000      	0.249007  
469.000000      	0.249776  
470.000000      	0.250801  
471.000000      	0.251442  
472.000000      	0.252211  
473.000000      	0.252980  
474.000000      	0.254133  
475.000000      	0.254902  
476.000000      	0.255671  
477.000000      	0.256184  
478.000000      	0.257209  
479.000000      	0.258106  
480.000000      	0.258747  
481.000000      	0.259772  
482.000000      	0.260413  
483.000000      	0.261566  
484.000000      	0.262207  
485.000000      	0.263488  
486.000000      	0.264770  
487.000000      	0.265795  
488.000000      	0.266564  
489.000000      	0.267333  
490.000000      	0.268102  
491.000000      	0.268743  
492.000000      	0.269640  
493.000000      	0.270793  
494.000000      	0.272459  
495.000000      	0.273100  
496.000000      	0.273869  
497.000000      	0.275022  
498.000000      	0.276304  
499.000000      	0.276945  
500.000000      	0.278354  
501.000000      	0.279123  
502.000000      	0.279636  
503.000000      	0.280405  
504.000000      	0.282071  
505.000000      	0.283096  
506.000000      	0.284634  
507.000000      	0.285275  
508.000000      	0.285916  
509.000000      	0.286685  
510.000000      	0.287197  
511.000000      	0.288351  
512.000000      	0.289376  
513.000000      	0.290786  
514.000000      	0.291555  
515.000000      	0.292964  
516.000000      	0.294118  
517.000000      	0.295015  
518.000000      	0.296296  
519.000000      	0.297193  
520.000000      	0.297834  
521.000000      	0.299116  
522.000000      	0.300141  
523.000000      	0.301038  
524.000000      	0.302576  
525.000000      	0.303473  
526.000000      	0.304498  
527.000000      	0.305524  
528.000000      	0.306549  
529.000000      	0.307574  
530.000000      	0.308727  
531.000000      	0.309881  
532.000000      	0.311547  
533.000000      	0.312316  
534.000000      	0.313725  
535.000000      	0.314494  
536.000000      	0.315776  
537.000000      	0.316545  
538.000000      	0.317826  
539.000000      	0.318852  
540.000000      	0.319364  
541.000000      	0.321287  
542.000000      	0.322696  
543.000000      	0.323850  
544.000000      	0.324875  
545.000000      	0.325900  
546.000000      	0.326797  
547.000000      	0.327694  
548.000000      	0.328720  
549.000000      	0.329617  
550.000000      	0.330129  
551.000000      	0.330898  
552.000000      	0.331924  
553.000000      	0.332436  
554.000000      	0.334230  
555.000000      	0.334743  
556.000000      	0.335128  
557.000000      	0.336025  
558.000000      	0.336665  
559.000000      	0.337691  
560.000000      	0.338203  
561.000000      	0.339613  
562.000000      	0.340510  
563.000000      	0.341151  
564.000000      	0.341792  
565.000000      	0.342689  
566.000000      	0.343714  
567.000000      	0.344739  
568.000000      	0.345380  
569.000000      	0.346149  
570.000000      	0.346918  
571.000000      	0.347430  
572.000000      	0.348328  
573.000000      	0.348712  
574.000000      	0.349737  
575.000000      	0.350250  
576.000000      	0.350763  
577.000000      	0.351403  
578.000000      	0.352044  
579.000000      	0.353197  
580.000000      	0.353838  
581.000000      	0.354864  
582.000000      	0.355120  
583.000000      	0.355761  
584.000000      	0.357170  
585.000000      	0.358067  
586.000000      	0.358836  
587.000000      	0.359477  
588.000000      	0.360118  
589.000000      	0.361015  
590.000000      	0.362040  
591.000000      	0.362937  
592.000000      	0.363322  
593.000000      	0.364091  
594.000000      	0.364860  
595.000000      	0.365500  
596.000000      	0.366398  
597.000000      	0.367166  
598.000000      	0.368064  
599.000000      	0.368448  
600.000000      	0.369473  
601.000000      	0.369986  
602.000000      	0.370627  
603.000000      	0.371780  
604.000000      	0.372421  
605.000000      	0.372933  
606.000000      	0.373831  
607.000000      	0.374471  
608.000000      	0.375240  
609.000000      	0.376009  
610.000000      	0.376650  
611.000000      	0.377291  
612.000000      	0.378060  
613.000000      	0.378700  
614.000000      	0.379598  
615.000000      	0.380110  
616.000000      	0.381007  
617.000000      	0.381520  
618.000000      	0.381904  
619.000000      	0.382289  
620.000000      	0.383186  
621.000000      	0.383699  
622.000000      	0.384596  
623.000000      	0.384852  
624.000000      	0.385493  
625.000000      	0.386134  
626.000000      	0.387031  
627.000000      	0.387543  
628.000000      	0.387671  
629.000000      	0.388184  
630.000000      	0.389081  
631.000000      	0.389978  
632.000000      	0.390619  
633.000000      	0.390875  
634.000000      	0.391516  
635.000000      	0.392541  
636.000000      	0.393182  
637.000000      	0.393951  
638.000000      	0.394848  
639.000000      	0.395873  
640.000000      	0.396770  
641.000000      	0.397668  
642.000000      	0.398693  
643.000000      	0.399846  
644.000000      	0.400487  
645.000000      	0.401512  
646.000000      	0.402537  
647.000000      	0.403563  
648.000000      	0.403819  
649.000000      	0.404075  
650.000000      	0.405357  
651.000000      	0.406126  
652.000000      	0.407023  
653.000000      	0.407407  
654.000000      	0.408433  
655.000000      	0.409202  
656.000000      	0.409842  
657.000000      	0.410868  
658.000000      	0.411765  
659.000000      	0.413046  
660.000000      	0.414584  
661.000000      	0.414712  
662.000000      	0.416122  
663.000000      	0.416506  
664.000000      	0.416635  
665.000000      	0.417404  
666.000000      	0.418301  
667.000000      	0.419326  
668.000000      	0.420095  
669.000000      	0.420607  
670.000000      	0.421889  
671.000000      	0.422273  
672.000000      	0.423171  
673.000000      	0.423683  
674.000000      	0.424708  
675.000000      	0.425477  
676.000000      	0.426246  
677.000000      	0.426887  
678.000000      	0.428040  
679.000000      	0.428425  
680.000000      	0.429578  
681.000000      	0.430091  
682.000000      	0.430475  
683.000000      	0.431885  
684.000000      	0.432141  
685.000000      	0.432910  
686.000000      	0.433167  
687.000000      	0.433808  
688.000000      	0.434961  
689.000000      	0.435602  
690.000000      	0.436242  
691.000000      	0.437268  
692.000000      	0.438165  
693.000000      	0.438549  
694.000000      	0.439446  
695.000000      	0.439959  
696.000000      	0.441369  
697.000000      	0.442009  
698.000000      	0.442522  
699.000000      	0.444060  
700.000000      	0.444829  
701.000000      	0.445726  
702.000000      	0.446239  
703.000000      	0.447008  
704.000000      	0.448033  
705.000000      	0.449314  
706.000000      	0.450211  
707.000000      	0.450852  
708.000000      	0.451877  
709.000000      	0.453287  
710.000000      	0.454184  
711.000000      	0.455338  
712.000000      	0.456491  
713.000000      	0.456747  
714.000000      	0.458285  
715.000000      	0.459823  
716.000000      	0.460720  
717.000000      	0.461489  
718.000000      	0.462258  
719.000000      	0.463412  
720.000000      	0.464052  
721.000000      	0.464693  
722.000000      	0.465590  
723.000000      	0.466231  
724.000000      	0.467256  
725.000000      	0.467897  
726.000000      	0.468666  
727.000000      	0.469563  
728.000000      	0.470588  
729.000000      	0.471613  
730.000000      	0.473280  
731.000000      	0.473792  
732.000000      	0.475458  
733.000000      	0.476612  
734.000000      	0.476996  
735.000000      	0.477765  
736.000000      	0.478406  
737.000000      	0.479559  
738.000000      	0.480200  
739.000000      	0.481225  
740.000000      	0.482379  
741.000000      	0.483019  
742.000000      	0.485198  
743.000000      	0.486223  
744.000000      	0.487377  
745.000000      	0.488530  
746.000000      	0.489683  
747.000000      	0.490324  
748.000000      	0.491606  
749.000000      	0.492631  
750.000000      	0.493528  
751.000000      	0.495066  
752.000000      	0.496091  
753.000000      	0.497116  
754.000000      	0.498270  
755.000000      	0.499423  
756.000000      	0.500320  
758.000000      	0.501730  
759.000000      	0.502243  
760.000000      	0.503012  
761.000000      	0.504037  
762.000000      	0.505318  
763.000000      	0.506216  
764.000000      	0.507113  
765.000000      	0.508010  
766.000000      	0.508651  
767.000000      	0.509676  
768.000000      	0.511085  
769.000000      	0.511983  
770.000000      	0.513136  
771.000000      	0.514289  
772.000000      	0.515443  
773.000000      	0.516981  
774.000000      	0.517750  
775.000000      	0.519287  
776.000000      	0.520569  
777.000000      	0.520953  
778.000000      	0.521851  
779.000000      	0.523004  
780.000000      	0.524286  
781.000000      	0.525695  
782.000000      	0.526720  
783.000000      	0.527618  
784.000000      	0.528771  
785.000000      	0.530053  
786.000000      	0.531334  
787.000000      	0.532488  
788.000000      	0.533513  
789.000000      	0.535179  
790.000000      	0.536588  
791.000000      	0.537357  
792.000000      	0.538511  
793.000000      	0.539408  
794.000000      	0.540305  
795.000000      	0.541330  
796.000000      	0.542484  
797.000000      	0.543381  
798.000000      	0.544150  
799.000000      	0.544406  
800.000000      	0.545047  
801.000000      	0.546328  
802.000000      	0.547738  
803.000000      	0.548891  
804.000000      	0.550045  
805.000000      	0.551198  
806.000000      	0.552352  
807.000000      	0.553633  
808.000000      	0.553761  
809.000000      	0.555171  
810.000000      	0.556581  
811.000000      	0.558119  
812.000000      	0.558759  
813.000000      	0.559528  
814.000000      	0.561579  
815.000000      	0.562348  
816.000000      	0.563629  
817.000000      	0.564398  
818.000000      	0.565295  
819.000000      	0.566192  
820.000000      	0.566577  
821.000000      	0.568499  
822.000000      	0.568884  
823.000000      	0.570293  
824.000000      	0.571319  
825.000000      	0.572216  
826.000000      	0.573626  
827.000000      	0.574651  
828.000000      	0.576060  
829.000000      	0.577086  
830.000000      	0.578752  
831.000000      	0.580033  
832.000000      	0.581315  
833.000000      	0.582212  
834.000000      	0.582981  
835.000000      	0.583750  
836.000000      	0.584262  
837.000000      	0.585288  
838.000000      	0.585672  
839.000000      	0.587082  
840.000000      	0.588107  
841.000000      	0.589132  
842.000000      	0.589645  
843.000000      	0.590542  
844.000000      	0.591696  
845.000000      	0.593105  
846.000000      	0.593746  
847.000000      	0.595028  
848.000000      	0.595540  
849.000000      	0.597078  
850.000000      	0.598744  
851.000000      	0.599897  
852.000000      	0.601435  
853.000000      	0.602076  
854.000000      	0.602461  
855.000000      	0.603358  
856.000000      	0.603614  
857.000000      	0.604639  
858.000000      	0.606177  
859.000000      	0.607074  
860.000000      	0.608484  
861.000000      	0.609765  
862.000000      	0.610919  
863.000000      	0.611688  
864.000000      	0.612585  
865.000000      	0.613226  
866.000000      	0.614379  
867.000000      	0.616045  
868.000000      	0.617199  
869.000000      	0.618608  
870.000000      	0.619633  
871.000000      	0.620402  
872.000000      	0.621171  
873.000000      	0.622325  
874.000000      	0.623222  
875.000000      	0.624119  
876.000000      	0.625144  
877.000000      	0.625785  
878.000000      	0.626682  
879.000000      	0.627707  
880.000000      	0.628348  
881.000000      	0.628733  
882.000000      	0.629758  
883.000000      	0.631296  
884.000000      	0.632449  
885.000000      	0.633346  
886.000000      	0.634371  
887.000000      	0.636037  
888.000000      	0.636550  
889.000000      	0.637319  
890.000000      	0.637703  
891.000000      	0.638472  
892.000000      	0.639498  
893.000000      	0.639882  
894.000000      	0.640267  
895.000000      	0.641548  
896.000000      	0.642189  
897.000000      	0.642830  
898.000000      	0.644368  
899.000000      	0.645265  
900.000000      	0.646034  
901.000000      	0.647828  
902.000000      	0.648469  
903.000000      	0.649237  
904.000000      	0.649750  
905.000000      	0.650903  
906.000000      	0.652185  
907.000000      	0.652826  
908.000000      	0.653210  
909.000000      	0.654620  
910.000000      	0.655389  
911.000000      	0.655773  
912.000000      	0.656158  
913.000000      	0.656414  
914.000000      	0.657439  
915.000000      	0.658208  
916.000000      	0.658849  
917.000000      	0.659618  
918.000000      	0.660259  
919.000000      	0.661925  
920.000000      	0.662309  
921.000000      	0.662822  
922.000000      	0.664104  
923.000000      	0.665385  
924.000000      	0.666539  
925.000000      	0.667436  
926.000000      	0.668461  
927.000000      	0.669230  
928.000000      	0.669999  
929.000000      	0.670383  
930.000000      	0.671408  
931.000000      	0.672306  
932.000000      	0.673331  
933.000000      	0.674228  
934.000000      	0.674869  
935.000000      	0.676150  
936.000000      	0.677432  
937.000000      	0.678073  
938.000000      	0.678970  
939.000000      	0.679867  
940.000000      	0.681148  
941.000000      	0.682045  
942.000000      	0.682814  
943.000000      	0.683840  
944.000000      	0.684993  
945.000000      	0.685506  
946.000000      	0.686018  
947.000000      	0.686531  
948.000000      	0.687428  
949.000000      	0.688325  
950.000000      	0.689735  
951.000000      	0.690760  
952.000000      	0.692554  
953.000000      	0.692939  
954.000000      	0.693708  
955.000000      	0.694476  
956.000000      	0.695886  
957.000000      	0.697168  
958.000000      	0.697937  
959.000000      	0.698706  
960.000000      	0.699475  
961.000000      	0.700884  
962.000000      	0.701910  
963.000000      	0.702422  
964.000000      	0.702935  
965.000000      	0.704473  
966.000000      	0.705113  
967.000000      	0.705498  
968.000000      	0.706011  
969.000000      	0.706908  
970.000000      	0.707677  
971.000000      	0.708830  
972.000000      	0.709599  
973.000000      	0.710496  
974.000000      	0.711265  
975.000000      	0.711906  
976.000000      	0.712546  
977.000000      	0.713315  
978.000000      	0.714212  
979.000000      	0.714981  
980.000000      	0.716263  
981.000000      	0.717288  
982.000000      	0.717929  
983.000000      	0.718954  
984.000000      	0.719723  
985.000000      	0.720364  
986.000000      	0.721133  
987.000000      	0.722543  
988.000000      	0.723312  
989.000000      	0.724080  
990.000000      	0.724593  
991.000000      	0.725106  
992.000000      	0.726003  
993.000000      	0.727028  
994.000000      	0.727925  
995.000000      	0.728694  
996.000000      	0.729847  
997.000000      	0.731129  
998.000000      	0.732154  
999.000000      	0.732667  
1000.000000     	0.733436  
1001.000000     	0.734205  
1002.000000     	0.734974  
1003.000000     	0.735615  
1004.000000     	0.736255  
1005.000000     	0.736640  
1006.000000     	0.737921  
1007.000000     	0.739331  
1008.000000     	0.739844  
1009.000000     	0.740228  
1010.000000     	0.740869  
1011.000000     	0.741766  
1012.000000     	0.742791  
1013.000000     	0.743048  
1014.000000     	0.743560  
1015.000000     	0.744457  
1016.000000     	0.745995  
1017.000000     	0.746764  
1018.000000     	0.747917  
1019.000000     	0.748686  
1020.000000     	0.749199  
1021.000000     	0.750481  
1022.000000     	0.751121  
1023.000000     	0.751634  
1024.000000     	0.752147  
1025.000000     	0.752916  
1026.000000     	0.753300  
1027.000000     	0.754069  
1028.000000     	0.754710  
1029.000000     	0.755222  
1030.000000     	0.755607  
1031.000000     	0.756248  
1032.000000     	0.756632  
1033.000000     	0.757273  
1034.000000     	0.757529  
1035.000000     	0.758170  
1036.000000     	0.758939  
1037.000000     	0.759323  
1038.000000     	0.760477  
1039.000000     	0.761246  
1040.000000     	0.762015  
1041.000000     	0.762655  
1042.000000     	0.763552  
1043.000000     	0.764321  
1044.000000     	0.765090  
1045.000000     	0.765475  
1046.000000     	0.765987  
1048.000000     	0.766628  
1049.000000     	0.767397  
1050.000000     	0.768166  
1051.000000     	0.769063  
1052.000000     	0.769832  
1053.000000     	0.770217  
1054.000000     	0.770601  
1055.000000     	0.770986  
1056.000000     	0.771370  
1057.000000     	0.772139  
1058.000000     	0.773164  
1059.000000     	0.773677  
1060.000000     	0.774446  
1061.000000     	0.774830  
1062.000000     	0.775855  
1063.000000     	0.776753  
1064.000000     	0.777393  
1065.000000     	0.777906  
1066.000000     	0.778547  
1067.000000     	0.779828  
1068.000000     	0.780213  
1069.000000     	0.781622  
1070.000000     	0.782135  
1071.000000     	0.782263  
1072.000000     	0.783288  
1073.000000     	0.783929  
1074.000000     	0.784442  
1075.000000     	0.785595  
1076.000000     	0.786492  
1077.000000     	0.787389  
1078.000000     	0.788158  
1079.000000     	0.788671  
1080.000000     	0.789312  
1081.000000     	0.789568  
1082.000000     	0.790081  
1083.000000     	0.790722  
1084.000000     	0.791362  
1085.000000     	0.791747  
1086.000000     	0.792388  
1087.000000     	0.792644  
1088.000000     	0.793285  
1089.000000     	0.793669  
1090.000000     	0.794694  
1091.000000     	0.795079  
1092.000000     	0.795463  
1093.000000     	0.795976  
1094.000000     	0.796232  
1095.000000     	0.797001  
1096.000000     	0.797770  
1097.000000     	0.798539  
1098.000000     	0.799308  
1099.000000     	0.800333  
1100.000000     	0.800974  
1101.000000     	0.802127  
1102.000000     	0.803024  
1103.000000     	0.803922  
1104.000000     	0.804434  
1105.000000     	0.805075  
1106.000000     	0.806228  
1107.000000     	0.806869  
1108.000000     	0.807382  
1109.000000     	0.808407  
1110.000000     	0.809048  
1111.000000     	0.810201  
1112.000000     	0.810458  
1113.000000     	0.811098  
1114.000000     	0.811739  
1115.000000     	0.812252  
1116.000000     	0.812764  
1117.000000     	0.813277  
1118.000000     	0.813405  
1119.000000     	0.813790  
1120.000000     	0.814046  
1121.000000     	0.814815  
1122.000000     	0.815327  
1123.000000     	0.815584  
1124.000000     	0.816225  
1125.000000     	0.816737  
1127.000000     	0.817762  
1128.000000     	0.818147  
1129.000000     	0.818403  
1130.000000     	0.818916  
1131.000000     	0.819044  
1132.000000     	0.820069  
1133.000000     	0.820710  
1134.000000     	0.821094  
1135.000000     	0.821735  
1136.000000     	0.822376  
1137.000000     	0.823017  
1138.000000     	0.823145  
1139.000000     	0.823786  
1140.000000     	0.824555  
1141.000000     	0.824683  
1142.000000     	0.825324  
1143.000000     	0.825708  
1144.000000     	0.826093  
1145.000000     	0.826349  
1146.000000     	0.827118  
1147.000000     	0.827759  
1148.000000     	0.829168  
1149.000000     	0.829809  
1150.000000     	0.830450  
1151.000000     	0.831091  
1152.000000     	0.831475  
1154.000000     	0.831731  
1155.000000     	0.832244  
1156.000000     	0.832628  
1157.000000     	0.833269  
1158.000000     	0.833526  
1159.000000     	0.834038  
1160.000000     	0.834166  
1161.000000     	0.834551  
1162.000000     	0.835063  
1163.000000     	0.835192  
1164.000000     	0.835832  
1165.000000     	0.836473  
1166.000000     	0.836601  
1168.000000     	0.837114  
1169.000000     	0.837370  
1170.000000     	0.837883  
1171.000000     	0.838395  
1172.000000     	0.838780  
1173.000000     	0.839421  
1174.000000     	0.839805  
1175.000000     	0.840190  
1176.000000     	0.840446  
1177.000000     	0.840702  
1178.000000     	0.841087  
1179.000000     	0.841728  
1180.000000     	0.841984  
1181.000000     	0.842753  
1182.000000     	0.843650  
1183.000000     	0.844034  
1184.000000     	0.844163  
1185.000000     	0.844291  
1186.000000     	0.844547  
1187.000000     	0.845444  
1188.000000     	0.845829  
1189.000000     	0.846085  
1191.000000     	0.846469  
1192.000000     	0.846854  
1193.000000     	0.847366  
1194.000000     	0.847623  
1195.000000     	0.847879  
1196.000000     	0.848392  
1197.000000     	0.848648  
1198.000000     	0.848776  
1199.000000     	0.849161  
1200.000000     	0.849801  
1201.000000     	0.850314  
1202.000000     	0.850698  
1203.000000     	0.850955  
1204.000000     	0.851211  
1206.000000     	0.851596  
1207.000000     	0.851852  
1208.000000     	0.852236  
1209.000000     	0.852749  
1211.000000     	0.853390  
1212.000000     	0.854287  
1213.000000     	0.854671  
1214.000000     	0.854928  
1215.000000     	0.855056  
1216.000000     	0.855312  
1217.000000     	0.855697  
1218.000000     	0.856081  
1219.000000     	0.856465  
1220.000000     	0.856850  
1221.000000     	0.857491  
1222.000000     	0.858260  
1223.000000     	0.858644  
1224.000000     	0.859029  
1225.000000     	0.859285  
1226.000000     	0.859669  
1227.000000     	0.860566  
1228.000000     	0.860823  
1229.000000     	0.861464  
1230.000000     	0.861720  
1231.000000     	0.862104  
1232.000000     	0.862232  
1233.000000     	0.862489  
1234.000000     	0.862617  
1235.000000     	0.862873  
1236.000000     	0.863258  
1237.000000     	0.863386  
1238.000000     	0.863642  
1239.000000     	0.863770  
1240.000000     	0.864027  
1241.000000     	0.864283  
1243.000000     	0.864539  
1245.000000     	0.864667  
1246.000000     	0.864924  
1247.000000     	0.865436  
1248.000000     	0.866077  
1249.000000     	0.866333  
1250.000000     	0.866462  
1251.000000     	0.866846  
1252.000000     	0.867102  
1253.000000     	0.867231  
1254.000000     	0.867359  
1255.000000     	0.867871  
1258.000000     	0.868640  
1259.000000     	0.868897  
1260.000000     	0.869153  
1261.000000     	0.869409  
1263.000000     	0.869537  
1265.000000     	0.869666  
1266.000000     	0.869922  
1267.000000     	0.870178  
1268.000000     	0.870306  
1269.000000     	0.871075  
1270.000000     	0.871332  
1271.000000     	0.871716  
1273.000000     	0.871972  
1275.000000     	0.872100  
1276.000000     	0.872357  
1277.000000     	0.872485  
1279.000000     	0.872613  
1280.000000     	0.872998  
1281.000000     	0.873254  
1282.000000     	0.873382  
1283.000000     	0.873638  
1286.000000     	0.873767  
1287.000000     	0.874023  
1288.000000     	0.874279  
1290.000000     	0.874535  
1291.000000     	0.874664  
1292.000000     	0.874920  
1293.000000     	0.875176  
1294.000000     	0.875304  
1295.000000     	0.875433  
1298.000000     	0.875561  
1300.000000     	0.875689  
1301.000000     	0.876201  
1303.000000     	0.876330  
1305.000000     	0.876458  
1306.000000     	0.876586  
1308.000000     	0.876970  
1309.000000     	0.877099  
1311.000000     	0.877227  
1312.000000     	0.877355  
1313.000000     	0.877867  
1315.000000     	0.878124  
1317.000000     	0.878252  
1318.000000     	0.878893  
1319.000000     	0.879021  
1320.000000     	0.879149  
1321.000000     	0.879277  
1323.000000     	0.879534  
1324.000000     	0.879790  
1325.000000     	0.879918  
1326.000000     	0.880174  
1327.000000     	0.880302  
1329.000000     	0.880431  
1331.000000     	0.880687  
1332.000000     	0.880815  
1335.000000     	0.880943  
1337.000000     	0.881071  
1339.000000     	0.881200  
1341.000000     	0.881456  
1342.000000     	0.881584  
1343.000000     	0.881712  
1345.000000     	0.881840  
1347.000000     	0.882225  
1348.000000     	0.882609  
1349.000000     	0.882737  
1350.000000     	0.882866  
1351.000000     	0.882994  
1353.000000     	0.883250  
1354.000000     	0.883634  
1355.000000     	0.883763  
1357.000000     	0.884275  
1358.000000     	0.884532  
1363.000000     	0.884660  
1364.000000     	0.884788  
1366.000000     	0.884916  
1369.000000     	0.885172  
1371.000000     	0.885301  
1372.000000     	0.885557  
1373.000000     	0.885685  
1374.000000     	0.885813  
1376.000000     	0.885941  
1380.000000     	0.886326  
1381.000000     	0.886454  
1382.000000     	0.886710  
1383.000000     	0.886838  
1384.000000     	0.887095  
1385.000000     	0.887223  
1387.000000     	0.887351  
1388.000000     	0.887607  
1391.000000     	0.887864  
1392.000000     	0.887992  
1393.000000     	0.888376  
1397.000000     	0.888633  
1398.000000     	0.888761  
1400.000000     	0.888889  
1402.000000     	0.889017  
1403.000000     	0.889145  
1405.000000     	0.889273  
1406.000000     	0.889530  
1407.000000     	0.889658  
1409.000000     	0.889914  
1411.000000     	0.890170  
1412.000000     	0.890427  
1415.000000     	0.890555  
1418.000000     	0.890811  
1420.000000     	0.890939  
1421.000000     	0.891196  
1423.000000     	0.891324  
1424.000000     	0.891452  
1425.000000     	0.891708  
1426.000000     	0.891836  
1429.000000     	0.891965  
1430.000000     	0.892221  
1432.000000     	0.892349  
1434.000000     	0.892605  
1435.000000     	0.892734  
1436.000000     	0.892990  
1439.000000     	0.893118  
1440.000000     	0.893502  
1441.000000     	0.893631  
1442.000000     	0.893887  
1443.000000     	0.894143  
1445.000000     	0.894271  
1446.000000     	0.894528  
1449.000000     	0.894656  
1450.000000     	0.894784  
1452.000000     	0.894912  
1454.000000     	0.895040  
1455.000000     	0.895169  
1458.000000     	0.895297  
1459.000000     	0.895425  
1463.000000     	0.895681  
1464.000000     	0.895809  
1465.000000     	0.896066  
1466.000000     	0.896194  
1468.000000     	0.896450  
1469.000000     	0.896835  
1470.000000     	0.896963  
1472.000000     	0.897219  
1474.000000     	0.897347  
1477.000000     	0.897475  
1479.000000     	0.897603  
1481.000000     	0.897732  
1482.000000     	0.897860  
1483.000000     	0.897988  
1485.000000     	0.898116  
1486.000000     	0.898244  
1488.000000     	0.898372  
1489.000000     	0.898501  
1490.000000     	0.898757  
1492.000000     	0.898885  
1494.000000     	0.899141  
1495.000000     	0.899270  
1496.000000     	0.899398  
1497.000000     	0.899782  
1498.000000     	0.899910  
1500.000000     	0.900038  
1503.000000     	0.900295  
1505.000000     	0.900423  
1506.000000     	0.900679  
1507.000000     	0.900807  
1509.000000     	0.901064  
1512.000000     	0.901192  
1519.000000     	0.901320  
1520.000000     	0.901576  
1521.000000     	0.901704  
1522.000000     	0.901833  
1523.000000     	0.901961  
1525.000000     	0.902089  
1527.000000     	0.902217  
1528.000000     	0.902345  
1529.000000     	0.902473  
1530.000000     	0.902602  
1531.000000     	0.902986  
1532.000000     	0.903370  
1533.000000     	0.903627  
1534.000000     	0.904011  
1535.000000     	0.904268  
1537.000000     	0.904652  
1539.000000     	0.904780  
1541.000000     	0.904908  
1542.000000     	0.905037  
1544.000000     	0.905165  
1545.000000     	0.905293  
1546.000000     	0.905549  
1550.000000     	0.905677  
1552.000000     	0.905805  
1554.000000     	0.906062  
1556.000000     	0.906190  
1558.000000     	0.906318  
1563.000000     	0.906446  
1565.000000     	0.906574  
1566.000000     	0.906959  
1567.000000     	0.907215  
1569.000000     	0.907600  
1571.000000     	0.907856  
1572.000000     	0.907984  
1576.000000     	0.908240  
1581.000000     	0.908369  
1583.000000     	0.908497  
1585.000000     	0.908753  
1587.000000     	0.909009  
1588.000000     	0.909138  
1592.000000     	0.909266  
1593.000000     	0.909394  
1595.000000     	0.909522  
1596.000000     	0.909650  
1598.000000     	0.909906  
1599.000000     	0.910163  
1600.000000     	0.910419  
1601.000000     	0.910547  
1605.000000     	0.910804  
1608.000000     	0.910932  
1614.000000     	0.911060  
1615.000000     	0.911188  
1616.000000     	0.911444  
1617.000000     	0.911572  
1619.000000     	0.911701  
1620.000000     	0.911829  
1621.000000     	0.911957  
1622.000000     	0.912341  
1625.000000     	0.912598  
1627.000000     	0.912726  
1629.000000     	0.912854  
1634.000000     	0.912982  
1637.000000     	0.913623  
1643.000000     	0.913751  
1644.000000     	0.913879  
1646.000000     	0.914136  
1647.000000     	0.914264  
1650.000000     	0.914392  
1655.000000     	0.914520  
1656.000000     	0.914648  
1657.000000     	0.914776  
1659.000000     	0.914905  
1661.000000     	0.915033  
1664.000000     	0.915161  
1665.000000     	0.915289  
1666.000000     	0.915545  
1668.000000     	0.915802  
1669.000000     	0.915930  
1674.000000     	0.916058  
1675.000000     	0.916186  
1678.000000     	0.916314  
1679.000000     	0.916442  
1682.000000     	0.916571  
1684.000000     	0.916699  
1690.000000     	0.916827  
1696.000000     	0.916955  
1699.000000     	0.917083  
1700.000000     	0.917211  
1701.000000     	0.917339  
1703.000000     	0.917468  
1704.000000     	0.917724  
1707.000000     	0.917852  
1710.000000     	0.917980  
1713.000000     	0.918108  
1715.000000     	0.918237  
1718.000000     	0.918365  
1722.000000     	0.918493  
1723.000000     	0.918621  
1725.000000     	0.918749  
1729.000000     	0.919134  
1731.000000     	0.919262  
1732.000000     	0.919518  
1734.000000     	0.919646  
1737.000000     	0.919774  
1743.000000     	0.920031  
1746.000000     	0.920159  
1750.000000     	0.920287  
1753.000000     	0.920415  
1755.000000     	0.920543  
1756.000000     	0.920672  
1759.000000     	0.920800  
1761.000000     	0.920928  
1777.000000     	0.921056  
1778.000000     	0.921184  
1787.000000     	0.921312  
1789.000000     	0.921440  
1791.000000     	0.921569  
1797.000000     	0.921697  
1800.000000     	0.921825  
1801.000000     	0.922209  
1803.000000     	0.922338  
1806.000000     	0.922466  
1807.000000     	0.922594  
1815.000000     	0.922722  
1816.000000     	0.922850  
1819.000000     	0.922978  
1821.000000     	0.923106  
1830.000000     	0.923235  
1833.000000     	0.923491  
1840.000000     	0.923619  
1844.000000     	0.923747  
1848.000000     	0.923875  
1852.000000     	0.924004  
1855.000000     	0.924132  
1858.000000     	0.924260  
1861.000000     	0.924388  
1866.000000     	0.924516  
1867.000000     	0.924644  
1871.000000     	0.924773  
1872.000000     	0.924901  
1877.000000     	0.925029  
1879.000000     	0.925157  
1893.000000     	0.925285  
1895.000000     	0.925413  
1897.000000     	0.925670  
1899.000000     	0.925926  
1904.000000     	0.926054  
1912.000000     	0.926182  
1921.000000     	0.926310  
1922.000000     	0.926439  
1924.000000     	0.926567  
1925.000000     	0.926695  
1931.000000     	0.926823  
1936.000000     	0.926951  
1937.000000     	0.927079  
1948.000000     	0.927207  
1951.000000     	0.927336  
1952.000000     	0.927464  
1953.000000     	0.927592  
1958.000000     	0.927720  
1961.000000     	0.927848  
1963.000000     	0.927976  
1967.000000     	0.928105  
1968.000000     	0.928233  
1982.000000     	0.928617  
1983.000000     	0.928745  
1996.000000     	0.928874  
1998.000000     	0.929002  
2011.000000     	0.929130  
2021.000000     	0.929386  
2024.000000     	0.929514  
2025.000000     	0.929642  
2032.000000     	0.929771  
2038.000000     	0.929899  
2039.000000     	0.930027  
2046.000000     	0.930155  
2050.000000     	0.930283  
2055.000000     	0.930411  
2063.000000     	0.930540  
2064.000000     	0.930668  
2066.000000     	0.930796  
2070.000000     	0.930924  
2071.000000     	0.931180  
2072.000000     	0.931308  
2075.000000     	0.931437  
2078.000000     	0.931565  
2079.000000     	0.931693  
2084.000000     	0.931821  
2088.000000     	0.931949  
2107.000000     	0.932077  
2118.000000     	0.932334  
2123.000000     	0.932462  
2125.000000     	0.932590  
2139.000000     	0.932718  
2143.000000     	0.932846  
2144.000000     	0.932974  
2145.000000     	0.933103  
2146.000000     	0.933231  
2151.000000     	0.933359  
2154.000000     	0.933487  
2167.000000     	0.933615  
2171.000000     	0.933743  
2178.000000     	0.933872  
2187.000000     	0.934000  
2191.000000     	0.934128  
2193.000000     	0.934512  
2195.000000     	0.934641  
2203.000000     	0.934769  
2219.000000     	0.934897  
2224.000000     	0.935153  
2226.000000     	0.935281  
2228.000000     	0.935409  
2229.000000     	0.935538  
2248.000000     	0.935666  
2273.000000     	0.935794  
2281.000000     	0.935922  
2291.000000     	0.936050  
2293.000000     	0.936178  
2297.000000     	0.936307  
2298.000000     	0.936435  
2300.000000     	0.936563  
2302.000000     	0.936691  
2304.000000     	0.936819  
2310.000000     	0.936947  
2323.000000     	0.937075  
2331.000000     	0.937204  
2340.000000     	0.937332  
2344.000000     	0.937460  
2347.000000     	0.937588  
2349.000000     	0.937716  
2356.000000     	0.937844  
2379.000000     	0.937973  
2388.000000     	0.938101  
2389.000000     	0.938229  
2397.000000     	0.938357  
2399.000000     	0.938485  
2404.000000     	0.938613  
2411.000000     	0.938742  
2412.000000     	0.938870  
2416.000000     	0.938998  
2420.000000     	0.939126  
2422.000000     	0.939254  
2427.000000     	0.939382  
2444.000000     	0.939510  
2447.000000     	0.939639  
2449.000000     	0.939767  
2451.000000     	0.939895  
2453.000000     	0.940023  
2463.000000     	0.940151  
2468.000000     	0.940279  
2471.000000     	0.940408  
2472.000000     	0.940536  
2473.000000     	0.940664  
2477.000000     	0.940792  
2491.000000     	0.940920  
2498.000000     	0.941048  
2499.000000     	0.941176  
2501.000000     	0.941305  
2515.000000     	0.941561  
2522.000000     	0.941689  
2529.000000     	0.941945  
2536.000000     	0.942074  
2540.000000     	0.942202  
2542.000000     	0.942330  
2543.000000     	0.942458  
2558.000000     	0.942586  
2573.000000     	0.942714  
2578.000000     	0.942842  
2579.000000     	0.942971  
2580.000000     	0.943099  
2590.000000     	0.943227  
2621.000000     	0.943483  
2624.000000     	0.943740  
2630.000000     	0.943868  
2635.000000     	0.943996  
2653.000000     	0.944124  
2662.000000     	0.944252  
2664.000000     	0.944380  
2684.000000     	0.944509  
2688.000000     	0.944637  
2692.000000     	0.944765  
2698.000000     	0.944893  
2700.000000     	0.945021  
2729.000000     	0.945149  
2733.000000     	0.945277  
2734.000000     	0.945406  
2739.000000     	0.945534  
2745.000000     	0.945662  
2756.000000     	0.945790  
2772.000000     	0.945918  
2773.000000     	0.946046  
2778.000000     	0.946175  
2782.000000     	0.946303  
2794.000000     	0.946431  
2803.000000     	0.946559  
2808.000000     	0.946687  
2811.000000     	0.946815  
2814.000000     	0.946943  
2820.000000     	0.947072  
2823.000000     	0.947200  
2831.000000     	0.947328  
2834.000000     	0.947456  
2835.000000     	0.947584  
2839.000000     	0.947712  
2853.000000     	0.947841  
2858.000000     	0.947969  
2862.000000     	0.948097  
2875.000000     	0.948225  
2884.000000     	0.948353  
2886.000000     	0.948481  
2888.000000     	0.948610  
2889.000000     	0.948738  
2890.000000     	0.948866  
2893.000000     	0.948994  
2903.000000     	0.949122  
2905.000000     	0.949250  
2906.000000     	0.949378  
2918.000000     	0.949507  
2924.000000     	0.949635  
2927.000000     	0.949763  
2929.000000     	0.949891  
2937.000000     	0.950019  
2938.000000     	0.950276  
2945.000000     	0.950404  
2962.000000     	0.950532  
2974.000000     	0.950660  
2989.000000     	0.950788  
3000.000000     	0.950916  
3013.000000     	0.951044  
3020.000000     	0.951173  
3025.000000     	0.951301  
3032.000000     	0.951429  
3034.000000     	0.951557  
3035.000000     	0.951685  
3042.000000     	0.951813  
3043.000000     	0.951942  
3047.000000     	0.952070  
3048.000000     	0.952326  
3059.000000     	0.952454  
3073.000000     	0.952582  
3082.000000     	0.952710  
3085.000000     	0.952839  
3096.000000     	0.952967  
3113.000000     	0.953095  
3125.000000     	0.953223  
3153.000000     	0.953351  
3173.000000     	0.953479  
3178.000000     	0.953608  
3180.000000     	0.953864  
3188.000000     	0.953992  
3207.000000     	0.954120  
3213.000000     	0.954248  
3214.000000     	0.954377  
3230.000000     	0.954505  
3231.000000     	0.954633  
3233.000000     	0.954889  
3240.000000     	0.955017  
3248.000000     	0.955145  
3249.000000     	0.955402  
3253.000000     	0.955530  
3255.000000     	0.955658  
3266.000000     	0.955786  
3273.000000     	0.955914  
3274.000000     	0.956043  
3307.000000     	0.956171  
3308.000000     	0.956299  
3310.000000     	0.956427  
3311.000000     	0.956683  
3314.000000     	0.956811  
3332.000000     	0.957068  
3338.000000     	0.957324  
3339.000000     	0.957452  
3343.000000     	0.957580  
3344.000000     	0.957709  
3345.000000     	0.957965  
3351.000000     	0.958093  
3376.000000     	0.958221  
3383.000000     	0.958349  
3384.000000     	0.958478  
3404.000000     	0.958606  
3417.000000     	0.958734  
3420.000000     	0.958862  
3430.000000     	0.958990  
3441.000000     	0.959118  
3458.000000     	0.959246  
3459.000000     	0.959375  
3477.000000     	0.959503  
3488.000000     	0.959631  
3506.000000     	0.959759  
3509.000000     	0.959887  
3510.000000     	0.960144  
3513.000000     	0.960272  
3517.000000     	0.960400  
3522.000000     	0.960528  
3524.000000     	0.960656  
3531.000000     	0.960784  
3540.000000     	0.960912  
3544.000000     	0.961041  
3545.000000     	0.961169  
3547.000000     	0.961297  
3567.000000     	0.961425  
3571.000000     	0.961553  
3579.000000     	0.961681  
3604.000000     	0.961810  
3614.000000     	0.961938  
3636.000000     	0.962066  
3648.000000     	0.962194  
3652.000000     	0.962322  
3660.000000     	0.962450  
3683.000000     	0.962578  
3687.000000     	0.962707  
3702.000000     	0.962963  
3710.000000     	0.963091  
3718.000000     	0.963347  
3729.000000     	0.963476  
3745.000000     	0.963604  
3776.000000     	0.963732  
3788.000000     	0.963860  
3795.000000     	0.963988  
3827.000000     	0.964116  
3841.000000     	0.964245  
3846.000000     	0.964373  
3849.000000     	0.964501  
3856.000000     	0.964629  
3858.000000     	0.964757  
3875.000000     	0.964885  
3890.000000     	0.965013  
3892.000000     	0.965142  
3908.000000     	0.965270  
3913.000000     	0.965398  
3916.000000     	0.965526  
3920.000000     	0.965654  
3952.000000     	0.965782  
3956.000000     	0.965911  
3974.000000     	0.966039  
3975.000000     	0.966167  
3986.000000     	0.966295  
3998.000000     	0.966423  
4011.000000     	0.966551  
4025.000000     	0.966679  
4027.000000     	0.966808  
4038.000000     	0.966936  
4046.000000     	0.967064  
4059.000000     	0.967192  
4060.000000     	0.967320  
4075.000000     	0.967448  
4081.000000     	0.967577  
4094.000000     	0.967705  
4107.000000     	0.967833  
4110.000000     	0.967961  
4111.000000     	0.968089  
4113.000000     	0.968217  
4123.000000     	0.968346  
4127.000000     	0.968474  
4141.000000     	0.968602  
4143.000000     	0.968730  
4149.000000     	0.968858  
4166.000000     	0.968986  
4171.000000     	0.969114  
4173.000000     	0.969243  
4207.000000     	0.969371  
4211.000000     	0.969499  
4239.000000     	0.969627  
4240.000000     	0.969755  
4242.000000     	0.969883  
4248.000000     	0.970012  
4285.000000     	0.970140  
4287.000000     	0.970268  
4342.000000     	0.970396  
4350.000000     	0.970524  
4360.000000     	0.970652  
4397.000000     	0.970780  
4415.000000     	0.970909  
4459.000000     	0.971037  
4532.000000     	0.971165  
4551.000000     	0.971293  
4553.000000     	0.971421  
4558.000000     	0.971549  
4623.000000     	0.971678  
4673.000000     	0.971806  
4690.000000     	0.971934  
4708.000000     	0.972062  
4716.000000     	0.972190  
4723.000000     	0.972318  
4725.000000     	0.972446  
4736.000000     	0.972575  
4737.000000     	0.972703  
4787.000000     	0.972831  
4795.000000     	0.972959  
4824.000000     	0.973087  
4826.000000     	0.973215  
4863.000000     	0.973344  
4867.000000     	0.973472  
4889.000000     	0.973600  
4899.000000     	0.973728  
4909.000000     	0.973856  
4922.000000     	0.973984  
4938.000000     	0.974113  
5006.000000     	0.974241  
5022.000000     	0.974369  
5029.000000     	0.974497  
5033.000000     	0.974625  
5038.000000     	0.974753  
5055.000000     	0.974881  
5060.000000     	0.975010  
5073.000000     	0.975138  
5126.000000     	0.975266  
5132.000000     	0.975394  
5143.000000     	0.975522  
5151.000000     	0.975650  
5183.000000     	0.975779  
5191.000000     	0.975907  
5248.000000     	0.976035  
5294.000000     	0.976163  
5336.000000     	0.976291  
5431.000000     	0.976419  
5542.000000     	0.976547  
5634.000000     	0.976676  
5792.000000     	0.976804  
5811.000000     	0.976932  
5926.000000     	0.977060  
6049.000000     	0.977188  
6061.000000     	0.977316  
6143.000000     	0.977445  
6237.000000     	0.977573  
6328.000000     	0.977701  
6351.000000     	0.977829  
6408.000000     	0.977957  
6431.000000     	0.978085  
6464.000000     	0.978214  
6519.000000     	0.978342  
6522.000000     	0.978470  
6568.000000     	0.978598  
6610.000000     	0.978726  
6627.000000     	0.978854  
6637.000000     	0.978982  
6660.000000     	0.979111  
6672.000000     	0.979239  
6697.000000     	0.979495  
6820.000000     	0.979623  
6839.000000     	0.979751  
6890.000000     	0.979880  
6903.000000     	0.980008  
6911.000000     	0.980136  
6927.000000     	0.980264  
6932.000000     	0.980392  
6988.000000     	0.980520  
6995.000000     	0.980648  
7004.000000     	0.980777  
7034.000000     	0.980905  
7071.000000     	0.981033  
7397.000000     	0.981161  
7453.000000     	0.981289  
7538.000000     	0.981417  
7597.000000     	0.981546  
7663.000000     	0.981674  
7667.000000     	0.981802  
7725.000000     	0.981930  
7727.000000     	0.982058  
7733.000000     	0.982186  
7768.000000     	0.982314  
7770.000000     	0.982443  
7822.000000     	0.982571  
7840.000000     	0.982699  
7842.000000     	0.982827  
7893.000000     	0.982955  
8044.000000     	0.983083  
8177.000000     	0.983212  
8261.000000     	0.983340  
8380.000000     	0.983468  
8390.000000     	0.983596  
8426.000000     	0.983724  
8446.000000     	0.983852  
8514.000000     	0.983981  
8615.000000     	0.984109  
8634.000000     	0.984237  
8659.000000     	0.984365  
8711.000000     	0.984493  
8768.000000     	0.984621  
8856.000000     	0.984749  
9117.000000     	0.984878  
9124.000000     	0.985006  
9233.000000     	0.985134  
9281.000000     	0.985262  
9295.000000     	0.985390  
9334.000000     	0.985518  
9392.000000     	0.985647  
9492.000000     	0.985775  
9501.000000     	0.985903  
9513.000000     	0.986031  
9527.000000     	0.986159  
9829.000000     	0.986287  
9965.000000     	0.986415  
9988.000000     	0.986544  
10029.000000    	0.986672  
10080.000000    	0.986800  
10197.000000    	0.986928  
10231.000000    	0.987056  
10283.000000    	0.987184  
10339.000000    	0.987313  
10346.000000    	0.987441  
10383.000000    	0.987569  
10439.000000    	0.987697  
10601.000000    	0.987825  
10694.000000    	0.987953  
10906.000000    	0.988082  
10988.000000    	0.988210  
11160.000000    	0.988338  
11178.000000    	0.988466  
11232.000000    	0.988594  
11293.000000    	0.988722  
11345.000000    	0.988850  
11404.000000    	0.988979  
11432.000000    	0.989107  
11466.000000    	0.989235  
11580.000000    	0.989363  
11738.000000    	0.989491  
11846.000000    	0.989619  
11927.000000    	0.989748  
11979.000000    	0.989876  
12024.000000    	0.990004  
12049.000000    	0.990132  
12135.000000    	0.990260  
12140.000000    	0.990388  
12192.000000    	0.990516  
12227.000000    	0.990645  
12272.000000    	0.990773  
12303.000000    	0.990901  
12363.000000    	0.991029  
12369.000000    	0.991157  
12439.000000    	0.991285  
12509.000000    	0.991414  
12511.000000    	0.991542  
12595.000000    	0.991670  
12678.000000    	0.991798  
12832.000000    	0.991926  
12942.000000    	0.992054  
12951.000000    	0.992182  
12960.000000    	0.992311  
13050.000000    	0.992439  
13078.000000    	0.992567  
13144.000000    	0.992695  
13219.000000    	0.992823  
13234.000000    	0.992951  
13250.000000    	0.993080  
13263.000000    	0.993208  
13291.000000    	0.993336  
13297.000000    	0.993464  
13331.000000    	0.993592  
13343.000000    	0.993720  
13430.000000    	0.993849  
13472.000000    	0.993977  
13528.000000    	0.994105  
13530.000000    	0.994233  
13583.000000    	0.994361  
13600.000000    	0.994489  
13611.000000    	0.994617  
13657.000000    	0.994746  
13684.000000    	0.994874  
13805.000000    	0.995002  
13810.000000    	0.995130  
13944.000000    	0.995258  
14134.000000    	0.995386  
14805.000000    	0.995515  
14960.000000    	0.995643  
15002.000000    	0.995771  
15249.000000    	0.995899  
15319.000000    	0.996027  
15365.000000    	0.996283  
15413.000000    	0.996412  
15629.000000    	0.996540  
15691.000000    	0.996668  
15935.000000    	0.996796  
16044.000000    	0.996924  
16579.000000    	0.997052  
16691.000000    	0.997181  
16786.000000    	0.997309  
16864.000000    	0.997437  
16984.000000    	0.997565  
17146.000000    	0.997693  
17160.000000    	0.997821  
17337.000000    	0.997950  
17782.000000    	0.998078  
17950.000000    	0.998206  
18053.000000    	0.998334  
18158.000000    	0.998462  
22481.000000    	0.998590  
22558.000000    	0.998718  
22663.000000    	0.998847  
22730.000000    	0.998975  
22744.000000    	0.999103  
22807.000000    	0.999231  
22896.000000    	0.999359  
26923.000000    	0.999487  
27053.000000    	0.999616  
27110.000000    	0.999744  
28998.000000    	0.999872  
33495.000000    	1.000000  
33495.000000    	1.000000  
