32.000000       	0.000384  
35.000000       	0.000641  
36.000000       	0.000769  
37.000000       	0.001153  
38.000000       	0.001666  
39.000000       	0.001794  
40.000000       	0.001922  
42.000000       	0.002050  
43.000000       	0.002179  
44.000000       	0.002307  
45.000000       	0.002819  
46.000000       	0.003332  
47.000000       	0.003717  
48.000000       	0.003845  
49.000000       	0.004357  
50.000000       	0.004614  
51.000000       	0.005254  
52.000000       	0.005767  
53.000000       	0.006536  
54.000000       	0.007433  
55.000000       	0.008074  
56.000000       	0.008843  
57.000000       	0.009740  
58.000000       	0.010124  
59.000000       	0.010765  
60.000000       	0.011790  
61.000000       	0.012687  
62.000000       	0.013713  
63.000000       	0.014482  
64.000000       	0.015379  
65.000000       	0.016019  
66.000000       	0.017173  
67.000000       	0.017814  
68.000000       	0.018839  
69.000000       	0.019480  
70.000000       	0.020120  
71.000000       	0.020761  
72.000000       	0.021018  
73.000000       	0.022427  
74.000000       	0.023581  
75.000000       	0.023965  
76.000000       	0.025631  
77.000000       	0.027041  
78.000000       	0.029476  
79.000000       	0.031398  
80.000000       	0.033577  
81.000000       	0.034858  
82.000000       	0.036781  
83.000000       	0.038062  
84.000000       	0.039344  
85.000000       	0.041394  
86.000000       	0.042291  
87.000000       	0.043829  
88.000000       	0.045239  
89.000000       	0.047290  
90.000000       	0.050109  
91.000000       	0.052416  
92.000000       	0.054082  
93.000000       	0.057029  
94.000000       	0.058824  
95.000000       	0.060746  
96.000000       	0.063309  
97.000000       	0.064975  
98.000000       	0.067923  
99.000000       	0.070742  
100.000000      	0.073305  
101.000000      	0.075996  
102.000000      	0.078944  
103.000000      	0.081251  
104.000000      	0.082020  
105.000000      	0.083814  
106.000000      	0.084967  
107.000000      	0.086505  
108.000000      	0.087787  
109.000000      	0.090094  
110.000000      	0.091888  
111.000000      	0.092529  
112.000000      	0.093810  
113.000000      	0.094835  
114.000000      	0.095348  
115.000000      	0.096245  
116.000000      	0.097014  
117.000000      	0.097911  
118.000000      	0.098296  
119.000000      	0.099705  
120.000000      	0.100474  
121.000000      	0.101628  
122.000000      	0.103294  
123.000000      	0.104960  
124.000000      	0.105857  
125.000000      	0.106498  
126.000000      	0.107266  
127.000000      	0.108164  
128.000000      	0.108676  
129.000000      	0.109830  
130.000000      	0.110727  
131.000000      	0.111624  
132.000000      	0.112136  
133.000000      	0.112521  
134.000000      	0.113290  
135.000000      	0.113802  
136.000000      	0.114315  
137.000000      	0.115468  
138.000000      	0.116237  
139.000000      	0.117006  
140.000000      	0.118416  
141.000000      	0.119185  
142.000000      	0.119698  
143.000000      	0.119826  
144.000000      	0.120851  
145.000000      	0.121107  
146.000000      	0.122004  
148.000000      	0.122773  
149.000000      	0.123542  
150.000000      	0.124183  
151.000000      	0.124567  
152.000000      	0.125336  
153.000000      	0.126233  
154.000000      	0.126746  
155.000000      	0.127643  
156.000000      	0.128540  
157.000000      	0.129822  
158.000000      	0.131232  
159.000000      	0.131872  
160.000000      	0.132513  
161.000000      	0.133282  
162.000000      	0.133795  
163.000000      	0.134307  
164.000000      	0.135461  
165.000000      	0.135717  
166.000000      	0.135973  
167.000000      	0.136230  
168.000000      	0.136870  
169.000000      	0.137639  
170.000000      	0.138280  
171.000000      	0.138793  
172.000000      	0.139049  
173.000000      	0.139562  
174.000000      	0.139690  
175.000000      	0.140715  
176.000000      	0.141228  
177.000000      	0.141869  
178.000000      	0.142253  
179.000000      	0.142894  
180.000000      	0.143663  
181.000000      	0.143791  
182.000000      	0.144175  
184.000000      	0.144303  
185.000000      	0.144432  
186.000000      	0.144688  
188.000000      	0.144816  
189.000000      	0.145201  
190.000000      	0.145585  
191.000000      	0.145969  
192.000000      	0.146226  
194.000000      	0.146482  
195.000000      	0.146738  
197.000000      	0.146867  
198.000000      	0.147379  
199.000000      	0.147507  
200.000000      	0.147636  
201.000000      	0.147892  
202.000000      	0.148148  
203.000000      	0.148404  
204.000000      	0.148789  
205.000000      	0.149302  
206.000000      	0.149430  
207.000000      	0.149942  
208.000000      	0.150199  
209.000000      	0.150327  
210.000000      	0.150583  
211.000000      	0.151224  
212.000000      	0.151352  
213.000000      	0.151608  
214.000000      	0.152121  
215.000000      	0.152249  
216.000000      	0.152634  
217.000000      	0.153018  
218.000000      	0.153531  
219.000000      	0.153659  
220.000000      	0.154043  
221.000000      	0.154171  
222.000000      	0.154428  
223.000000      	0.154556  
224.000000      	0.154812  
225.000000      	0.154940  
226.000000      	0.155069  
227.000000      	0.155325  
228.000000      	0.155581  
229.000000      	0.155709  
230.000000      	0.155837  
231.000000      	0.155966  
232.000000      	0.156094  
233.000000      	0.156350  
234.000000      	0.156478  
235.000000      	0.156863  
236.000000      	0.157247  
237.000000      	0.157504  
238.000000      	0.157632  
241.000000      	0.158144  
242.000000      	0.158401  
243.000000      	0.159041  
244.000000      	0.159298  
245.000000      	0.159938  
246.000000      	0.160195  
247.000000      	0.160707  
248.000000      	0.160836  
249.000000      	0.160964  
250.000000      	0.161348  
251.000000      	0.161861  
252.000000      	0.162373  
253.000000      	0.162758  
255.000000      	0.163142  
256.000000      	0.163783  
257.000000      	0.163911  
258.000000      	0.164168  
259.000000      	0.164424  
260.000000      	0.164552  
262.000000      	0.164808  
263.000000      	0.164937  
265.000000      	0.165321  
266.000000      	0.165449  
267.000000      	0.165962  
268.000000      	0.166346  
269.000000      	0.166859  
270.000000      	0.167372  
272.000000      	0.167628  
273.000000      	0.167756  
274.000000      	0.168012  
275.000000      	0.168397  
276.000000      	0.168653  
277.000000      	0.168909  
279.000000      	0.170063  
280.000000      	0.170575  
281.000000      	0.171216  
282.000000      	0.171729  
283.000000      	0.172498  
284.000000      	0.172882  
285.000000      	0.173139  
286.000000      	0.173779  
287.000000      	0.174292  
288.000000      	0.174676  
289.000000      	0.175061  
290.000000      	0.175317  
291.000000      	0.175573  
292.000000      	0.175830  
293.000000      	0.176214  
294.000000      	0.176471  
295.000000      	0.177496  
296.000000      	0.177752  
297.000000      	0.178649  
298.000000      	0.179162  
299.000000      	0.179803  
300.000000      	0.180443  
301.000000      	0.180572  
302.000000      	0.180828  
304.000000      	0.181597  
305.000000      	0.182109  
306.000000      	0.182238  
307.000000      	0.182878  
308.000000      	0.183391  
309.000000      	0.183904  
310.000000      	0.184416  
311.000000      	0.185185  
312.000000      	0.185954  
313.000000      	0.186467  
314.000000      	0.186723  
315.000000      	0.186979  
316.000000      	0.187620  
317.000000      	0.188133  
318.000000      	0.188517  
319.000000      	0.189286  
320.000000      	0.189927  
321.000000      	0.190311  
322.000000      	0.190952  
323.000000      	0.191337  
324.000000      	0.191977  
325.000000      	0.192362  
326.000000      	0.193772  
327.000000      	0.193900  
328.000000      	0.194284  
329.000000      	0.194925  
330.000000      	0.195053  
331.000000      	0.195694  
332.000000      	0.195950  
333.000000      	0.196976  
334.000000      	0.197360  
335.000000      	0.198001  
336.000000      	0.198898  
337.000000      	0.199026  
338.000000      	0.199410  
339.000000      	0.199923  
340.000000      	0.200564  
341.000000      	0.201077  
342.000000      	0.201589  
343.000000      	0.201974  
344.000000      	0.202358  
345.000000      	0.202743  
346.000000      	0.202999  
347.000000      	0.203383  
348.000000      	0.204152  
349.000000      	0.204665  
350.000000      	0.205434  
351.000000      	0.205690  
352.000000      	0.206203  
353.000000      	0.206844  
354.000000      	0.207741  
355.000000      	0.208253  
356.000000      	0.208894  
357.000000      	0.209278  
358.000000      	0.209663  
359.000000      	0.209791  
360.000000      	0.210688  
361.000000      	0.211457  
362.000000      	0.212226  
363.000000      	0.213508  
364.000000      	0.214148  
365.000000      	0.215174  
366.000000      	0.215943  
367.000000      	0.216455  
368.000000      	0.217224  
369.000000      	0.218249  
370.000000      	0.219146  
371.000000      	0.219531  
372.000000      	0.220044  
373.000000      	0.221069  
374.000000      	0.221325  
375.000000      	0.221966  
376.000000      	0.222350  
377.000000      	0.223247  
378.000000      	0.224016  
379.000000      	0.224529  
380.000000      	0.224657  
381.000000      	0.225170  
382.000000      	0.225682  
383.000000      	0.226323  
384.000000      	0.226580  
385.000000      	0.226836  
386.000000      	0.226964  
387.000000      	0.227733  
388.000000      	0.228246  
389.000000      	0.228630  
390.000000      	0.229143  
391.000000      	0.229399  
392.000000      	0.229912  
393.000000      	0.230296  
394.000000      	0.230552  
395.000000      	0.231193  
396.000000      	0.232090  
397.000000      	0.232218  
398.000000      	0.232859  
399.000000      	0.233372  
400.000000      	0.233756  
401.000000      	0.234397  
402.000000      	0.235038  
403.000000      	0.236191  
404.000000      	0.237216  
405.000000      	0.237345  
406.000000      	0.237985  
407.000000      	0.239523  
408.000000      	0.240164  
409.000000      	0.240677  
410.000000      	0.241317  
411.000000      	0.241702  
412.000000      	0.242086  
413.000000      	0.242983  
414.000000      	0.243881  
415.000000      	0.244393  
416.000000      	0.245162  
417.000000      	0.245547  
418.000000      	0.246059  
419.000000      	0.246700  
420.000000      	0.247469  
421.000000      	0.248110  
422.000000      	0.248494  
423.000000      	0.249776  
424.000000      	0.250801  
425.000000      	0.251698  
426.000000      	0.252467  
427.000000      	0.253364  
428.000000      	0.253749  
429.000000      	0.254389  
430.000000      	0.254517  
431.000000      	0.255799  
432.000000      	0.256952  
433.000000      	0.257850  
434.000000      	0.258618  
435.000000      	0.259003  
436.000000      	0.259387  
437.000000      	0.260541  
438.000000      	0.261182  
439.000000      	0.261566  
440.000000      	0.261951  
441.000000      	0.263104  
442.000000      	0.264001  
443.000000      	0.264898  
444.000000      	0.265667  
445.000000      	0.266308  
446.000000      	0.267333  
447.000000      	0.268230  
448.000000      	0.269640  
449.000000      	0.270281  
450.000000      	0.270921  
451.000000      	0.271306  
452.000000      	0.272331  
453.000000      	0.273228  
454.000000      	0.273741  
455.000000      	0.274510  
456.000000      	0.275022  
457.000000      	0.275791  
458.000000      	0.276432  
459.000000      	0.277586  
460.000000      	0.278483  
461.000000      	0.278995  
462.000000      	0.279892  
463.000000      	0.280661  
464.000000      	0.282071  
465.000000      	0.283224  
466.000000      	0.284121  
467.000000      	0.285659  
468.000000      	0.286556  
469.000000      	0.287966  
470.000000      	0.288863  
471.000000      	0.290017  
472.000000      	0.290273  
473.000000      	0.290786  
474.000000      	0.291683  
475.000000      	0.292067  
476.000000      	0.293221  
477.000000      	0.294246  
478.000000      	0.295015  
479.000000      	0.296553  
480.000000      	0.297962  
481.000000      	0.298603  
482.000000      	0.299372  
483.000000      	0.300141  
484.000000      	0.300654  
485.000000      	0.301679  
486.000000      	0.302704  
487.000000      	0.303729  
488.000000      	0.305267  
489.000000      	0.307061  
490.000000      	0.307318  
491.000000      	0.307830  
492.000000      	0.308856  
493.000000      	0.309881  
494.000000      	0.310906  
495.000000      	0.311675  
496.000000      	0.312957  
497.000000      	0.313597  
498.000000      	0.315007  
499.000000      	0.316417  
500.000000      	0.318339  
501.000000      	0.318980  
502.000000      	0.319621  
503.000000      	0.320390  
504.000000      	0.321159  
505.000000      	0.322696  
506.000000      	0.323465  
507.000000      	0.323978  
508.000000      	0.325388  
509.000000      	0.326541  
510.000000      	0.327182  
511.000000      	0.327951  
512.000000      	0.328592  
513.000000      	0.329489  
514.000000      	0.330514  
515.000000      	0.331411  
516.000000      	0.332949  
517.000000      	0.334230  
518.000000      	0.335512  
519.000000      	0.336281  
520.000000      	0.337434  
521.000000      	0.337947  
522.000000      	0.339485  
523.000000      	0.340126  
524.000000      	0.341535  
525.000000      	0.342817  
526.000000      	0.344227  
527.000000      	0.345636  
528.000000      	0.346662  
529.000000      	0.347687  
530.000000      	0.348456  
531.000000      	0.349865  
532.000000      	0.350763  
533.000000      	0.351147  
534.000000      	0.352429  
535.000000      	0.353582  
536.000000      	0.354479  
537.000000      	0.355376  
538.000000      	0.356530  
539.000000      	0.357427  
540.000000      	0.358452  
541.000000      	0.360502  
542.000000      	0.361015  
543.000000      	0.361528  
544.000000      	0.362553  
545.000000      	0.363706  
546.000000      	0.364732  
547.000000      	0.366013  
548.000000      	0.367295  
549.000000      	0.369217  
550.000000      	0.370370  
551.000000      	0.371267  
552.000000      	0.373318  
553.000000      	0.374728  
554.000000      	0.375881  
555.000000      	0.376266  
556.000000      	0.376906  
557.000000      	0.377932  
558.000000      	0.378957  
559.000000      	0.380238  
560.000000      	0.381007  
561.000000      	0.382033  
562.000000      	0.383186  
563.000000      	0.384339  
564.000000      	0.385493  
565.000000      	0.386390  
566.000000      	0.387415  
567.000000      	0.388568  
568.000000      	0.389978  
569.000000      	0.390875  
570.000000      	0.391772  
571.000000      	0.392285  
572.000000      	0.393310  
573.000000      	0.394079  
574.000000      	0.394720  
575.000000      	0.395745  
576.000000      	0.396899  
577.000000      	0.398949  
578.000000      	0.399590  
579.000000      	0.400487  
580.000000      	0.401769  
581.000000      	0.402922  
582.000000      	0.404460  
583.000000      	0.405101  
584.000000      	0.406254  
585.000000      	0.407664  
586.000000      	0.408817  
587.000000      	0.409458  
588.000000      	0.409971  
589.000000      	0.410868  
590.000000      	0.412277  
591.000000      	0.413431  
592.000000      	0.414200  
593.000000      	0.414840  
594.000000      	0.415738  
595.000000      	0.416635  
596.000000      	0.417660  
597.000000      	0.418301  
598.000000      	0.418941  
599.000000      	0.419582  
600.000000      	0.420736  
601.000000      	0.420992  
602.000000      	0.421248  
603.000000      	0.421761  
604.000000      	0.422273  
605.000000      	0.423171  
606.000000      	0.423811  
607.000000      	0.424324  
608.000000      	0.424837  
609.000000      	0.425477  
610.000000      	0.426503  
611.000000      	0.427143  
612.000000      	0.427912  
613.000000      	0.428809  
614.000000      	0.429835  
615.000000      	0.430219  
616.000000      	0.431244  
617.000000      	0.432013  
618.000000      	0.432526  
619.000000      	0.433167  
620.000000      	0.433551  
621.000000      	0.434448  
622.000000      	0.435474  
623.000000      	0.436114  
624.000000      	0.436499  
625.000000      	0.437268  
626.000000      	0.438037  
627.000000      	0.438934  
628.000000      	0.439575  
629.000000      	0.440600  
630.000000      	0.440984  
631.000000      	0.441369  
632.000000      	0.442138  
633.000000      	0.442650  
634.000000      	0.443804  
635.000000      	0.444444  
636.000000      	0.445085  
637.000000      	0.445342  
638.000000      	0.445854  
639.000000      	0.446367  
640.000000      	0.446879  
641.000000      	0.447392  
642.000000      	0.447520  
643.000000      	0.448289  
644.000000      	0.448802  
645.000000      	0.449058  
646.000000      	0.449571  
647.000000      	0.449827  
648.000000      	0.450852  
649.000000      	0.451621  
650.000000      	0.452262  
651.000000      	0.453287  
652.000000      	0.454056  
653.000000      	0.454953  
654.000000      	0.455338  
655.000000      	0.455850  
656.000000      	0.456363  
657.000000      	0.456876  
658.000000      	0.457388  
659.000000      	0.457644  
660.000000      	0.459311  
661.000000      	0.459567  
662.000000      	0.460464  
664.000000      	0.461105  
665.000000      	0.462002  
666.000000      	0.462899  
667.000000      	0.463540  
668.000000      	0.464052  
669.000000      	0.464693  
670.000000      	0.464949  
671.000000      	0.465078  
672.000000      	0.465590  
673.000000      	0.467000  
674.000000      	0.467512  
675.000000      	0.467769  
676.000000      	0.468410  
677.000000      	0.469179  
678.000000      	0.470076  
679.000000      	0.470588  
680.000000      	0.471101  
681.000000      	0.471742  
682.000000      	0.472382  
683.000000      	0.472895  
684.000000      	0.473408  
685.000000      	0.474305  
686.000000      	0.474433  
687.000000      	0.475714  
688.000000      	0.476227  
689.000000      	0.476612  
690.000000      	0.477509  
691.000000      	0.478406  
692.000000      	0.479175  
693.000000      	0.479944  
694.000000      	0.480584  
695.000000      	0.481225  
696.000000      	0.481994  
697.000000      	0.483019  
698.000000      	0.483404  
699.000000      	0.483916  
700.000000      	0.484685  
701.000000      	0.485454  
702.000000      	0.485839  
703.000000      	0.486351  
704.000000      	0.487120  
705.000000      	0.487889  
706.000000      	0.488402  
707.000000      	0.489299  
708.000000      	0.490068  
709.000000      	0.491349  
710.000000      	0.491606  
711.000000      	0.492375  
712.000000      	0.493016  
713.000000      	0.493144  
714.000000      	0.493400  
715.000000      	0.494553  
716.000000      	0.495066  
717.000000      	0.495322  
718.000000      	0.495707  
719.000000      	0.496476  
720.000000      	0.497116  
721.000000      	0.497757  
722.000000      	0.498142  
723.000000      	0.498526  
724.000000      	0.499295  
725.000000      	0.500449  
726.000000      	0.500833  
727.000000      	0.501730  
728.000000      	0.502499  
729.000000      	0.503781  
730.000000      	0.504806  
731.000000      	0.505062  
732.000000      	0.505831  
733.000000      	0.506600  
734.000000      	0.507753  
735.000000      	0.508266  
736.000000      	0.509035  
737.000000      	0.509932  
738.000000      	0.510957  
739.000000      	0.511983  
740.000000      	0.512623  
741.000000      	0.513392  
742.000000      	0.513520  
743.000000      	0.513777  
744.000000      	0.514161  
745.000000      	0.514418  
746.000000      	0.514546  
747.000000      	0.515058  
748.000000      	0.515315  
749.000000      	0.516084  
750.000000      	0.516724  
751.000000      	0.518390  
752.000000      	0.519159  
753.000000      	0.519800  
754.000000      	0.520697  
755.000000      	0.520953  
756.000000      	0.521210  
757.000000      	0.521979  
758.000000      	0.522491  
759.000000      	0.522876  
760.000000      	0.523645  
761.000000      	0.524029  
762.000000      	0.524670  
763.000000      	0.525439  
764.000000      	0.525567  
765.000000      	0.526336  
766.000000      	0.527233  
767.000000      	0.527746  
768.000000      	0.528130  
769.000000      	0.528258  
770.000000      	0.528899  
771.000000      	0.529540  
772.000000      	0.530181  
773.000000      	0.530821  
774.000000      	0.531847  
775.000000      	0.532744  
776.000000      	0.533513  
777.000000      	0.534154  
778.000000      	0.534666  
779.000000      	0.535307  
780.000000      	0.535820  
781.000000      	0.535948  
782.000000      	0.537101  
783.000000      	0.538126  
784.000000      	0.538639  
785.000000      	0.539664  
786.000000      	0.540689  
787.000000      	0.541587  
788.000000      	0.542227  
789.000000      	0.543381  
790.000000      	0.543893  
791.000000      	0.545175  
792.000000      	0.546200  
793.000000      	0.547097  
794.000000      	0.547738  
795.000000      	0.547994  
796.000000      	0.548507  
797.000000      	0.549404  
798.000000      	0.549917  
799.000000      	0.550301  
800.000000      	0.550686  
801.000000      	0.551583  
802.000000      	0.552736  
803.000000      	0.553761  
804.000000      	0.554274  
805.000000      	0.554787  
806.000000      	0.555812  
807.000000      	0.556324  
808.000000      	0.557222  
809.000000      	0.558375  
810.000000      	0.558759  
811.000000      	0.559144  
812.000000      	0.559657  
813.000000      	0.560554  
814.000000      	0.560938  
815.000000      	0.562476  
816.000000      	0.563501  
817.000000      	0.564014  
818.000000      	0.564783  
819.000000      	0.565680  
820.000000      	0.565936  
821.000000      	0.566833  
822.000000      	0.567346  
823.000000      	0.568884  
824.000000      	0.570165  
825.000000      	0.570934  
826.000000      	0.571062  
827.000000      	0.571960  
828.000000      	0.572728  
829.000000      	0.573497  
830.000000      	0.574651  
831.000000      	0.575163  
832.000000      	0.575804  
833.000000      	0.576573  
834.000000      	0.577342  
835.000000      	0.578624  
836.000000      	0.579264  
837.000000      	0.579649  
838.000000      	0.580033  
839.000000      	0.580290  
840.000000      	0.581187  
841.000000      	0.581443  
842.000000      	0.582596  
843.000000      	0.582981  
844.000000      	0.583365  
845.000000      	0.584006  
846.000000      	0.584903  
847.000000      	0.585800  
848.000000      	0.586826  
849.000000      	0.587210  
850.000000      	0.588107  
851.000000      	0.589389  
852.000000      	0.589901  
853.000000      	0.590542  
854.000000      	0.591311  
855.000000      	0.592208  
856.000000      	0.592849  
857.000000      	0.593362  
858.000000      	0.594259  
859.000000      	0.595156  
860.000000      	0.596437  
861.000000      	0.596950  
862.000000      	0.597847  
863.000000      	0.598488  
864.000000      	0.599641  
865.000000      	0.600538  
866.000000      	0.601307  
867.000000      	0.602076  
868.000000      	0.602204  
869.000000      	0.602973  
870.000000      	0.603998  
871.000000      	0.604639  
872.000000      	0.605024  
873.000000      	0.605280  
874.000000      	0.606305  
875.000000      	0.607074  
876.000000      	0.607843  
877.000000      	0.608868  
878.000000      	0.610534  
879.000000      	0.611432  
880.000000      	0.611944  
881.000000      	0.612200  
882.000000      	0.612969  
883.000000      	0.615020  
884.000000      	0.615661  
885.000000      	0.616942  
886.000000      	0.617327  
887.000000      	0.617967  
888.000000      	0.618480  
889.000000      	0.619890  
890.000000      	0.620915  
891.000000      	0.621300  
892.000000      	0.622325  
893.000000      	0.623222  
894.000000      	0.624119  
895.000000      	0.624888  
896.000000      	0.626426  
897.000000      	0.626810  
898.000000      	0.627323  
899.000000      	0.628604  
900.000000      	0.629886  
901.000000      	0.630655  
902.000000      	0.631808  
903.000000      	0.632705  
904.000000      	0.633218  
905.000000      	0.633987  
906.000000      	0.634628  
907.000000      	0.635525  
908.000000      	0.636037  
909.000000      	0.636678  
910.000000      	0.637063  
911.000000      	0.638088  
912.000000      	0.638601  
913.000000      	0.638985  
914.000000      	0.639113  
915.000000      	0.640395  
916.000000      	0.640651  
917.000000      	0.641420  
918.000000      	0.642317  
919.000000      	0.642958  
920.000000      	0.644111  
921.000000      	0.645008  
922.000000      	0.645393  
923.000000      	0.646034  
924.000000      	0.646803  
925.000000      	0.647315  
926.000000      	0.647700  
927.000000      	0.648469  
928.000000      	0.649237  
929.000000      	0.650006  
930.000000      	0.650903  
931.000000      	0.651672  
932.000000      	0.652185  
933.000000      	0.652954  
934.000000      	0.654107  
935.000000      	0.654492  
936.000000      	0.655261  
937.000000      	0.656671  
938.000000      	0.657055  
939.000000      	0.657311  
940.000000      	0.657824  
941.000000      	0.658465  
942.000000      	0.659234  
943.000000      	0.660259  
944.000000      	0.661540  
945.000000      	0.662438  
946.000000      	0.663975  
947.000000      	0.664744  
948.000000      	0.665898  
949.000000      	0.666667  
950.000000      	0.667692  
951.000000      	0.668717  
952.000000      	0.669486  
953.000000      	0.670639  
954.000000      	0.672049  
955.000000      	0.672818  
956.000000      	0.673203  
957.000000      	0.674228  
958.000000      	0.674997  
959.000000      	0.675766  
960.000000      	0.676919  
961.000000      	0.677175  
962.000000      	0.677944  
963.000000      	0.678841  
964.000000      	0.679867  
965.000000      	0.680507  
966.000000      	0.680892  
967.000000      	0.682302  
968.000000      	0.683199  
969.000000      	0.683455  
970.000000      	0.684096  
971.000000      	0.684737  
972.000000      	0.685890  
973.000000      	0.687556  
974.000000      	0.688069  
975.000000      	0.688581  
976.000000      	0.688966  
977.000000      	0.689735  
978.000000      	0.690119  
979.000000      	0.691144  
980.000000      	0.691529  
981.000000      	0.692042  
982.000000      	0.692554  
983.000000      	0.693451  
984.000000      	0.694476  
985.000000      	0.695758  
986.000000      	0.696143  
987.000000      	0.697040  
988.000000      	0.698065  
989.000000      	0.698577  
990.000000      	0.699218  
991.000000      	0.699731  
992.000000      	0.700756  
993.000000      	0.701269  
994.000000      	0.701653  
995.000000      	0.702550  
996.000000      	0.703063  
997.000000      	0.703576  
998.000000      	0.704088  
999.000000      	0.704729  
1000.000000     	0.705498  
1001.000000     	0.706139  
1002.000000     	0.706779  
1003.000000     	0.707164  
1004.000000     	0.707548  
1005.000000     	0.707933  
1006.000000     	0.708445  
1007.000000     	0.709855  
1008.000000     	0.710496  
1009.000000     	0.711137  
1010.000000     	0.712290  
1011.000000     	0.712931  
1012.000000     	0.713828  
1013.000000     	0.714212  
1014.000000     	0.714981  
1015.000000     	0.715879  
1016.000000     	0.716519  
1017.000000     	0.717032  
1018.000000     	0.717673  
1019.000000     	0.718185  
1020.000000     	0.718826  
1021.000000     	0.719595  
1022.000000     	0.720364  
1023.000000     	0.721517  
1024.000000     	0.722414  
1025.000000     	0.722799  
1026.000000     	0.723952  
1027.000000     	0.725362  
1028.000000     	0.726131  
1029.000000     	0.727156  
1030.000000     	0.728438  
1031.000000     	0.728822  
1032.000000     	0.729463  
1033.000000     	0.729847  
1034.000000     	0.731257  
1035.000000     	0.731898  
1036.000000     	0.732795  
1037.000000     	0.732923  
1038.000000     	0.733436  
1039.000000     	0.733820  
1040.000000     	0.734717  
1041.000000     	0.735102  
1042.000000     	0.735486  
1043.000000     	0.736127  
1044.000000     	0.736768  
1045.000000     	0.738178  
1046.000000     	0.738690  
1047.000000     	0.739459  
1048.000000     	0.740356  
1049.000000     	0.740997  
1050.000000     	0.742279  
1051.000000     	0.743560  
1052.000000     	0.744585  
1053.000000     	0.745483  
1054.000000     	0.746251  
1055.000000     	0.746892  
1056.000000     	0.747533  
1057.000000     	0.748174  
1058.000000     	0.749071  
1059.000000     	0.749455  
1060.000000     	0.749840  
1061.000000     	0.750737  
1062.000000     	0.751634  
1063.000000     	0.752275  
1064.000000     	0.752659  
1065.000000     	0.753172  
1066.000000     	0.753941  
1067.000000     	0.754966  
1068.000000     	0.756119  
1069.000000     	0.756632  
1070.000000     	0.757145  
1071.000000     	0.758042  
1072.000000     	0.758939  
1073.000000     	0.759580  
1074.000000     	0.760349  
1075.000000     	0.760605  
1076.000000     	0.761246  
1077.000000     	0.761502  
1078.000000     	0.762271  
1079.000000     	0.762655  
1080.000000     	0.763040  
1081.000000     	0.763552  
1082.000000     	0.763681  
1083.000000     	0.763937  
1084.000000     	0.764578  
1085.000000     	0.765731  
1086.000000     	0.765987  
1087.000000     	0.767269  
1088.000000     	0.768038  
1089.000000     	0.769063  
1090.000000     	0.769704  
1091.000000     	0.770857  
1092.000000     	0.771883  
1093.000000     	0.772395  
1094.000000     	0.772908  
1095.000000     	0.773677  
1096.000000     	0.774574  
1097.000000     	0.775343  
1098.000000     	0.775984  
1099.000000     	0.776624  
1100.000000     	0.777393  
1101.000000     	0.777778  
1102.000000     	0.778803  
1103.000000     	0.779187  
1104.000000     	0.779700  
1105.000000     	0.780597  
1106.000000     	0.780982  
1107.000000     	0.781494  
1108.000000     	0.782520  
1109.000000     	0.782904  
1110.000000     	0.783673  
1111.000000     	0.784314  
1112.000000     	0.785211  
1113.000000     	0.785595  
1114.000000     	0.786364  
1115.000000     	0.786877  
1116.000000     	0.787774  
1117.000000     	0.787902  
1118.000000     	0.789568  
1119.000000     	0.790209  
1120.000000     	0.790722  
1121.000000     	0.791106  
1122.000000     	0.792644  
1123.000000     	0.793156  
1124.000000     	0.793797  
1125.000000     	0.794566  
1126.000000     	0.794823  
1127.000000     	0.795463  
1128.000000     	0.796489  
1129.000000     	0.797514  
1130.000000     	0.798026  
1131.000000     	0.798667  
1132.000000     	0.799564  
1133.000000     	0.800461  
1134.000000     	0.800974  
1135.000000     	0.801487  
1136.000000     	0.801999  
1137.000000     	0.802896  
1138.000000     	0.803281  
1139.000000     	0.804306  
1140.000000     	0.805331  
1141.000000     	0.806100  
1142.000000     	0.806741  
1143.000000     	0.807382  
1144.000000     	0.808151  
1145.000000     	0.809048  
1146.000000     	0.809817  
1147.000000     	0.810329  
1148.000000     	0.810970  
1149.000000     	0.811355  
1150.000000     	0.811611  
1151.000000     	0.812508  
1152.000000     	0.813021  
1153.000000     	0.813277  
1154.000000     	0.813790  
1155.000000     	0.814046  
1156.000000     	0.814815  
1157.000000     	0.815327  
1158.000000     	0.815712  
1159.000000     	0.816225  
1160.000000     	0.816737  
1161.000000     	0.817122  
1162.000000     	0.817634  
1163.000000     	0.817762  
1164.000000     	0.818147  
1165.000000     	0.818916  
1166.000000     	0.819557  
1167.000000     	0.820454  
1168.000000     	0.821351  
1169.000000     	0.821992  
1170.000000     	0.823529  
1171.000000     	0.823786  
1172.000000     	0.824555  
1173.000000     	0.824939  
1174.000000     	0.825580  
1175.000000     	0.826221  
1176.000000     	0.826477  
1177.000000     	0.827374  
1178.000000     	0.827630  
1179.000000     	0.827887  
1180.000000     	0.828527  
1181.000000     	0.829681  
1182.000000     	0.829937  
1183.000000     	0.830322  
1184.000000     	0.830706  
1185.000000     	0.831731  
1186.000000     	0.832628  
1187.000000     	0.833141  
1188.000000     	0.833526  
1189.000000     	0.834295  
1190.000000     	0.834679  
1191.000000     	0.835320  
1192.000000     	0.835704  
1193.000000     	0.836089  
1194.000000     	0.836345  
1195.000000     	0.836473  
1196.000000     	0.836858  
1197.000000     	0.837883  
1198.000000     	0.838652  
1199.000000     	0.838908  
1200.000000     	0.839677  
1201.000000     	0.840574  
1202.000000     	0.840830  
1203.000000     	0.841215  
1204.000000     	0.841984  
1205.000000     	0.842625  
1206.000000     	0.842881  
1207.000000     	0.843778  
1208.000000     	0.844803  
1209.000000     	0.845700  
1210.000000     	0.846085  
1211.000000     	0.846726  
1212.000000     	0.847238  
1213.000000     	0.847623  
1214.000000     	0.848135  
1215.000000     	0.848263  
1216.000000     	0.848520  
1217.000000     	0.848904  
1218.000000     	0.849545  
1219.000000     	0.850827  
1220.000000     	0.851211  
1221.000000     	0.851467  
1222.000000     	0.851596  
1223.000000     	0.852236  
1224.000000     	0.852364  
1225.000000     	0.852749  
1226.000000     	0.853005  
1227.000000     	0.854159  
1228.000000     	0.854799  
1229.000000     	0.855184  
1230.000000     	0.856081  
1231.000000     	0.856337  
1232.000000     	0.857106  
1233.000000     	0.857747  
1234.000000     	0.858131  
1235.000000     	0.858516  
1236.000000     	0.858772  
1237.000000     	0.859669  
1238.000000     	0.860438  
1239.000000     	0.860951  
1240.000000     	0.861592  
1241.000000     	0.861976  
1242.000000     	0.862873  
1243.000000     	0.863258  
1244.000000     	0.863770  
1245.000000     	0.864539  
1246.000000     	0.864924  
1247.000000     	0.865565  
1248.000000     	0.866333  
1249.000000     	0.866590  
1250.000000     	0.867487  
1251.000000     	0.867999  
1252.000000     	0.868640  
1253.000000     	0.868768  
1254.000000     	0.869025  
1255.000000     	0.869922  
1256.000000     	0.870306  
1257.000000     	0.870947  
1258.000000     	0.871332  
1259.000000     	0.871460  
1260.000000     	0.871716  
1261.000000     	0.872613  
1262.000000     	0.873382  
1263.000000     	0.873895  
1264.000000     	0.874023  
1265.000000     	0.874535  
1266.000000     	0.874664  
1267.000000     	0.875048  
1268.000000     	0.875176  
1269.000000     	0.875433  
1270.000000     	0.875561  
1271.000000     	0.876073  
1272.000000     	0.876586  
1273.000000     	0.876970  
1274.000000     	0.877355  
1275.000000     	0.877611  
1276.000000     	0.877867  
1278.000000     	0.878252  
1279.000000     	0.878765  
1280.000000     	0.878893  
1281.000000     	0.879277  
1282.000000     	0.879405  
1283.000000     	0.880046  
1284.000000     	0.880174  
1286.000000     	0.880302  
1288.000000     	0.880687  
1289.000000     	0.881328  
1291.000000     	0.881712  
1292.000000     	0.881968  
1293.000000     	0.882481  
1294.000000     	0.882866  
1295.000000     	0.883122  
1296.000000     	0.883250  
1297.000000     	0.883506  
1298.000000     	0.884019  
1299.000000     	0.884660  
1300.000000     	0.884788  
1301.000000     	0.885172  
1302.000000     	0.885813  
1303.000000     	0.885941  
1304.000000     	0.886198  
1305.000000     	0.886710  
1306.000000     	0.886838  
1307.000000     	0.887095  
1308.000000     	0.887223  
1309.000000     	0.887351  
1310.000000     	0.887735  
1311.000000     	0.888120  
1312.000000     	0.888761  
1313.000000     	0.889145  
1314.000000     	0.889530  
1315.000000     	0.889658  
1316.000000     	0.889786  
1318.000000     	0.890170  
1319.000000     	0.890299  
1320.000000     	0.890427  
1321.000000     	0.890683  
1322.000000     	0.890939  
1324.000000     	0.891324  
1325.000000     	0.891452  
1327.000000     	0.892093  
1328.000000     	0.892349  
1329.000000     	0.892605  
1330.000000     	0.892990  
1331.000000     	0.893374  
1332.000000     	0.893631  
1334.000000     	0.893759  
1335.000000     	0.894015  
1336.000000     	0.894143  
1337.000000     	0.894400  
1338.000000     	0.894528  
1339.000000     	0.894912  
1340.000000     	0.895169  
1342.000000     	0.895297  
1343.000000     	0.895681  
1344.000000     	0.895937  
1345.000000     	0.896066  
1346.000000     	0.896322  
1348.000000     	0.896706  
1349.000000     	0.896835  
1350.000000     	0.897219  
1351.000000     	0.897603  
1352.000000     	0.897860  
1353.000000     	0.898116  
1354.000000     	0.898501  
1355.000000     	0.898629  
1356.000000     	0.898757  
1357.000000     	0.899013  
1359.000000     	0.899141  
1360.000000     	0.899526  
1361.000000     	0.899782  
1363.000000     	0.900167  
1365.000000     	0.900295  
1366.000000     	0.900423  
1368.000000     	0.900936  
1369.000000     	0.901320  
1370.000000     	0.901448  
1371.000000     	0.901576  
1373.000000     	0.901704  
1374.000000     	0.901961  
1375.000000     	0.902089  
1376.000000     	0.902217  
1378.000000     	0.902345  
1380.000000     	0.902473  
1381.000000     	0.902730  
1382.000000     	0.903242  
1384.000000     	0.903370  
1387.000000     	0.903499  
1389.000000     	0.903627  
1390.000000     	0.903883  
1394.000000     	0.904011  
1395.000000     	0.904139  
1396.000000     	0.904524  
1397.000000     	0.904652  
1398.000000     	0.904780  
1399.000000     	0.905037  
1400.000000     	0.905165  
1401.000000     	0.905293  
1402.000000     	0.905549  
1404.000000     	0.905677  
1405.000000     	0.905805  
1411.000000     	0.905934  
1412.000000     	0.906318  
1414.000000     	0.906574  
1416.000000     	0.906703  
1417.000000     	0.906831  
1420.000000     	0.906959  
1423.000000     	0.907087  
1425.000000     	0.907215  
1426.000000     	0.907343  
1430.000000     	0.907471  
1433.000000     	0.907600  
1434.000000     	0.907728  
1436.000000     	0.907856  
1438.000000     	0.908240  
1439.000000     	0.908369  
1440.000000     	0.908625  
1442.000000     	0.908753  
1443.000000     	0.909009  
1444.000000     	0.909266  
1445.000000     	0.909522  
1449.000000     	0.909650  
1451.000000     	0.909906  
1452.000000     	0.910035  
1455.000000     	0.910163  
1457.000000     	0.910419  
1459.000000     	0.910547  
1460.000000     	0.910675  
1462.000000     	0.910804  
1466.000000     	0.910932  
1469.000000     	0.911060  
1472.000000     	0.911188  
1473.000000     	0.911316  
1475.000000     	0.911444  
1477.000000     	0.911572  
1480.000000     	0.911957  
1481.000000     	0.912085  
1482.000000     	0.912213  
1483.000000     	0.912341  
1485.000000     	0.912470  
1487.000000     	0.912598  
1488.000000     	0.913110  
1489.000000     	0.913367  
1490.000000     	0.913623  
1492.000000     	0.914007  
1493.000000     	0.914136  
1494.000000     	0.914264  
1495.000000     	0.914520  
1496.000000     	0.914648  
1497.000000     	0.914776  
1498.000000     	0.915033  
1501.000000     	0.915161  
1502.000000     	0.915289  
1503.000000     	0.915417  
1504.000000     	0.915545  
1507.000000     	0.915673  
1508.000000     	0.915802  
1511.000000     	0.915930  
1512.000000     	0.916442  
1514.000000     	0.916571  
1516.000000     	0.916699  
1517.000000     	0.916955  
1519.000000     	0.917083  
1521.000000     	0.917211  
1526.000000     	0.917468  
1528.000000     	0.917596  
1530.000000     	0.917724  
1532.000000     	0.917852  
1533.000000     	0.917980  
1536.000000     	0.918493  
1537.000000     	0.918621  
1538.000000     	0.918749  
1539.000000     	0.918877  
1540.000000     	0.919006  
1541.000000     	0.919262  
1542.000000     	0.919390  
1543.000000     	0.919646  
1547.000000     	0.919774  
1548.000000     	0.919903  
1552.000000     	0.920031  
1560.000000     	0.920159  
1563.000000     	0.920287  
1564.000000     	0.920415  
1565.000000     	0.920543  
1566.000000     	0.920672  
1572.000000     	0.920928  
1575.000000     	0.921056  
1578.000000     	0.921312  
1583.000000     	0.921440  
1604.000000     	0.921569  
1614.000000     	0.921697  
1615.000000     	0.922081  
1619.000000     	0.922209  
1622.000000     	0.922338  
1627.000000     	0.922466  
1629.000000     	0.922594  
1634.000000     	0.922722  
1638.000000     	0.922850  
1642.000000     	0.922978  
1645.000000     	0.923106  
1658.000000     	0.923235  
1662.000000     	0.923363  
1663.000000     	0.923491  
1665.000000     	0.923619  
1667.000000     	0.923875  
1668.000000     	0.924004  
1672.000000     	0.924132  
1674.000000     	0.924260  
1679.000000     	0.924388  
1683.000000     	0.924516  
1685.000000     	0.924773  
1689.000000     	0.924901  
1692.000000     	0.925029  
1694.000000     	0.925157  
1695.000000     	0.925413  
1696.000000     	0.925541  
1699.000000     	0.925670  
1704.000000     	0.925798  
1712.000000     	0.925926  
1713.000000     	0.926054  
1715.000000     	0.926182  
1722.000000     	0.926310  
1723.000000     	0.926439  
1725.000000     	0.926695  
1732.000000     	0.926823  
1734.000000     	0.926951  
1736.000000     	0.927079  
1743.000000     	0.927207  
1748.000000     	0.927464  
1751.000000     	0.927592  
1761.000000     	0.927720  
1762.000000     	0.927976  
1767.000000     	0.928105  
1768.000000     	0.928233  
1771.000000     	0.928361  
1772.000000     	0.928489  
1773.000000     	0.928617  
1777.000000     	0.928745  
1779.000000     	0.928874  
1781.000000     	0.929002  
1782.000000     	0.929130  
1783.000000     	0.929258  
1786.000000     	0.929386  
1789.000000     	0.929642  
1793.000000     	0.930155  
1797.000000     	0.930411  
1806.000000     	0.930540  
1815.000000     	0.930668  
1816.000000     	0.930796  
1828.000000     	0.930924  
1832.000000     	0.931052  
1836.000000     	0.931180  
1837.000000     	0.931308  
1838.000000     	0.931437  
1840.000000     	0.931565  
1843.000000     	0.931693  
1846.000000     	0.931821  
1850.000000     	0.931949  
1851.000000     	0.932077  
1852.000000     	0.932206  
1855.000000     	0.932462  
1859.000000     	0.932590  
1863.000000     	0.932718  
1875.000000     	0.932846  
1883.000000     	0.932974  
1885.000000     	0.933103  
1886.000000     	0.933231  
1890.000000     	0.933487  
1893.000000     	0.933615  
1894.000000     	0.933743  
1896.000000     	0.933872  
1897.000000     	0.934000  
1899.000000     	0.934128  
1901.000000     	0.934256  
1902.000000     	0.934384  
1905.000000     	0.934512  
1906.000000     	0.934641  
1908.000000     	0.934769  
1916.000000     	0.934897  
1918.000000     	0.935025  
1919.000000     	0.935153  
1922.000000     	0.935281  
1926.000000     	0.935409  
1947.000000     	0.935538  
1955.000000     	0.935666  
1957.000000     	0.935794  
1961.000000     	0.935922  
1962.000000     	0.936050  
1964.000000     	0.936178  
1978.000000     	0.936307  
1979.000000     	0.936435  
1986.000000     	0.936563  
1989.000000     	0.936691  
1994.000000     	0.936819  
1999.000000     	0.937075  
2002.000000     	0.937332  
2004.000000     	0.937460  
2005.000000     	0.937588  
2006.000000     	0.937844  
2010.000000     	0.937973  
2011.000000     	0.938101  
2017.000000     	0.938229  
2020.000000     	0.938357  
2027.000000     	0.938485  
2029.000000     	0.938613  
2034.000000     	0.938742  
2039.000000     	0.938998  
2042.000000     	0.939126  
2045.000000     	0.939254  
2051.000000     	0.939382  
2055.000000     	0.939510  
2062.000000     	0.939639  
2066.000000     	0.939767  
2069.000000     	0.939895  
2071.000000     	0.940023  
2079.000000     	0.940151  
2080.000000     	0.940279  
2086.000000     	0.940408  
2087.000000     	0.940536  
2092.000000     	0.940664  
2101.000000     	0.940792  
2111.000000     	0.940920  
2115.000000     	0.941048  
2116.000000     	0.941176  
2132.000000     	0.941305  
2139.000000     	0.941433  
2143.000000     	0.941561  
2145.000000     	0.941689  
2147.000000     	0.941817  
2151.000000     	0.941945  
2165.000000     	0.942074  
2180.000000     	0.942202  
2183.000000     	0.942330  
2188.000000     	0.942458  
2209.000000     	0.942586  
2214.000000     	0.942842  
2236.000000     	0.942971  
2248.000000     	0.943099  
2257.000000     	0.943227  
2265.000000     	0.943355  
2274.000000     	0.943483  
2279.000000     	0.943611  
2307.000000     	0.943740  
2308.000000     	0.943868  
2324.000000     	0.943996  
2327.000000     	0.944124  
2340.000000     	0.944252  
2362.000000     	0.944380  
2366.000000     	0.944509  
2371.000000     	0.944637  
2373.000000     	0.944765  
2389.000000     	0.944893  
2397.000000     	0.945021  
2400.000000     	0.945149  
2405.000000     	0.945277  
2407.000000     	0.945406  
2417.000000     	0.945534  
2421.000000     	0.945662  
2424.000000     	0.945790  
2432.000000     	0.945918  
2433.000000     	0.946046  
2441.000000     	0.946175  
2449.000000     	0.946303  
2452.000000     	0.946431  
2457.000000     	0.946559  
2482.000000     	0.946687  
2485.000000     	0.946815  
2486.000000     	0.946943  
2496.000000     	0.947072  
2499.000000     	0.947200  
2504.000000     	0.947328  
2511.000000     	0.947456  
2512.000000     	0.947584  
2513.000000     	0.947712  
2514.000000     	0.947841  
2521.000000     	0.947969  
2527.000000     	0.948097  
2528.000000     	0.948225  
2536.000000     	0.948481  
2550.000000     	0.948610  
2552.000000     	0.948738  
2560.000000     	0.948866  
2570.000000     	0.948994  
2572.000000     	0.949122  
2574.000000     	0.949250  
2575.000000     	0.949378  
2576.000000     	0.949507  
2590.000000     	0.949635  
2596.000000     	0.949763  
2606.000000     	0.949891  
2616.000000     	0.950019  
2621.000000     	0.950147  
2629.000000     	0.950276  
2634.000000     	0.950404  
2636.000000     	0.950532  
2648.000000     	0.950660  
2650.000000     	0.950788  
2662.000000     	0.950916  
2669.000000     	0.951044  
2674.000000     	0.951173  
2679.000000     	0.951301  
2681.000000     	0.951429  
2686.000000     	0.951557  
2687.000000     	0.951685  
2690.000000     	0.951813  
2692.000000     	0.951942  
2699.000000     	0.952070  
2707.000000     	0.952198  
2725.000000     	0.952326  
2729.000000     	0.952454  
2738.000000     	0.952582  
2739.000000     	0.952710  
2748.000000     	0.952839  
2754.000000     	0.952967  
2759.000000     	0.953095  
2761.000000     	0.953223  
2764.000000     	0.953351  
2775.000000     	0.953479  
2779.000000     	0.953608  
2817.000000     	0.953736  
2818.000000     	0.953864  
2819.000000     	0.953992  
2834.000000     	0.954120  
2835.000000     	0.954377  
2840.000000     	0.954633  
2846.000000     	0.954761  
2850.000000     	0.955017  
2854.000000     	0.955145  
2856.000000     	0.955274  
2888.000000     	0.955402  
2889.000000     	0.955530  
2895.000000     	0.955658  
2903.000000     	0.955786  
2905.000000     	0.955914  
2912.000000     	0.956043  
2917.000000     	0.956171  
2923.000000     	0.956299  
2940.000000     	0.956427  
2941.000000     	0.956555  
2948.000000     	0.956683  
2962.000000     	0.956811  
2968.000000     	0.956940  
2969.000000     	0.957196  
2973.000000     	0.957324  
2975.000000     	0.957452  
2982.000000     	0.957580  
2999.000000     	0.957709  
3023.000000     	0.957837  
3030.000000     	0.957965  
3040.000000     	0.958093  
3049.000000     	0.958221  
3057.000000     	0.958349  
3074.000000     	0.958478  
3086.000000     	0.958606  
3092.000000     	0.958734  
3102.000000     	0.958862  
3110.000000     	0.958990  
3119.000000     	0.959118  
3126.000000     	0.959246  
3154.000000     	0.959375  
3167.000000     	0.959503  
3172.000000     	0.959759  
3176.000000     	0.959887  
3179.000000     	0.960015  
3180.000000     	0.960144  
3192.000000     	0.960272  
3193.000000     	0.960400  
3195.000000     	0.960528  
3201.000000     	0.960656  
3223.000000     	0.960784  
3235.000000     	0.960912  
3244.000000     	0.961041  
3246.000000     	0.961169  
3259.000000     	0.961297  
3261.000000     	0.961425  
3264.000000     	0.961553  
3293.000000     	0.961681  
3297.000000     	0.961810  
3302.000000     	0.961938  
3310.000000     	0.962066  
3312.000000     	0.962194  
3318.000000     	0.962322  
3323.000000     	0.962450  
3325.000000     	0.962578  
3328.000000     	0.962707  
3332.000000     	0.962835  
3343.000000     	0.962963  
3356.000000     	0.963091  
3368.000000     	0.963219  
3394.000000     	0.963347  
3407.000000     	0.963476  
3411.000000     	0.963604  
3422.000000     	0.963732  
3427.000000     	0.963860  
3450.000000     	0.963988  
3466.000000     	0.964116  
3469.000000     	0.964245  
3505.000000     	0.964373  
3514.000000     	0.964501  
3528.000000     	0.964629  
3530.000000     	0.964885  
3543.000000     	0.965013  
3549.000000     	0.965142  
3550.000000     	0.965270  
3561.000000     	0.965398  
3594.000000     	0.965526  
3599.000000     	0.965654  
3604.000000     	0.965782  
3607.000000     	0.965911  
3639.000000     	0.966039  
3643.000000     	0.966167  
3658.000000     	0.966295  
3660.000000     	0.966423  
3680.000000     	0.966551  
3703.000000     	0.966679  
3717.000000     	0.966808  
3724.000000     	0.966936  
3726.000000     	0.967064  
3732.000000     	0.967192  
3737.000000     	0.967320  
3747.000000     	0.967448  
3764.000000     	0.967577  
3767.000000     	0.967833  
3768.000000     	0.967961  
3777.000000     	0.968089  
3805.000000     	0.968217  
3809.000000     	0.968346  
3811.000000     	0.968474  
3825.000000     	0.968602  
3868.000000     	0.968858  
3873.000000     	0.968986  
3889.000000     	0.969114  
3890.000000     	0.969243  
3891.000000     	0.969371  
3898.000000     	0.969499  
3902.000000     	0.969627  
3905.000000     	0.969755  
3914.000000     	0.969883  
3915.000000     	0.970012  
3924.000000     	0.970140  
3939.000000     	0.970268  
3955.000000     	0.970396  
3968.000000     	0.970524  
3970.000000     	0.970652  
3982.000000     	0.970780  
3999.000000     	0.970909  
4001.000000     	0.971037  
4021.000000     	0.971165  
4025.000000     	0.971293  
4046.000000     	0.971421  
4050.000000     	0.971549  
4057.000000     	0.971678  
4059.000000     	0.971806  
4064.000000     	0.971934  
4089.000000     	0.972062  
4093.000000     	0.972190  
4100.000000     	0.972318  
4127.000000     	0.972575  
4128.000000     	0.972703  
4136.000000     	0.972831  
4154.000000     	0.972959  
4155.000000     	0.973087  
4163.000000     	0.973215  
4168.000000     	0.973344  
4169.000000     	0.973472  
4176.000000     	0.973600  
4203.000000     	0.973728  
4218.000000     	0.973856  
4222.000000     	0.973984  
4243.000000     	0.974113  
4247.000000     	0.974241  
4271.000000     	0.974369  
4302.000000     	0.974497  
4305.000000     	0.974625  
4309.000000     	0.974753  
4316.000000     	0.974881  
4325.000000     	0.975010  
4342.000000     	0.975138  
4351.000000     	0.975266  
4379.000000     	0.975394  
4389.000000     	0.975522  
4404.000000     	0.975650  
4428.000000     	0.975779  
4446.000000     	0.975907  
4461.000000     	0.976035  
4483.000000     	0.976163  
4507.000000     	0.976419  
4511.000000     	0.976547  
4541.000000     	0.976676  
4546.000000     	0.976804  
4596.000000     	0.976932  
4598.000000     	0.977060  
4648.000000     	0.977188  
4652.000000     	0.977316  
4662.000000     	0.977445  
4710.000000     	0.977573  
4715.000000     	0.977701  
4777.000000     	0.977829  
4852.000000     	0.977957  
4974.000000     	0.978085  
5031.000000     	0.978214  
5033.000000     	0.978342  
5081.000000     	0.978470  
5139.000000     	0.978598  
5206.000000     	0.978726  
5276.000000     	0.978854  
5301.000000     	0.978982  
5304.000000     	0.979111  
5332.000000     	0.979239  
5406.000000     	0.979367  
5532.000000     	0.979495  
5722.000000     	0.979623  
5764.000000     	0.979751  
5851.000000     	0.979880  
5863.000000     	0.980008  
5898.000000     	0.980136  
5989.000000     	0.980264  
6203.000000     	0.980392  
6286.000000     	0.980520  
6503.000000     	0.980648  
6664.000000     	0.980777  
6890.000000     	0.980905  
6977.000000     	0.981033  
7043.000000     	0.981161  
7085.000000     	0.981289  
7094.000000     	0.981417  
7097.000000     	0.981546  
7128.000000     	0.981674  
7174.000000     	0.981802  
7207.000000     	0.981930  
7236.000000     	0.982058  
7246.000000     	0.982186  
7268.000000     	0.982314  
7300.000000     	0.982443  
7319.000000     	0.982571  
7351.000000     	0.982699  
7489.000000     	0.982827  
7538.000000     	0.982955  
7603.000000     	0.983083  
7619.000000     	0.983212  
7736.000000     	0.983340  
7750.000000     	0.983468  
7849.000000     	0.983596  
7870.000000     	0.983724  
7883.000000     	0.983852  
7899.000000     	0.983981  
7964.000000     	0.984109  
8073.000000     	0.984237  
8148.000000     	0.984365  
8158.000000     	0.984493  
8205.000000     	0.984621  
8294.000000     	0.984749  
8336.000000     	0.984878  
8499.000000     	0.985006  
8501.000000     	0.985134  
8527.000000     	0.985262  
8638.000000     	0.985390  
8682.000000     	0.985518  
8786.000000     	0.985647  
8798.000000     	0.985775  
9097.000000     	0.985903  
9178.000000     	0.986031  
9191.000000     	0.986159  
9226.000000     	0.986287  
9256.000000     	0.986415  
9276.000000     	0.986544  
9304.000000     	0.986672  
9328.000000     	0.986800  
9367.000000     	0.986928  
9405.000000     	0.987056  
9428.000000     	0.987184  
9449.000000     	0.987441  
9461.000000     	0.987569  
9506.000000     	0.987697  
9517.000000     	0.987825  
9656.000000     	0.987953  
9664.000000     	0.988082  
9738.000000     	0.988210  
9775.000000     	0.988338  
9783.000000     	0.988466  
9816.000000     	0.988594  
9864.000000     	0.988722  
9870.000000     	0.988850  
9886.000000     	0.988979  
9923.000000     	0.989107  
9962.000000     	0.989235  
9963.000000     	0.989363  
10033.000000    	0.989491  
10064.000000    	0.989619  
10067.000000    	0.989748  
10115.000000    	0.989876  
10129.000000    	0.990004  
10193.000000    	0.990132  
10281.000000    	0.990260  
10306.000000    	0.990388  
10406.000000    	0.990516  
10424.000000    	0.990645  
10542.000000    	0.990773  
10737.000000    	0.990901  
10870.000000    	0.991029  
10971.000000    	0.991157  
11149.000000    	0.991285  
11282.000000    	0.991414  
11462.000000    	0.991542  
11646.000000    	0.991670  
11785.000000    	0.991798  
11913.000000    	0.991926  
12037.000000    	0.992054  
12109.000000    	0.992182  
12123.000000    	0.992311  
12173.000000    	0.992439  
12181.000000    	0.992567  
12219.000000    	0.992695  
12382.000000    	0.992823  
12453.000000    	0.992951  
12478.000000    	0.993080  
12556.000000    	0.993208  
12649.000000    	0.993336  
12780.000000    	0.993464  
12806.000000    	0.993592  
12838.000000    	0.993720  
12870.000000    	0.993849  
12970.000000    	0.993977  
13058.000000    	0.994105  
13074.000000    	0.994233  
13171.000000    	0.994361  
13175.000000    	0.994489  
13279.000000    	0.994617  
13411.000000    	0.994746  
13425.000000    	0.994874  
13540.000000    	0.995002  
13543.000000    	0.995130  
13641.000000    	0.995258  
13645.000000    	0.995386  
13682.000000    	0.995515  
13718.000000    	0.995643  
13738.000000    	0.995771  
13839.000000    	0.995899  
13840.000000    	0.996027  
13920.000000    	0.996155  
13981.000000    	0.996283  
14050.000000    	0.996412  
14326.000000    	0.996540  
14375.000000    	0.996668  
14528.000000    	0.996796  
14641.000000    	0.996924  
14662.000000    	0.997052  
14817.000000    	0.997181  
14902.000000    	0.997309  
15148.000000    	0.997437  
15155.000000    	0.997565  
16114.000000    	0.997693  
16263.000000    	0.997821  
16313.000000    	0.997950  
16378.000000    	0.998078  
16576.000000    	0.998206  
16754.000000    	0.998334  
16854.000000    	0.998462  
16941.000000    	0.998590  
20409.000000    	0.998718  
20729.000000    	0.998847  
23357.000000    	0.998975  
23394.000000    	0.999103  
24055.000000    	0.999231  
24160.000000    	0.999359  
24263.000000    	0.999487  
24470.000000    	0.999616  
31112.000000    	0.999744  
31195.000000    	0.999872  
31232.000000    	1.000000  
31232.000000    	1.000000  
