17.000000       	0.000128  
23.000000       	0.000256  
24.000000       	0.000384  
25.000000       	0.000513  
28.000000       	0.000641  
31.000000       	0.000769  
32.000000       	0.000897  
33.000000       	0.001025  
35.000000       	0.001410  
36.000000       	0.001666  
37.000000       	0.001794  
38.000000       	0.002050  
39.000000       	0.002435  
40.000000       	0.002948  
41.000000       	0.003204  
42.000000       	0.003332  
43.000000       	0.003717  
44.000000       	0.004357  
45.000000       	0.004485  
46.000000       	0.004742  
47.000000       	0.005767  
48.000000       	0.006023  
49.000000       	0.006408  
50.000000       	0.006536  
51.000000       	0.007433  
52.000000       	0.008458  
53.000000       	0.010124  
54.000000       	0.011790  
55.000000       	0.012175  
56.000000       	0.012687  
57.000000       	0.013328  
58.000000       	0.013841  
59.000000       	0.014353  
60.000000       	0.015251  
61.000000       	0.015379  
62.000000       	0.016019  
63.000000       	0.017429  
64.000000       	0.018839  
65.000000       	0.019480  
66.000000       	0.020249  
67.000000       	0.020761  
68.000000       	0.022043  
69.000000       	0.023068  
70.000000       	0.024093  
71.000000       	0.025759  
72.000000       	0.027682  
73.000000       	0.029476  
74.000000       	0.030757  
75.000000       	0.032167  
76.000000       	0.034218  
77.000000       	0.036524  
78.000000       	0.038447  
79.000000       	0.039985  
80.000000       	0.041522  
81.000000       	0.043957  
82.000000       	0.045752  
83.000000       	0.047930  
84.000000       	0.049981  
85.000000       	0.050878  
86.000000       	0.052288  
87.000000       	0.053185  
88.000000       	0.055620  
89.000000       	0.057798  
90.000000       	0.059208  
91.000000       	0.061258  
92.000000       	0.062668  
93.000000       	0.063822  
94.000000       	0.065872  
95.000000       	0.067410  
96.000000       	0.068435  
97.000000       	0.070614  
98.000000       	0.072152  
99.000000       	0.074074  
100.000000      	0.074971  
101.000000      	0.075740  
102.000000      	0.077278  
103.000000      	0.078560  
104.000000      	0.079328  
105.000000      	0.080226  
106.000000      	0.081635  
107.000000      	0.082661  
108.000000      	0.083942  
109.000000      	0.085480  
110.000000      	0.086505  
111.000000      	0.088171  
112.000000      	0.089453  
113.000000      	0.090734  
114.000000      	0.091247  
115.000000      	0.092272  
116.000000      	0.093297  
117.000000      	0.094451  
118.000000      	0.096117  
119.000000      	0.097270  
120.000000      	0.097783  
121.000000      	0.098936  
122.000000      	0.099833  
123.000000      	0.101115  
124.000000      	0.102397  
125.000000      	0.103550  
126.000000      	0.104063  
127.000000      	0.104831  
128.000000      	0.106882  
129.000000      	0.108164  
130.000000      	0.108932  
131.000000      	0.109445  
132.000000      	0.110342  
133.000000      	0.111880  
134.000000      	0.112905  
135.000000      	0.113290  
136.000000      	0.115084  
137.000000      	0.115725  
138.000000      	0.116878  
139.000000      	0.118032  
140.000000      	0.119313  
141.000000      	0.120851  
142.000000      	0.121492  
143.000000      	0.122901  
144.000000      	0.124055  
145.000000      	0.124824  
146.000000      	0.125721  
147.000000      	0.126746  
148.000000      	0.127771  
149.000000      	0.128668  
150.000000      	0.129950  
151.000000      	0.131232  
152.000000      	0.132513  
153.000000      	0.133026  
154.000000      	0.133923  
155.000000      	0.134948  
156.000000      	0.135461  
157.000000      	0.135845  
158.000000      	0.136614  
159.000000      	0.137768  
160.000000      	0.138152  
161.000000      	0.138793  
162.000000      	0.139690  
163.000000      	0.140331  
164.000000      	0.141356  
165.000000      	0.141612  
166.000000      	0.142509  
167.000000      	0.143022  
168.000000      	0.143791  
169.000000      	0.144816  
170.000000      	0.145329  
171.000000      	0.145969  
172.000000      	0.146610  
173.000000      	0.147379  
174.000000      	0.147764  
175.000000      	0.148917  
176.000000      	0.149558  
177.000000      	0.150327  
178.000000      	0.150839  
179.000000      	0.151352  
180.000000      	0.151737  
181.000000      	0.151993  
182.000000      	0.152377  
183.000000      	0.152634  
184.000000      	0.154171  
185.000000      	0.154684  
186.000000      	0.155325  
187.000000      	0.155709  
188.000000      	0.156478  
189.000000      	0.157375  
190.000000      	0.157888  
191.000000      	0.158785  
192.000000      	0.159298  
193.000000      	0.159682  
194.000000      	0.160067  
195.000000      	0.160323  
196.000000      	0.160579  
197.000000      	0.161092  
198.000000      	0.161348  
199.000000      	0.161605  
200.000000      	0.161989  
201.000000      	0.163014  
202.000000      	0.163655  
203.000000      	0.164296  
204.000000      	0.164808  
206.000000      	0.165193  
207.000000      	0.165834  
208.000000      	0.166090  
209.000000      	0.166731  
210.000000      	0.166859  
211.000000      	0.167756  
212.000000      	0.168012  
213.000000      	0.168140  
214.000000      	0.168781  
215.000000      	0.169422  
216.000000      	0.169678  
217.000000      	0.169935  
218.000000      	0.170191  
219.000000      	0.170447  
220.000000      	0.170704  
221.000000      	0.171601  
222.000000      	0.171729  
224.000000      	0.171985  
225.000000      	0.172370  
226.000000      	0.172498  
227.000000      	0.172626  
228.000000      	0.172754  
230.000000      	0.173139  
231.000000      	0.173651  
232.000000      	0.173907  
233.000000      	0.174420  
234.000000      	0.174676  
235.000000      	0.174933  
236.000000      	0.175830  
237.000000      	0.176086  
238.000000      	0.176214  
239.000000      	0.176471  
240.000000      	0.176855  
241.000000      	0.176983  
242.000000      	0.177496  
243.000000      	0.177880  
244.000000      	0.178265  
245.000000      	0.178521  
246.000000      	0.179290  
247.000000      	0.179674  
248.000000      	0.180059  
249.000000      	0.180700  
250.000000      	0.180828  
251.000000      	0.180956  
252.000000      	0.181212  
253.000000      	0.181725  
254.000000      	0.181981  
255.000000      	0.182109  
256.000000      	0.182494  
257.000000      	0.182622  
258.000000      	0.183135  
259.000000      	0.183775  
260.000000      	0.184416  
261.000000      	0.184929  
262.000000      	0.185185  
263.000000      	0.185313  
264.000000      	0.185441  
265.000000      	0.185826  
266.000000      	0.186082  
267.000000      	0.186595  
268.000000      	0.187492  
269.000000      	0.187876  
270.000000      	0.188133  
271.000000      	0.188774  
272.000000      	0.189158  
273.000000      	0.190183  
274.000000      	0.190440  
275.000000      	0.190952  
276.000000      	0.191209  
277.000000      	0.191593  
278.000000      	0.192106  
279.000000      	0.192875  
280.000000      	0.194028  
281.000000      	0.195053  
282.000000      	0.195309  
283.000000      	0.196335  
284.000000      	0.196847  
285.000000      	0.197232  
286.000000      	0.197744  
287.000000      	0.198257  
288.000000      	0.198513  
290.000000      	0.199154  
291.000000      	0.199923  
292.000000      	0.200179  
293.000000      	0.200692  
294.000000      	0.201077  
295.000000      	0.201717  
296.000000      	0.202102  
297.000000      	0.203255  
298.000000      	0.204152  
299.000000      	0.205177  
300.000000      	0.205690  
301.000000      	0.206075  
302.000000      	0.206331  
303.000000      	0.206844  
304.000000      	0.207100  
305.000000      	0.207869  
306.000000      	0.208510  
307.000000      	0.209278  
308.000000      	0.210304  
309.000000      	0.211329  
310.000000      	0.211457  
311.000000      	0.212226  
312.000000      	0.212995  
313.000000      	0.213508  
314.000000      	0.214917  
315.000000      	0.215558  
316.000000      	0.216071  
317.000000      	0.216840  
318.000000      	0.217352  
319.000000      	0.217865  
320.000000      	0.218378  
321.000000      	0.219275  
322.000000      	0.220044  
323.000000      	0.220941  
324.000000      	0.222350  
325.000000      	0.222735  
326.000000      	0.223888  
327.000000      	0.224145  
328.000000      	0.225042  
329.000000      	0.226323  
330.000000      	0.227605  
331.000000      	0.228502  
332.000000      	0.229143  
333.000000      	0.229783  
334.000000      	0.230809  
335.000000      	0.231449  
336.000000      	0.232218  
337.000000      	0.233115  
338.000000      	0.233884  
339.000000      	0.234525  
340.000000      	0.235038  
341.000000      	0.236063  
342.000000      	0.237216  
343.000000      	0.237729  
344.000000      	0.238242  
345.000000      	0.238626  
346.000000      	0.239651  
347.000000      	0.240292  
348.000000      	0.240805  
349.000000      	0.241574  
350.000000      	0.242343  
351.000000      	0.242855  
352.000000      	0.243368  
353.000000      	0.243624  
354.000000      	0.244137  
355.000000      	0.245034  
356.000000      	0.245803  
357.000000      	0.246700  
358.000000      	0.247469  
359.000000      	0.247853  
360.000000      	0.248879  
361.000000      	0.249263  
362.000000      	0.250545  
363.000000      	0.251698  
364.000000      	0.252595  
365.000000      	0.253620  
366.000000      	0.254517  
367.000000      	0.255415  
368.000000      	0.256824  
369.000000      	0.257721  
370.000000      	0.258362  
371.000000      	0.258747  
372.000000      	0.259131  
373.000000      	0.259772  
374.000000      	0.260413  
375.000000      	0.261182  
376.000000      	0.261566  
377.000000      	0.262591  
378.000000      	0.263360  
379.000000      	0.264514  
380.000000      	0.266052  
381.000000      	0.267589  
382.000000      	0.268230  
383.000000      	0.269896  
384.000000      	0.270793  
385.000000      	0.271947  
386.000000      	0.272716  
387.000000      	0.273741  
388.000000      	0.275151  
389.000000      	0.276560  
390.000000      	0.278483  
391.000000      	0.279252  
392.000000      	0.279764  
393.000000      	0.280661  
394.000000      	0.281815  
395.000000      	0.282327  
396.000000      	0.284121  
397.000000      	0.285275  
398.000000      	0.286556  
399.000000      	0.287454  
400.000000      	0.287838  
401.000000      	0.288607  
402.000000      	0.289632  
403.000000      	0.291683  
404.000000      	0.292708  
405.000000      	0.293349  
406.000000      	0.294118  
407.000000      	0.295143  
408.000000      	0.295784  
409.000000      	0.296553  
410.000000      	0.297322  
411.000000      	0.298731  
412.000000      	0.299628  
413.000000      	0.300141  
414.000000      	0.301166  
415.000000      	0.303089  
416.000000      	0.303729  
417.000000      	0.304883  
418.000000      	0.306292  
419.000000      	0.307318  
420.000000      	0.308215  
421.000000      	0.308984  
422.000000      	0.310137  
423.000000      	0.311291  
424.000000      	0.312572  
425.000000      	0.313597  
426.000000      	0.315392  
427.000000      	0.316801  
428.000000      	0.317442  
429.000000      	0.318467  
430.000000      	0.319493  
431.000000      	0.320261  
432.000000      	0.321543  
433.000000      	0.322696  
434.000000      	0.323978  
435.000000      	0.324747  
436.000000      	0.325260  
437.000000      	0.326285  
438.000000      	0.326797  
439.000000      	0.327566  
440.000000      	0.328463  
441.000000      	0.329489  
442.000000      	0.330514  
443.000000      	0.331155  
444.000000      	0.332436  
445.000000      	0.333461  
446.000000      	0.335256  
447.000000      	0.336794  
448.000000      	0.338331  
449.000000      	0.339357  
450.000000      	0.340510  
451.000000      	0.341535  
452.000000      	0.343329  
453.000000      	0.344867  
454.000000      	0.346662  
455.000000      	0.347559  
456.000000      	0.348328  
457.000000      	0.349481  
458.000000      	0.351788  
459.000000      	0.352813  
460.000000      	0.353966  
461.000000      	0.355632  
462.000000      	0.356145  
463.000000      	0.357683  
464.000000      	0.358708  
465.000000      	0.359477  
466.000000      	0.360631  
467.000000      	0.361656  
468.000000      	0.362553  
469.000000      	0.363450  
470.000000      	0.364732  
471.000000      	0.366269  
472.000000      	0.366782  
473.000000      	0.368064  
474.000000      	0.369217  
475.000000      	0.370627  
476.000000      	0.371139  
477.000000      	0.371652  
478.000000      	0.372933  
479.000000      	0.373318  
480.000000      	0.373702  
481.000000      	0.374600  
482.000000      	0.376009  
483.000000      	0.377034  
484.000000      	0.377932  
485.000000      	0.378444  
486.000000      	0.379854  
487.000000      	0.381007  
488.000000      	0.382417  
489.000000      	0.383699  
490.000000      	0.384852  
491.000000      	0.385749  
492.000000      	0.387415  
493.000000      	0.388568  
494.000000      	0.390106  
495.000000      	0.390747  
496.000000      	0.392029  
497.000000      	0.393567  
498.000000      	0.394720  
499.000000      	0.395361  
500.000000      	0.396642  
501.000000      	0.397539  
502.000000      	0.398436  
503.000000      	0.399462  
504.000000      	0.401000  
505.000000      	0.402025  
506.000000      	0.402922  
507.000000      	0.404075  
508.000000      	0.405101  
509.000000      	0.406382  
510.000000      	0.407664  
511.000000      	0.408689  
512.000000      	0.409714  
513.000000      	0.410739  
514.000000      	0.411637  
515.000000      	0.412790  
516.000000      	0.413687  
517.000000      	0.414840  
518.000000      	0.415866  
519.000000      	0.416891  
520.000000      	0.418301  
521.000000      	0.419326  
522.000000      	0.420095  
523.000000      	0.421248  
524.000000      	0.422273  
525.000000      	0.423683  
526.000000      	0.424452  
527.000000      	0.425477  
528.000000      	0.426503  
529.000000      	0.427528  
530.000000      	0.428809  
531.000000      	0.429450  
532.000000      	0.430988  
533.000000      	0.432526  
534.000000      	0.432910  
535.000000      	0.433808  
536.000000      	0.435474  
537.000000      	0.435986  
538.000000      	0.437268  
539.000000      	0.438293  
540.000000      	0.438806  
541.000000      	0.440215  
542.000000      	0.441112  
543.000000      	0.442266  
544.000000      	0.443035  
545.000000      	0.443676  
546.000000      	0.445342  
547.000000      	0.445854  
548.000000      	0.447392  
549.000000      	0.448417  
550.000000      	0.449186  
551.000000      	0.449827  
552.000000      	0.451365  
553.000000      	0.453031  
554.000000      	0.454312  
555.000000      	0.455466  
556.000000      	0.455978  
557.000000      	0.457132  
558.000000      	0.458285  
559.000000      	0.458926  
560.000000      	0.459567  
561.000000      	0.460464  
562.000000      	0.460977  
563.000000      	0.462386  
564.000000      	0.464052  
565.000000      	0.464949  
566.000000      	0.466103  
567.000000      	0.466487  
568.000000      	0.467000  
569.000000      	0.468025  
570.000000      	0.468666  
571.000000      	0.469691  
572.000000      	0.470588  
573.000000      	0.471101  
574.000000      	0.471998  
575.000000      	0.472895  
576.000000      	0.473792  
577.000000      	0.474561  
578.000000      	0.475202  
579.000000      	0.476483  
580.000000      	0.477380  
581.000000      	0.478534  
582.000000      	0.479431  
583.000000      	0.479815  
584.000000      	0.480200  
585.000000      	0.481225  
586.000000      	0.481866  
587.000000      	0.482507  
588.000000      	0.483148  
589.000000      	0.483660  
590.000000      	0.484173  
591.000000      	0.484685  
592.000000      	0.485967  
593.000000      	0.486608  
594.000000      	0.487120  
595.000000      	0.487761  
596.000000      	0.488658  
597.000000      	0.489940  
598.000000      	0.490452  
599.000000      	0.490837  
600.000000      	0.491349  
601.000000      	0.491478  
602.000000      	0.492247  
603.000000      	0.493144  
604.000000      	0.494041  
605.000000      	0.494810  
606.000000      	0.495450  
607.000000      	0.495963  
608.000000      	0.497629  
609.000000      	0.498526  
610.000000      	0.499039  
611.000000      	0.499808  
612.000000      	0.500577  
613.000000      	0.501217  
614.000000      	0.501602  
615.000000      	0.501858  
616.000000      	0.502755  
617.000000      	0.504165  
618.000000      	0.504678  
619.000000      	0.505575  
620.000000      	0.505703  
621.000000      	0.506087  
622.000000      	0.507241  
623.000000      	0.508010  
624.000000      	0.508394  
625.000000      	0.509163  
626.000000      	0.509419  
627.000000      	0.509932  
628.000000      	0.510445  
629.000000      	0.511214  
630.000000      	0.511726  
631.000000      	0.512239  
632.000000      	0.513008  
633.000000      	0.513520  
634.000000      	0.513777  
635.000000      	0.514546  
636.000000      	0.515058  
637.000000      	0.515443  
638.000000      	0.515827  
639.000000      	0.516212  
640.000000      	0.516852  
641.000000      	0.517365  
642.000000      	0.517878  
643.000000      	0.518903  
644.000000      	0.519672  
645.000000      	0.520056  
646.000000      	0.520953  
647.000000      	0.521722  
648.000000      	0.522235  
649.000000      	0.522876  
650.000000      	0.524157  
651.000000      	0.524542  
652.000000      	0.525054  
653.000000      	0.525695  
654.000000      	0.526977  
655.000000      	0.527618  
656.000000      	0.528130  
657.000000      	0.528515  
658.000000      	0.529668  
659.000000      	0.530309  
660.000000      	0.531590  
661.000000      	0.532103  
662.000000      	0.532616  
663.000000      	0.533000  
664.000000      	0.533256  
665.000000      	0.533769  
666.000000      	0.534666  
667.000000      	0.535307  
668.000000      	0.535820  
669.000000      	0.536588  
670.000000      	0.537870  
671.000000      	0.538511  
672.000000      	0.538895  
673.000000      	0.539921  
674.000000      	0.540946  
675.000000      	0.541843  
676.000000      	0.542484  
677.000000      	0.542996  
678.000000      	0.543637  
679.000000      	0.544278  
680.000000      	0.545303  
681.000000      	0.545944  
682.000000      	0.546585  
683.000000      	0.547097  
684.000000      	0.547738  
685.000000      	0.548251  
686.000000      	0.548507  
687.000000      	0.549148  
688.000000      	0.550301  
689.000000      	0.551070  
690.000000      	0.551711  
691.000000      	0.552608  
692.000000      	0.553377  
693.000000      	0.554274  
694.000000      	0.554915  
695.000000      	0.556068  
696.000000      	0.556837  
697.000000      	0.557478  
698.000000      	0.557991  
699.000000      	0.558631  
700.000000      	0.559144  
701.000000      	0.559657  
702.000000      	0.560169  
703.000000      	0.560810  
704.000000      	0.561451  
705.000000      	0.562860  
706.000000      	0.563501  
707.000000      	0.564398  
708.000000      	0.565295  
709.000000      	0.566321  
710.000000      	0.566961  
711.000000      	0.567602  
712.000000      	0.568115  
713.000000      	0.568371  
714.000000      	0.569012  
715.000000      	0.569781  
716.000000      	0.570422  
717.000000      	0.570934  
718.000000      	0.571960  
719.000000      	0.572600  
720.000000      	0.573241  
721.000000      	0.574394  
722.000000      	0.574907  
723.000000      	0.575163  
724.000000      	0.575420  
725.000000      	0.576445  
726.000000      	0.576701  
727.000000      	0.577214  
728.000000      	0.578495  
729.000000      	0.579008  
730.000000      	0.579905  
731.000000      	0.580930  
732.000000      	0.581956  
733.000000      	0.582468  
734.000000      	0.582853  
735.000000      	0.583622  
736.000000      	0.584134  
737.000000      	0.585160  
738.000000      	0.585672  
739.000000      	0.586697  
740.000000      	0.587338  
741.000000      	0.587979  
742.000000      	0.589004  
743.000000      	0.589645  
744.000000      	0.590798  
745.000000      	0.591952  
746.000000      	0.593105  
747.000000      	0.594771  
748.000000      	0.595668  
749.000000      	0.595796  
750.000000      	0.597078  
751.000000      	0.597847  
752.000000      	0.598872  
753.000000      	0.599641  
754.000000      	0.600154  
755.000000      	0.601179  
756.000000      	0.601820  
757.000000      	0.602332  
758.000000      	0.603230  
759.000000      	0.603614  
760.000000      	0.604639  
761.000000      	0.605408  
762.000000      	0.606690  
763.000000      	0.607331  
764.000000      	0.607843  
765.000000      	0.608868  
766.000000      	0.609765  
767.000000      	0.610278  
768.000000      	0.611303  
769.000000      	0.611816  
770.000000      	0.613098  
771.000000      	0.613482  
772.000000      	0.614635  
773.000000      	0.615917  
774.000000      	0.616301  
775.000000      	0.617070  
776.000000      	0.617711  
777.000000      	0.618480  
778.000000      	0.619505  
779.000000      	0.620531  
780.000000      	0.621684  
781.000000      	0.622581  
782.000000      	0.622709  
783.000000      	0.623222  
784.000000      	0.624375  
785.000000      	0.625144  
786.000000      	0.625400  
787.000000      	0.626682  
788.000000      	0.627195  
789.000000      	0.628220  
790.000000      	0.629117  
791.000000      	0.630270  
792.000000      	0.631039  
793.000000      	0.631680  
794.000000      	0.632193  
795.000000      	0.632705  
796.000000      	0.633731  
797.000000      	0.634243  
798.000000      	0.634884  
799.000000      	0.635397  
800.000000      	0.636294  
801.000000      	0.637063  
802.000000      	0.637447  
803.000000      	0.637703  
804.000000      	0.637960  
805.000000      	0.638472  
806.000000      	0.639369  
807.000000      	0.640138  
808.000000      	0.640651  
809.000000      	0.641548  
810.000000      	0.643214  
811.000000      	0.644368  
812.000000      	0.644752  
813.000000      	0.645136  
814.000000      	0.645649  
815.000000      	0.646290  
816.000000      	0.646546  
817.000000      	0.647315  
818.000000      	0.647956  
819.000000      	0.648469  
820.000000      	0.649109  
821.000000      	0.650006  
822.000000      	0.650775  
823.000000      	0.652698  
824.000000      	0.653851  
825.000000      	0.654748  
826.000000      	0.655389  
827.000000      	0.656030  
828.000000      	0.656414  
829.000000      	0.657183  
830.000000      	0.657952  
831.000000      	0.659105  
832.000000      	0.659362  
833.000000      	0.660387  
834.000000      	0.660771  
835.000000      	0.660900  
836.000000      	0.661028  
837.000000      	0.661797  
838.000000      	0.662822  
839.000000      	0.663463  
840.000000      	0.663975  
841.000000      	0.664616  
842.000000      	0.665257  
843.000000      	0.665513  
844.000000      	0.665770  
845.000000      	0.666282  
846.000000      	0.666923  
847.000000      	0.667820  
848.000000      	0.668461  
849.000000      	0.669358  
850.000000      	0.669999  
851.000000      	0.670639  
852.000000      	0.670896  
853.000000      	0.671921  
854.000000      	0.673203  
855.000000      	0.674356  
856.000000      	0.674869  
857.000000      	0.674997  
858.000000      	0.675253  
859.000000      	0.676022  
860.000000      	0.676535  
861.000000      	0.677175  
862.000000      	0.677432  
864.000000      	0.678201  
865.000000      	0.679098  
866.000000      	0.679867  
867.000000      	0.680379  
868.000000      	0.680636  
869.000000      	0.681276  
870.000000      	0.681405  
871.000000      	0.682045  
872.000000      	0.682558  
873.000000      	0.682942  
874.000000      	0.683455  
875.000000      	0.684096  
876.000000      	0.685249  
877.000000      	0.686018  
878.000000      	0.687428  
879.000000      	0.688709  
880.000000      	0.689478  
881.000000      	0.689991  
882.000000      	0.690632  
883.000000      	0.691273  
884.000000      	0.691657  
885.000000      	0.692298  
886.000000      	0.692682  
887.000000      	0.693708  
888.000000      	0.694348  
889.000000      	0.694989  
890.000000      	0.695886  
891.000000      	0.696655  
892.000000      	0.698834  
893.000000      	0.699603  
894.000000      	0.700756  
895.000000      	0.701781  
896.000000      	0.702294  
897.000000      	0.702807  
898.000000      	0.703576  
899.000000      	0.704216  
900.000000      	0.705113  
901.000000      	0.705882  
902.000000      	0.706139  
903.000000      	0.706908  
904.000000      	0.707548  
905.000000      	0.708189  
906.000000      	0.708317  
907.000000      	0.709343  
908.000000      	0.710240  
909.000000      	0.711265  
910.000000      	0.711521  
911.000000      	0.712162  
912.000000      	0.712931  
913.000000      	0.713444  
914.000000      	0.713572  
915.000000      	0.714212  
916.000000      	0.714341  
917.000000      	0.715238  
918.000000      	0.715622  
919.000000      	0.716519  
920.000000      	0.716904  
921.000000      	0.717673  
922.000000      	0.718570  
923.000000      	0.719211  
924.000000      	0.719979  
925.000000      	0.720492  
926.000000      	0.720748  
927.000000      	0.721517  
928.000000      	0.722286  
929.000000      	0.722799  
930.000000      	0.724465  
931.000000      	0.725490  
932.000000      	0.727028  
933.000000      	0.727797  
934.000000      	0.728694  
935.000000      	0.729079  
936.000000      	0.730104  
937.000000      	0.730488  
938.000000      	0.730873  
939.000000      	0.731514  
940.000000      	0.732923  
941.000000      	0.733820  
942.000000      	0.734461  
943.000000      	0.734717  
944.000000      	0.735230  
945.000000      	0.735486  
946.000000      	0.736640  
947.000000      	0.737152  
948.000000      	0.737665  
949.000000      	0.738178  
950.000000      	0.738818  
951.000000      	0.739203  
952.000000      	0.740356  
953.000000      	0.741382  
954.000000      	0.741894  
955.000000      	0.742022  
956.000000      	0.742663  
957.000000      	0.742919  
958.000000      	0.743816  
959.000000      	0.744585  
960.000000      	0.745611  
961.000000      	0.746636  
962.000000      	0.747789  
963.000000      	0.748430  
964.000000      	0.748943  
965.000000      	0.749455  
966.000000      	0.750352  
967.000000      	0.750737  
968.000000      	0.751890  
969.000000      	0.752531  
970.000000      	0.752787  
971.000000      	0.753556  
972.000000      	0.754710  
973.000000      	0.755222  
974.000000      	0.755991  
975.000000      	0.756504  
976.000000      	0.757657  
977.000000      	0.758683  
978.000000      	0.759964  
979.000000      	0.760605  
980.000000      	0.761246  
981.000000      	0.761630  
982.000000      	0.762784  
983.000000      	0.762912  
984.000000      	0.763681  
985.000000      	0.764321  
986.000000      	0.764706  
987.000000      	0.765347  
988.000000      	0.766116  
989.000000      	0.766885  
990.000000      	0.767269  
991.000000      	0.767653  
992.000000      	0.768038  
993.000000      	0.769063  
994.000000      	0.769960  
995.000000      	0.770217  
996.000000      	0.770729  
997.000000      	0.771242  
998.000000      	0.771498  
999.000000      	0.771626  
1000.000000     	0.772139  
1001.000000     	0.772780  
1002.000000     	0.773164  
1003.000000     	0.774574  
1004.000000     	0.775343  
1005.000000     	0.776240  
1006.000000     	0.776881  
1007.000000     	0.777521  
1008.000000     	0.778803  
1009.000000     	0.779187  
1010.000000     	0.779828  
1011.000000     	0.780854  
1012.000000     	0.781494  
1013.000000     	0.782135  
1014.000000     	0.782391  
1015.000000     	0.783288  
1016.000000     	0.784186  
1017.000000     	0.784698  
1018.000000     	0.785211  
1019.000000     	0.785595  
1020.000000     	0.785980  
1021.000000     	0.786364  
1022.000000     	0.786621  
1023.000000     	0.787389  
1024.000000     	0.787646  
1025.000000     	0.788030  
1026.000000     	0.788799  
1027.000000     	0.789312  
1028.000000     	0.790465  
1030.000000     	0.790978  
1031.000000     	0.791490  
1032.000000     	0.791747  
1033.000000     	0.792259  
1034.000000     	0.792772  
1035.000000     	0.793797  
1036.000000     	0.794182  
1037.000000     	0.794951  
1038.000000     	0.795591  
1039.000000     	0.795976  
1040.000000     	0.796617  
1041.000000     	0.796873  
1042.000000     	0.797129  
1044.000000     	0.797514  
1045.000000     	0.798026  
1046.000000     	0.798411  
1047.000000     	0.799180  
1048.000000     	0.799821  
1049.000000     	0.800590  
1050.000000     	0.801102  
1051.000000     	0.801487  
1052.000000     	0.802384  
1053.000000     	0.803024  
1054.000000     	0.803665  
1055.000000     	0.804562  
1056.000000     	0.805075  
1057.000000     	0.806228  
1058.000000     	0.806357  
1059.000000     	0.806613  
1060.000000     	0.806997  
1061.000000     	0.807382  
1062.000000     	0.807638  
1063.000000     	0.808151  
1064.000000     	0.808535  
1065.000000     	0.809432  
1066.000000     	0.809817  
1067.000000     	0.810073  
1068.000000     	0.810842  
1069.000000     	0.811483  
1070.000000     	0.811867  
1071.000000     	0.812508  
1072.000000     	0.813661  
1073.000000     	0.814046  
1074.000000     	0.814943  
1076.000000     	0.815840  
1077.000000     	0.816481  
1078.000000     	0.817378  
1079.000000     	0.818147  
1080.000000     	0.818916  
1081.000000     	0.819557  
1082.000000     	0.819941  
1083.000000     	0.820069  
1084.000000     	0.821223  
1085.000000     	0.822504  
1086.000000     	0.823529  
1087.000000     	0.823658  
1088.000000     	0.823786  
1089.000000     	0.824683  
1090.000000     	0.825195  
1091.000000     	0.825836  
1092.000000     	0.826477  
1093.000000     	0.826861  
1094.000000     	0.827374  
1095.000000     	0.828271  
1096.000000     	0.828784  
1097.000000     	0.828912  
1098.000000     	0.829296  
1099.000000     	0.829809  
1100.000000     	0.830322  
1101.000000     	0.830834  
1102.000000     	0.831219  
1103.000000     	0.831731  
1104.000000     	0.832244  
1105.000000     	0.832885  
1106.000000     	0.833654  
1107.000000     	0.834295  
1108.000000     	0.834679  
1109.000000     	0.835192  
1110.000000     	0.835832  
1111.000000     	0.836729  
1112.000000     	0.836986  
1113.000000     	0.837755  
1114.000000     	0.838267  
1115.000000     	0.838395  
1116.000000     	0.838908  
1117.000000     	0.839677  
1118.000000     	0.840318  
1119.000000     	0.840830  
1120.000000     	0.841471  
1121.000000     	0.842112  
1122.000000     	0.842368  
1123.000000     	0.843009  
1124.000000     	0.843778  
1125.000000     	0.844034  
1126.000000     	0.844803  
1127.000000     	0.845444  
1128.000000     	0.845829  
1129.000000     	0.846341  
1130.000000     	0.846982  
1131.000000     	0.847238  
1132.000000     	0.847623  
1133.000000     	0.848135  
1134.000000     	0.848392  
1135.000000     	0.849161  
1136.000000     	0.849289  
1137.000000     	0.849673  
1139.000000     	0.850314  
1140.000000     	0.850442  
1141.000000     	0.851083  
1142.000000     	0.851339  
1143.000000     	0.851980  
1144.000000     	0.852493  
1145.000000     	0.853262  
1146.000000     	0.853774  
1147.000000     	0.854287  
1148.000000     	0.855056  
1149.000000     	0.855697  
1150.000000     	0.856081  
1151.000000     	0.856337  
1152.000000     	0.856978  
1153.000000     	0.857491  
1154.000000     	0.857875  
1155.000000     	0.858388  
1156.000000     	0.858516  
1157.000000     	0.858900  
1158.000000     	0.859285  
1159.000000     	0.859541  
1160.000000     	0.860054  
1161.000000     	0.860182  
1162.000000     	0.860438  
1163.000000     	0.861079  
1164.000000     	0.861335  
1165.000000     	0.862104  
1166.000000     	0.862873  
1167.000000     	0.863386  
1168.000000     	0.863770  
1169.000000     	0.864027  
1170.000000     	0.864411  
1171.000000     	0.864796  
1172.000000     	0.865180  
1173.000000     	0.865436  
1174.000000     	0.865565  
1175.000000     	0.866333  
1176.000000     	0.866462  
1177.000000     	0.866974  
1178.000000     	0.867231  
1179.000000     	0.867743  
1181.000000     	0.867999  
1182.000000     	0.868512  
1183.000000     	0.868897  
1184.000000     	0.869409  
1185.000000     	0.869666  
1186.000000     	0.870178  
1187.000000     	0.870691  
1188.000000     	0.871332  
1189.000000     	0.871588  
1190.000000     	0.872357  
1191.000000     	0.872998  
1192.000000     	0.873510  
1193.000000     	0.873895  
1194.000000     	0.874279  
1195.000000     	0.874535  
1196.000000     	0.874792  
1197.000000     	0.875176  
1198.000000     	0.875304  
1199.000000     	0.875433  
1200.000000     	0.875945  
1201.000000     	0.876330  
1202.000000     	0.876586  
1203.000000     	0.877227  
1204.000000     	0.877355  
1205.000000     	0.877739  
1206.000000     	0.878252  
1207.000000     	0.878508  
1208.000000     	0.879021  
1209.000000     	0.879405  
1210.000000     	0.879662  
1211.000000     	0.879790  
1212.000000     	0.879918  
1213.000000     	0.880302  
1214.000000     	0.880559  
1216.000000     	0.880943  
1217.000000     	0.881328  
1218.000000     	0.881456  
1219.000000     	0.881712  
1220.000000     	0.882097  
1221.000000     	0.882225  
1222.000000     	0.882609  
1223.000000     	0.882994  
1224.000000     	0.883122  
1225.000000     	0.883250  
1226.000000     	0.883891  
1227.000000     	0.884275  
1228.000000     	0.884660  
1229.000000     	0.884788  
1230.000000     	0.885044  
1231.000000     	0.885685  
1232.000000     	0.885813  
1233.000000     	0.885941  
1234.000000     	0.886454  
1235.000000     	0.887095  
1236.000000     	0.887223  
1237.000000     	0.887351  
1238.000000     	0.887479  
1239.000000     	0.887735  
1240.000000     	0.887864  
1241.000000     	0.887992  
1244.000000     	0.888248  
1245.000000     	0.888761  
1246.000000     	0.889145  
1247.000000     	0.889530  
1248.000000     	0.889658  
1250.000000     	0.889914  
1251.000000     	0.890170  
1252.000000     	0.890555  
1253.000000     	0.891068  
1254.000000     	0.891580  
1256.000000     	0.891965  
1257.000000     	0.892093  
1258.000000     	0.892221  
1261.000000     	0.892477  
1264.000000     	0.892734  
1265.000000     	0.893118  
1266.000000     	0.893246  
1267.000000     	0.893631  
1268.000000     	0.893759  
1269.000000     	0.894015  
1270.000000     	0.894143  
1271.000000     	0.894400  
1272.000000     	0.894528  
1273.000000     	0.894784  
1274.000000     	0.895040  
1277.000000     	0.895297  
1278.000000     	0.895553  
1280.000000     	0.895937  
1281.000000     	0.896066  
1282.000000     	0.896450  
1283.000000     	0.896578  
1284.000000     	0.896835  
1285.000000     	0.896963  
1286.000000     	0.897347  
1287.000000     	0.897475  
1288.000000     	0.897732  
1289.000000     	0.897988  
1292.000000     	0.898244  
1293.000000     	0.898501  
1296.000000     	0.898757  
1297.000000     	0.898885  
1298.000000     	0.899270  
1300.000000     	0.899398  
1301.000000     	0.899654  
1302.000000     	0.899782  
1304.000000     	0.900038  
1305.000000     	0.900167  
1306.000000     	0.900295  
1308.000000     	0.900551  
1310.000000     	0.900679  
1311.000000     	0.900936  
1313.000000     	0.901064  
1314.000000     	0.901704  
1315.000000     	0.901833  
1316.000000     	0.901961  
1318.000000     	0.902217  
1319.000000     	0.902602  
1321.000000     	0.902730  
1322.000000     	0.903114  
1323.000000     	0.903499  
1325.000000     	0.903755  
1326.000000     	0.903883  
1328.000000     	0.904268  
1329.000000     	0.904652  
1330.000000     	0.904908  
1331.000000     	0.905165  
1332.000000     	0.905293  
1335.000000     	0.905421  
1337.000000     	0.905549  
1338.000000     	0.905677  
1342.000000     	0.906062  
1343.000000     	0.906190  
1346.000000     	0.906446  
1351.000000     	0.906574  
1352.000000     	0.906703  
1353.000000     	0.907087  
1355.000000     	0.907343  
1356.000000     	0.907471  
1358.000000     	0.907600  
1359.000000     	0.907728  
1360.000000     	0.908112  
1361.000000     	0.908369  
1362.000000     	0.908497  
1366.000000     	0.908625  
1369.000000     	0.908753  
1371.000000     	0.908881  
1372.000000     	0.909266  
1374.000000     	0.909522  
1376.000000     	0.909778  
1378.000000     	0.910163  
1385.000000     	0.910419  
1387.000000     	0.910547  
1398.000000     	0.910804  
1401.000000     	0.910932  
1402.000000     	0.911316  
1404.000000     	0.911444  
1405.000000     	0.911572  
1406.000000     	0.911701  
1407.000000     	0.911829  
1410.000000     	0.911957  
1411.000000     	0.912085  
1414.000000     	0.912213  
1415.000000     	0.912341  
1416.000000     	0.912470  
1418.000000     	0.912598  
1420.000000     	0.912854  
1425.000000     	0.913110  
1427.000000     	0.913238  
1428.000000     	0.913367  
1431.000000     	0.913495  
1432.000000     	0.913623  
1433.000000     	0.913751  
1434.000000     	0.913879  
1440.000000     	0.914136  
1449.000000     	0.914264  
1450.000000     	0.914648  
1452.000000     	0.914776  
1458.000000     	0.914905  
1466.000000     	0.915033  
1470.000000     	0.915161  
1472.000000     	0.915289  
1474.000000     	0.915545  
1476.000000     	0.915673  
1479.000000     	0.915802  
1480.000000     	0.915930  
1483.000000     	0.916058  
1487.000000     	0.916442  
1488.000000     	0.916571  
1492.000000     	0.916827  
1495.000000     	0.916955  
1500.000000     	0.917083  
1501.000000     	0.917211  
1508.000000     	0.917339  
1510.000000     	0.917468  
1514.000000     	0.917596  
1518.000000     	0.917724  
1523.000000     	0.917852  
1524.000000     	0.917980  
1529.000000     	0.918108  
1531.000000     	0.918237  
1535.000000     	0.918365  
1536.000000     	0.918493  
1537.000000     	0.918621  
1540.000000     	0.918877  
1546.000000     	0.919134  
1547.000000     	0.919262  
1549.000000     	0.919390  
1552.000000     	0.919518  
1555.000000     	0.919646  
1560.000000     	0.919774  
1562.000000     	0.919903  
1568.000000     	0.920031  
1577.000000     	0.920159  
1581.000000     	0.920287  
1582.000000     	0.920415  
1584.000000     	0.920543  
1585.000000     	0.920672  
1588.000000     	0.920800  
1591.000000     	0.920928  
1593.000000     	0.921056  
1597.000000     	0.921184  
1598.000000     	0.921312  
1599.000000     	0.921440  
1600.000000     	0.921697  
1601.000000     	0.921953  
1603.000000     	0.922081  
1604.000000     	0.922209  
1607.000000     	0.922466  
1608.000000     	0.922722  
1610.000000     	0.922850  
1611.000000     	0.923235  
1612.000000     	0.923363  
1614.000000     	0.923491  
1617.000000     	0.923619  
1621.000000     	0.924004  
1622.000000     	0.924132  
1625.000000     	0.924260  
1626.000000     	0.924388  
1627.000000     	0.924516  
1629.000000     	0.924644  
1631.000000     	0.924773  
1633.000000     	0.924901  
1638.000000     	0.925029  
1641.000000     	0.925157  
1642.000000     	0.925413  
1643.000000     	0.925670  
1653.000000     	0.925798  
1654.000000     	0.925926  
1655.000000     	0.926054  
1656.000000     	0.926182  
1659.000000     	0.926310  
1666.000000     	0.926439  
1669.000000     	0.926823  
1670.000000     	0.926951  
1672.000000     	0.927079  
1673.000000     	0.927207  
1674.000000     	0.927336  
1680.000000     	0.927464  
1683.000000     	0.927720  
1687.000000     	0.928105  
1691.000000     	0.928233  
1692.000000     	0.928361  
1695.000000     	0.928489  
1701.000000     	0.928745  
1703.000000     	0.928874  
1704.000000     	0.929002  
1705.000000     	0.929258  
1708.000000     	0.929386  
1710.000000     	0.929514  
1721.000000     	0.929642  
1722.000000     	0.929899  
1725.000000     	0.930027  
1733.000000     	0.930155  
1734.000000     	0.930283  
1737.000000     	0.930411  
1739.000000     	0.930540  
1745.000000     	0.930668  
1746.000000     	0.930924  
1748.000000     	0.931052  
1752.000000     	0.931308  
1755.000000     	0.931437  
1757.000000     	0.931565  
1769.000000     	0.931693  
1772.000000     	0.931821  
1774.000000     	0.931949  
1777.000000     	0.932077  
1778.000000     	0.932206  
1779.000000     	0.932334  
1782.000000     	0.932462  
1793.000000     	0.932590  
1797.000000     	0.932718  
1800.000000     	0.932846  
1807.000000     	0.933103  
1808.000000     	0.933359  
1811.000000     	0.933487  
1812.000000     	0.933615  
1815.000000     	0.933743  
1816.000000     	0.933872  
1819.000000     	0.934000  
1822.000000     	0.934128  
1824.000000     	0.934256  
1825.000000     	0.934384  
1829.000000     	0.934641  
1831.000000     	0.934769  
1838.000000     	0.934897  
1839.000000     	0.935025  
1840.000000     	0.935153  
1847.000000     	0.935281  
1853.000000     	0.935409  
1855.000000     	0.935538  
1857.000000     	0.935666  
1858.000000     	0.935794  
1862.000000     	0.935922  
1869.000000     	0.936050  
1876.000000     	0.936307  
1885.000000     	0.936435  
1886.000000     	0.936563  
1888.000000     	0.936691  
1891.000000     	0.936819  
1893.000000     	0.936947  
1896.000000     	0.937075  
1899.000000     	0.937332  
1903.000000     	0.937460  
1909.000000     	0.937588  
1913.000000     	0.937716  
1914.000000     	0.937844  
1915.000000     	0.937973  
1923.000000     	0.938229  
1925.000000     	0.938357  
1927.000000     	0.938485  
1932.000000     	0.938613  
1947.000000     	0.938742  
1954.000000     	0.938870  
1957.000000     	0.938998  
1958.000000     	0.939254  
1960.000000     	0.939382  
1963.000000     	0.939510  
1966.000000     	0.939639  
1969.000000     	0.939767  
1975.000000     	0.939895  
1977.000000     	0.940023  
1981.000000     	0.940151  
1986.000000     	0.940279  
1993.000000     	0.940408  
1995.000000     	0.940536  
1996.000000     	0.940664  
1999.000000     	0.940792  
2016.000000     	0.940920  
2019.000000     	0.941048  
2032.000000     	0.941176  
2046.000000     	0.941305  
2048.000000     	0.941689  
2049.000000     	0.941817  
2053.000000     	0.941945  
2062.000000     	0.942074  
2068.000000     	0.942202  
2078.000000     	0.942330  
2094.000000     	0.942458  
2096.000000     	0.942586  
2099.000000     	0.942842  
2110.000000     	0.942971  
2114.000000     	0.943099  
2115.000000     	0.943227  
2120.000000     	0.943355  
2121.000000     	0.943483  
2144.000000     	0.943611  
2145.000000     	0.943740  
2147.000000     	0.943868  
2171.000000     	0.943996  
2172.000000     	0.944124  
2173.000000     	0.944252  
2189.000000     	0.944380  
2191.000000     	0.944509  
2195.000000     	0.944637  
2196.000000     	0.944765  
2198.000000     	0.944893  
2202.000000     	0.945021  
2206.000000     	0.945149  
2210.000000     	0.945277  
2213.000000     	0.945406  
2214.000000     	0.945534  
2217.000000     	0.945662  
2221.000000     	0.945790  
2223.000000     	0.945918  
2225.000000     	0.946046  
2229.000000     	0.946303  
2250.000000     	0.946431  
2273.000000     	0.946559  
2276.000000     	0.946687  
2278.000000     	0.946815  
2284.000000     	0.946943  
2285.000000     	0.947072  
2295.000000     	0.947328  
2296.000000     	0.947456  
2322.000000     	0.947584  
2337.000000     	0.947712  
2345.000000     	0.947841  
2350.000000     	0.947969  
2351.000000     	0.948097  
2365.000000     	0.948225  
2368.000000     	0.948353  
2389.000000     	0.948481  
2400.000000     	0.948610  
2401.000000     	0.948738  
2433.000000     	0.948866  
2438.000000     	0.948994  
2450.000000     	0.949122  
2456.000000     	0.949250  
2472.000000     	0.949378  
2480.000000     	0.949507  
2493.000000     	0.949635  
2494.000000     	0.949763  
2499.000000     	0.949891  
2506.000000     	0.950019  
2508.000000     	0.950147  
2519.000000     	0.950276  
2554.000000     	0.950404  
2566.000000     	0.950532  
2567.000000     	0.950660  
2575.000000     	0.950788  
2581.000000     	0.950916  
2583.000000     	0.951173  
2597.000000     	0.951301  
2607.000000     	0.951429  
2619.000000     	0.951557  
2628.000000     	0.951685  
2630.000000     	0.951813  
2649.000000     	0.951942  
2666.000000     	0.952070  
2670.000000     	0.952198  
2690.000000     	0.952326  
2710.000000     	0.952454  
2742.000000     	0.952582  
2748.000000     	0.952710  
2752.000000     	0.952839  
2756.000000     	0.952967  
2781.000000     	0.953095  
2838.000000     	0.953223  
2847.000000     	0.953351  
2869.000000     	0.953608  
2875.000000     	0.953736  
2879.000000     	0.953864  
2880.000000     	0.953992  
2886.000000     	0.954120  
2898.000000     	0.954248  
2902.000000     	0.954377  
2908.000000     	0.954505  
2934.000000     	0.954633  
2958.000000     	0.954761  
2990.000000     	0.954889  
2997.000000     	0.955017  
3012.000000     	0.955145  
3044.000000     	0.955274  
3053.000000     	0.955402  
3077.000000     	0.955530  
3078.000000     	0.955658  
3104.000000     	0.955786  
3107.000000     	0.955914  
3117.000000     	0.956171  
3125.000000     	0.956299  
3133.000000     	0.956427  
3140.000000     	0.956555  
3146.000000     	0.956683  
3160.000000     	0.956811  
3167.000000     	0.956940  
3173.000000     	0.957068  
3182.000000     	0.957196  
3183.000000     	0.957324  
3190.000000     	0.957452  
3199.000000     	0.957580  
3202.000000     	0.957709  
3203.000000     	0.957837  
3211.000000     	0.957965  
3217.000000     	0.958093  
3229.000000     	0.958221  
3232.000000     	0.958349  
3244.000000     	0.958478  
3251.000000     	0.958606  
3258.000000     	0.958734  
3276.000000     	0.958862  
3291.000000     	0.958990  
3292.000000     	0.959118  
3293.000000     	0.959246  
3309.000000     	0.959375  
3325.000000     	0.959503  
3332.000000     	0.959631  
3336.000000     	0.959759  
3343.000000     	0.959887  
3353.000000     	0.960015  
3355.000000     	0.960144  
3375.000000     	0.960272  
3393.000000     	0.960400  
3402.000000     	0.960528  
3407.000000     	0.960656  
3419.000000     	0.960784  
3445.000000     	0.960912  
3448.000000     	0.961041  
3455.000000     	0.961297  
3462.000000     	0.961425  
3474.000000     	0.961553  
3495.000000     	0.961681  
3510.000000     	0.961810  
3512.000000     	0.961938  
3527.000000     	0.962066  
3528.000000     	0.962194  
3529.000000     	0.962322  
3535.000000     	0.962450  
3565.000000     	0.962578  
3582.000000     	0.962707  
3586.000000     	0.962835  
3629.000000     	0.962963  
3656.000000     	0.963091  
3669.000000     	0.963347  
3673.000000     	0.963476  
3691.000000     	0.963604  
3704.000000     	0.963732  
3716.000000     	0.963860  
3732.000000     	0.963988  
3733.000000     	0.964116  
3743.000000     	0.964245  
3748.000000     	0.964373  
3758.000000     	0.964501  
3761.000000     	0.964629  
3769.000000     	0.964757  
3777.000000     	0.964885  
3782.000000     	0.965013  
3820.000000     	0.965142  
3823.000000     	0.965270  
3827.000000     	0.965398  
3851.000000     	0.965526  
3854.000000     	0.965654  
3864.000000     	0.965782  
3865.000000     	0.965911  
3869.000000     	0.966039  
3881.000000     	0.966167  
3890.000000     	0.966295  
3922.000000     	0.966423  
3929.000000     	0.966551  
3940.000000     	0.966679  
3969.000000     	0.966808  
3970.000000     	0.966936  
3988.000000     	0.967064  
3993.000000     	0.967192  
3996.000000     	0.967320  
3999.000000     	0.967577  
4002.000000     	0.967705  
4039.000000     	0.967833  
4074.000000     	0.967961  
4077.000000     	0.968089  
4080.000000     	0.968217  
4096.000000     	0.968346  
4099.000000     	0.968474  
4114.000000     	0.968602  
4119.000000     	0.968730  
4131.000000     	0.968986  
4135.000000     	0.969114  
4136.000000     	0.969243  
4145.000000     	0.969371  
4150.000000     	0.969499  
4158.000000     	0.969627  
4164.000000     	0.969755  
4170.000000     	0.969883  
4177.000000     	0.970012  
4181.000000     	0.970140  
4184.000000     	0.970268  
4196.000000     	0.970396  
4225.000000     	0.970524  
4243.000000     	0.970652  
4304.000000     	0.970780  
4333.000000     	0.970909  
4340.000000     	0.971037  
4415.000000     	0.971165  
4433.000000     	0.971293  
4437.000000     	0.971421  
4439.000000     	0.971549  
4479.000000     	0.971678  
4481.000000     	0.971806  
4523.000000     	0.971934  
4572.000000     	0.972062  
4607.000000     	0.972190  
4647.000000     	0.972318  
4650.000000     	0.972446  
4705.000000     	0.972575  
4755.000000     	0.972703  
4773.000000     	0.972831  
4779.000000     	0.972959  
4780.000000     	0.973087  
4792.000000     	0.973215  
4809.000000     	0.973344  
4814.000000     	0.973472  
4862.000000     	0.973600  
4868.000000     	0.973728  
4889.000000     	0.973856  
4948.000000     	0.973984  
4965.000000     	0.974113  
4982.000000     	0.974241  
5016.000000     	0.974369  
5028.000000     	0.974497  
5048.000000     	0.974625  
5079.000000     	0.974753  
5123.000000     	0.974881  
5142.000000     	0.975010  
5166.000000     	0.975138  
5179.000000     	0.975266  
5183.000000     	0.975394  
5224.000000     	0.975522  
5228.000000     	0.975650  
5267.000000     	0.975779  
5272.000000     	0.975907  
5362.000000     	0.976035  
5382.000000     	0.976163  
5441.000000     	0.976291  
5472.000000     	0.976419  
5513.000000     	0.976547  
5538.000000     	0.976676  
5555.000000     	0.976804  
5619.000000     	0.976932  
5628.000000     	0.977060  
5686.000000     	0.977188  
5693.000000     	0.977316  
5695.000000     	0.977445  
5774.000000     	0.977573  
5779.000000     	0.977701  
5815.000000     	0.977829  
5897.000000     	0.977957  
5956.000000     	0.978085  
6030.000000     	0.978214  
6045.000000     	0.978342  
6213.000000     	0.978470  
6279.000000     	0.978598  
6387.000000     	0.978726  
6504.000000     	0.978854  
6524.000000     	0.978982  
6548.000000     	0.979111  
6567.000000     	0.979239  
6626.000000     	0.979367  
6643.000000     	0.979495  
6710.000000     	0.979623  
6739.000000     	0.979751  
6836.000000     	0.979880  
6938.000000     	0.980008  
7011.000000     	0.980136  
7057.000000     	0.980264  
7142.000000     	0.980392  
7184.000000     	0.980520  
7282.000000     	0.980648  
7337.000000     	0.980777  
7355.000000     	0.980905  
7390.000000     	0.981033  
7429.000000     	0.981161  
7510.000000     	0.981289  
7531.000000     	0.981417  
7548.000000     	0.981546  
7554.000000     	0.981674  
7624.000000     	0.981802  
7751.000000     	0.981930  
7854.000000     	0.982058  
7959.000000     	0.982186  
7963.000000     	0.982314  
8026.000000     	0.982443  
8043.000000     	0.982571  
8136.000000     	0.982699  
8270.000000     	0.982827  
8377.000000     	0.982955  
8380.000000     	0.983083  
8433.000000     	0.983212  
8547.000000     	0.983340  
8565.000000     	0.983468  
8594.000000     	0.983596  
8671.000000     	0.983724  
8707.000000     	0.983852  
8753.000000     	0.983981  
8882.000000     	0.984109  
8969.000000     	0.984237  
8982.000000     	0.984365  
9003.000000     	0.984493  
9087.000000     	0.984621  
9172.000000     	0.984749  
9317.000000     	0.984878  
9371.000000     	0.985006  
9482.000000     	0.985262  
9504.000000     	0.985390  
9623.000000     	0.985518  
9639.000000     	0.985647  
9664.000000     	0.985775  
9729.000000     	0.985903  
9766.000000     	0.986031  
10060.000000    	0.986159  
10068.000000    	0.986287  
10082.000000    	0.986415  
10096.000000    	0.986544  
10134.000000    	0.986672  
10200.000000    	0.986800  
10231.000000    	0.986928  
10233.000000    	0.987056  
10283.000000    	0.987184  
10324.000000    	0.987313  
10438.000000    	0.987441  
10930.000000    	0.987569  
11444.000000    	0.987697  
11452.000000    	0.987825  
11597.000000    	0.987953  
11679.000000    	0.988082  
11719.000000    	0.988210  
11760.000000    	0.988338  
11824.000000    	0.988466  
12171.000000    	0.988594  
12588.000000    	0.988722  
12756.000000    	0.988850  
12775.000000    	0.988979  
12806.000000    	0.989107  
12807.000000    	0.989235  
12860.000000    	0.989363  
12917.000000    	0.989491  
12935.000000    	0.989619  
13112.000000    	0.989748  
13229.000000    	0.989876  
13288.000000    	0.990004  
13300.000000    	0.990132  
13502.000000    	0.990260  
13585.000000    	0.990388  
13644.000000    	0.990516  
13657.000000    	0.990645  
13668.000000    	0.990773  
13724.000000    	0.990901  
13864.000000    	0.991029  
13873.000000    	0.991157  
13899.000000    	0.991285  
13971.000000    	0.991414  
14081.000000    	0.991542  
14203.000000    	0.991670  
14261.000000    	0.991798  
14369.000000    	0.991926  
14465.000000    	0.992054  
14506.000000    	0.992182  
14509.000000    	0.992311  
14593.000000    	0.992439  
14605.000000    	0.992567  
14620.000000    	0.992695  
14702.000000    	0.992823  
14729.000000    	0.992951  
14783.000000    	0.993080  
14969.000000    	0.993208  
15032.000000    	0.993336  
15117.000000    	0.993464  
15264.000000    	0.993592  
15363.000000    	0.993720  
15376.000000    	0.993849  
15421.000000    	0.993977  
15422.000000    	0.994105  
15546.000000    	0.994233  
15599.000000    	0.994361  
15637.000000    	0.994489  
15646.000000    	0.994617  
15688.000000    	0.994746  
15743.000000    	0.994874  
15746.000000    	0.995002  
16322.000000    	0.995130  
16509.000000    	0.995258  
16724.000000    	0.995386  
16863.000000    	0.995515  
16892.000000    	0.995643  
17063.000000    	0.995771  
17351.000000    	0.995899  
17431.000000    	0.996027  
17604.000000    	0.996155  
17680.000000    	0.996283  
17700.000000    	0.996412  
17771.000000    	0.996540  
17819.000000    	0.996668  
17879.000000    	0.996796  
18032.000000    	0.996924  
18170.000000    	0.997052  
18191.000000    	0.997181  
18292.000000    	0.997309  
18298.000000    	0.997437  
18341.000000    	0.997565  
18471.000000    	0.997693  
18533.000000    	0.997821  
18859.000000    	0.997950  
19703.000000    	0.998078  
20778.000000    	0.998206  
20807.000000    	0.998334  
21006.000000    	0.998462  
21264.000000    	0.998590  
25053.000000    	0.998718  
25238.000000    	0.998847  
25247.000000    	0.998975  
27934.000000    	0.999103  
29102.000000    	0.999231  
29122.000000    	0.999359  
29159.000000    	0.999487  
53265.000000    	0.999616  
53478.000000    	0.999744  
53525.000000    	0.999872  
53601.000000    	1.000000  
53601.000000    	1.000000  
